298.95431589249,19.7312091078839,4.64913042581789,0.372710956834371,55.1266782534549,2134.99612661455,0.643059284331816,52.6763219308954
289.54537009213,98.0067145328633,3.36494030860781,0.32340763156696,131.009494271841,2493.47479205289,0.567558891394635,53.8978689059061
140.156121904373,54.5949863425589,0.775721468717245,0.364748808533594,51.8380888939991,1899.99595005451,0.764151296643106,40.2824089049389
128.809798707446,76.8699745845794,1.88486674357795,0.332956860327468,104.96175312033,2276.8132304058,0,0
336.208946490948,37.996983581152,9.84805892788125,0.341324116564671,134.045710900239,1848.73936312701,0.759286439536197,69.6399474281044
176.260759563933,67.6524689522756,9.83416134441115,0.304453161606349,60.536447232068,1839.70340648543,0.863294597904575,74.1526353585547
161.534098511183,78.8374751694204,3.27834123175178,0.342984397180297,60.5213784512494,2443.4884725421,0,0
175.507963873418,85.211695307498,4.19119305476433,0.351714483595197,47.7553635151594,2161.74672337905,0.549682405254806,52.2373177467921
346.197520911973,19.3770418101705,7.20431549738248,0.35478526479843,62.0835419170759,1616.86352909013,0.65587303995389,55.7715764560585
256.918792055701,43.648943839073,1.28949065846621,0.347497583535768,66.4541860639796,1927.76111765505,0.729309565285878,43.6895899286033
277.30930706475,97.8641702008105,5.89627603507878,0.30394591374084,42.6714803311182,1629.76893408408,0.545037816435158,54.4362621953899
177.124777011314,34.6349725983069,4.16285671065169,0.355326961041883,100.246579969097,2241.3476296116,0,0
309.052003454013,74.2029991186046,9.65640322133398,0.376781420405926,145.313296037406,2115.37220157189,0.541021188526667,67.1279359888711
374.456976549861,75.1618696214362,5.0318861648362,0.32795926588616,133.858790499432,1754.74849684017,0.579459419877278,52.3987339290803
176.245763196522,85.8157030408074,5.20022792111742,0.283458176687984,80.8138826548505,2013.25910509432,0,0
308.659211796679,55.0642969472554,0.828787333616737,0.352745806293049,75.7045802457744,2222.12423146414,0.540622093511534,42.1063211576413
142.496504945393,41.6473419060657,1.11509482327601,0.32876217560518,78.8279267728134,2302.8953344055,0,0
360.024120423309,82.5670077334477,3.64293043943517,0.369755267082378,121.858061648033,2100.58075830398,0.58585891333467,50.6033082290737
179.812057601688,90.493629786319,4.28777530811113,0.285222913919894,149.088501571182,1765.94322616698,0,0
177.824279757091,73.6638767350949,1.24494845131431,0.302137649339335,86.2750358704237,2392.30402989882,0.803685243161384,46.6005669674774
216.74222860486,56.0348225981598,1.62355942985125,0.299105768652366,49.539912830994,1808.55409500706,0.755726495633844,44.9606696287119
345.768666357773,79.6320429528537,0.982322367498214,0.312284322223627,82.2339508455054,1832.9505180329,0.557476223129666,42.3025128781846
184.468007553462,17.2952074075876,3.0854458000033,0.307411506011867,126.178869879923,2416.0499299293,0,0
204.249573017872,39.9585356396826,7.16461137791196,0.359231940154087,98.1565905907194,2397.36677049525,0.740688465468238,62.3981637731311
284.123379797313,51.7188101999747,0.777013188164066,0.283949602041756,54.6514174424712,1806.32112319288,0.526545202976364,41.4475298560278
337.537284723893,7.42237434792547,3.29555315032405,0.365886019909902,41.4568035127537,1720.7190351676,0.683985794777269,46.7831380870241
262.3814716799,23.6517298019915,0.606260269360106,0.374108278164336,120.224912061107,1667.99068447764,0.799122211332353,37.8229474960886
249.363374625279,98.8705256532081,1.65004492071435,0.332646041494908,110.624070342574,2414.78157398857,0.552361201509567,47.9184435015289
117.274148104915,66.6659479463664,8.29342261787604,0.370778444062747,48.2067443592947,2415.68013628873,0,0
181.653373749072,99.1843154451663,8.30247704263614,0.298693286456766,54.19273266279,2160.98697152433,0.848499465233316,69.7090790668478
263.540209129622,50.1042977258899,5.24060679195848,0.29087625032889,74.63939461384,1797.82060659668,0.747048045958053,55.1312873871053
227.666523344566,26.4491895328384,4.84780687295448,0.299187496784595,105.538289880891,2349.8600218568,0.769467277624209,58.1038124932209
109.35161214493,22.1954733386655,7.26067652627379,0.310879020403837,133.982664833035,2126.27701629799,0,0
282.564754748128,72.9071852858723,2.84205672024803,0.33774325188711,58.5607961193071,1742.45556371925,0.522549141322627,46.8145449289253
253.029247388344,90.5731554430918,7.54223192844078,0.367353850781184,114.921447500675,2073.76790955995,0.554809237431671,60.242205962478
233.250085910101,62.1809700768766,3.62329837868764,0.322508502719384,67.0670664153113,2222.65780552085,0.526026050031631,52.4743781816119
382.824959382366,53.2360770995351,3.17776217094204,0.351349127280293,83.282319236559,2056.601679049,0.51368229995693,49.6355261669422
100.935122623651,10.0634166160276,2.28334633900178,0.350536292408295,80.7797429274458,2188.63118633633,0,0
295.803188848193,38.8473031177793,2.0719905471814,0.327674978637393,109.634556538438,1998.06257772615,0.70977803808248,47.0362531530739
156.984265384367,86.7077848736543,5.50225931794658,0.293077636707671,75.6778009463755,1746.79886528223,0,0
272.593872211874,47.3908654319897,6.32433475003453,0.366097564783366,75.3474469344357,1947.6660543525,0.745116917725106,55.6385919775816
111.538693395151,31.3836680730445,2.89950937996867,0.352784969122734,89.7983668362009,2014.18760445072,0,0
316.708594479892,70.7015377320593,5.09120948272729,0.291823225281097,106.673494379031,1851.96763680765,0.525128718022821,55.2442101480069
337.633619480005,26.2997338272685,2.89407187731166,0.359594262266124,49.4626630983207,2381.29424330804,0.698877271113372,50.7004345691272
377.006390026255,97.4111790555472,9.29739941373705,0.336874077092301,47.0046567111454,2177.20361850681,0.743532375187907,69.2508116236481
286.444481068742,8.91935819749139,7.24894279392063,0.30324067630027,94.3088556835654,1783.40586594022,0.758292515259888,61.8719943737187
336.022457143982,59.5203321961646,3.44160527804044,0.379668219358568,120.961818391184,2185.93039115918,0.518516898894671,50.4790266101495
307.123981837734,52.6808351681288,6.65620350644919,0.365415980115877,125.379652318858,1871.08465192512,0.516602575032564,55.9715500245463
357.226674855964,37.2437451276717,9.12052735579977,0.348633869187363,148.048168873149,1920.15203300105,0.530840951723571,66.2992531562403
386.845099084786,73.3882970566413,2.03256123829487,0.349994195649103,123.570676780062,2245.71167613337,0.590179443909678,47.9441457366505
193.081932804371,94.8980062921082,7.98296148523403,0.36993184060681,144.534748837923,1987.57815467324,0.574423067861826,60.7332050686288
130.796819086006,39.7007367570745,7.58327228562473,0.362348461729711,129.648573140767,2221.02031899151,0,0
196.229145919816,21.5423933190918,5.81889568038121,0.345859101140388,94.2666277564652,2250.59835491024,0.787844734808146,57.7860349362629
307.550603913076,32.4559737391064,7.00992848717991,0.280945747052857,78.0913407007534,1743.95894758823,0.712705603397647,62.7007871671778
265.958538799737,11.7410233481015,7.58992731155135,0.346375820862925,64.2225573053641,2455.09083688713,0.731177042839554,64.6789757334069
163.674120421917,8.99175356078521,2.339630396259,0.280465682806793,116.088887972592,1894.81173797607,0,0
290.43537938919,22.2104994041876,9.82430864235988,0.312147684511266,61.3262877970172,2068.76261444638,0.7684995042272,74.8634853175337
305.59290609015,65.4632056968451,3.67748900553886,0.350458347543696,146.321763067052,1917.94776533128,0.522169064187856,49.7626268831498
168.781871585169,72.2757247058417,6.26359634446586,0.285505629175917,116.684674982257,2433.32558836651,0,0
286.65667424696,56.1895171587397,4.54288549055835,0.334576480844141,67.4311888880346,2466.28909076325,0.520966555137725,56.3427049399097
376.23634982835,76.9936101327895,4.69906184651362,0.316806841570119,125.568342854521,1737.56891420135,0.578721517037421,51.8171066290044
256.034499242936,10.6608400924624,7.42464986852261,0.285063899299512,122.830138158179,2418.2574006216,0.805120052343723,70.5924931262414
243.246960273641,15.3197577564497,6.13498734101899,0.365292107304932,87.5967682603562,2478.66482079883,0.763144451780905,59.6355302233072
375.413189220412,25.3966457664379,6.69578900158348,0.331908343687956,92.6077994046216,2461.09866853182,0.714503491242887,63.0885689249962
162.892660639576,49.1136488358438,9.27569997505551,0.357492974490311,69.1892181551681,1818.25021473352,0,0
150.67785815462,37.4122529811171,6.22675567325324,0.361427425835357,103.370741722959,1706.50714813068,0.790542131162304,53.5479063989228
292.55271607472,38.528109164325,7.77864424926367,0.280358407689121,80.2149981407204,2159.48363415491,0.742642556351176,70.31526711556
104.4381051442,94.9633848115187,3.81232189781904,0.354478157039721,77.6948166998078,2212.78474640124,0,0
146.052887837578,33.836084355808,6.85810037347286,0.280656994546761,87.5271567582249,2312.68402263926,0,0
387.470292724216,41.7644879932095,2.34035442268575,0.309360332339309,110.967489455508,2139.71676210608,0.509362849673758,49.0701178307066
117.541673085743,30.6559269236227,5.85740838122082,0.357922930483354,57.9715382179198,1661.70301585477,0,0
189.924489344176,80.7898176941127,1.29757437032334,0.297838988714509,138.938866728823,2032.56899334624,0,0
297.899106954015,4.94015405552929,1.99637334460752,0.347851942857452,137.336797854435,2307.97521567474,0.742058693453723,48.2422411109259
300.990233198833,59.9884015311062,0.698276602139242,0.354193462577963,122.871116213518,1985.97330313778,0.551295519468833,40.111198544629
134.435899409793,22.5911756089649,9.5878444558589,0.37869621889252,75.2092096827383,2317.35355447389,0,0
151.796450124593,95.0962503575592,2.27111064954254,0.285773804880068,112.806687898837,1896.80853525581,0.829534493856505,47.6537429545429
296.873692975563,6.105775926638,7.93874304766227,0.349067033175173,93.9322367921069,2155.43463862878,0.748991927628179,63.6017273752098
190.264300072079,37.2468276371579,4.29062020178791,0.31272274199885,119.950022568409,2149.64803253564,0,0
329.909583127451,48.9204629978407,9.87608134394054,0.321006935677554,126.25680773338,2143.50061542944,0.532109357611457,75.2021393366376
305.353578063923,6.42625239229312,0.998989063832277,0.314775129626131,47.0334589851492,1793.28406287246,0.741736968858664,42.1408000890236
379.440109445184,17.667804432059,3.04074777318336,0.288164643358651,120.968927015926,2029.3940328872,0.664364502335101,50.7392396503084
284.030863735881,80.0434549705439,3.34588844470551,0.291967792852032,99.1258570347166,2075.74771518179,0.533787242976765,51.7864873707454
284.563682718269,19.7824285525494,7.59376257147022,0.29191407993837,49.8253703836364,2483.03427584851,0.734013056845178,69.7161314163901
137.546503505706,12.1392573162743,9.86453916945224,0.32830463282301,95.3584185231834,2188.76294383861,0,0
341.412801121729,81.2797640122524,2.72457776647482,0.367648163628171,42.3189817404987,2398.57981416111,0.550642303558181,50.0659156034721
242.481651119201,56.4880077874037,1.06251351318113,0.300040122037213,92.6806461945282,2069.00604692712,0.773285469252831,44.0965893555533
182.880758058546,46.3419267984334,4.33693611654006,0.339194305260051,91.3745081623171,2297.52233425592,0,0
267.361706645911,57.8891201015312,9.06564246744324,0.336475111644054,123.874932558007,2290.84209651263,0.547921266459405,70.6769163812104
205.994479854557,87.5081544630701,6.9400863222522,0.366922167779003,116.505267777388,2267.45556284456,0,0
223.931571915608,45.7017933994562,3.76330599061727,0.311208043841941,132.296718945085,1899.40045183451,0.718890224977553,50.7826289065668
155.594586640461,55.4306815112452,6.07379442127906,0.339974344125112,111.329409265261,1632.59659031172,0,0
397.077640649741,81.423920226355,3.27313954948788,0.375690947379163,102.784470161949,1625.45062726077,0.695321730651686,46.1962063094955
366.108844924101,12.6931684036128,7.84750152680051,0.319747647475096,119.270002692012,1637.25939781412,0.67738815990033,61.4591019909337
112.378891851211,17.927537745487,8.33014274439316,0.324687778878959,96.5818703678622,1829.7655089607,0,0
215.584566184944,11.1593737477403,1.53841396358466,0.320666763671248,121.111202769676,1779.06179877347,0.71916083260194,44.2723686146093
102.929037744821,81.0547626468491,8.55088649716302,0.311360162247955,40.2536205056323,1807.39423999079,0,0
259.600027211154,21.7575487962015,2.55798686714324,0.286734329993691,76.0472203888928,2388.00873223183,0.724362741851325,51.9332460168236
223.832998574736,72.0121606949833,3.6341955507718,0.368212487264872,83.8309038108421,2307.19703487338,0.536357037874863,52.0825417051747
266.2043761046,10.9097551647158,9.74113959591894,0.331390792142807,53.0590474657955,1832.61485847895,0.739847856165947,69.2689691408289
136.743446817701,70.7521462891593,4.36482999762707,0.286046648962587,72.2822263757312,1744.02330428844,0,0
350.38922374261,60.8245232478343,6.63751651423654,0.310847639063025,62.0818543694444,1711.06913970805,0.516531026754933,57.8009443214795
293.991444593284,93.6891864299445,1.60487769524345,0.315288077098085,96.4435228966937,1915.81522915858,0.555346287974987,45.3393385199217
282.0730382501,21.3346578521542,1.63381045619698,0.284823073742217,79.5965871684057,2007.12945953501,0.741282851112673,46.5808372360189
228.804748191436,48.2654120695902,1.73712833885221,0.285599344902702,86.0568573384419,1653.09112921319,0.716595113685631,44.5544118400988
229.060740823618,70.1447113597408,6.99130394196703,0.314382139379501,100.688286832902,1722.29298363121,0.542481564503672,59.2644049365066
219.229572671523,58.9919189781933,3.70643784640143,0.305317935595264,110.32737638485,1719.65215968166,0.753558266254672,49.4802480160079
150.605755545967,36.5354465152407,6.14867994719752,0.29675271594038,64.0036940910244,1758.16753314898,0,0
357.321573916748,39.4761993814674,1.52553091852585,0.373445901378079,63.553360889496,2446.27712180588,0.758184403383089,46.7464166391367
285.844604943909,77.0203639465811,6.0681981565111,0.280456273048405,62.3080300581766,1662.16758688706,0.53129359264695,57.7765022017201
243.397423388317,67.2695573145888,6.548933307962,0.3029015423295,84.1221406929385,2463.81064878463,0.544562956502486,64.8294658848428
166.08778536707,61.8625351971569,9.26386586244237,0.351950527405614,140.200086247813,2112.5092688898,0,0
364.696737790436,92.1320399835682,5.17712298298803,0.309331235042851,126.796605414509,2499.40357925418,0.720295473952681,59.9931102956748
255.362818624812,85.689727770796,3.55578497774998,0.313651469193625,64.9513802559877,1857.10646790189,0.534319517356089,49.8556968466866
236.860549684353,22.7847379943208,5.59153658591313,0.340029822980212,92.8440165081774,2123.78688193579,0.735282049715931,56.4483876013288
250.692678886893,66.111898387024,2.94655245480324,0.377470307223568,85.4453519295993,2360.50608998407,0.528621559502691,50.6639747752504
197.652396037092,83.4819935449399,6.56151917672515,0.335360788274607,142.872065015277,2065.7611414026,0,0
365.274894861216,77.9024609406786,7.8921883737762,0.366475912958105,125.383914415105,2370.02106872323,0.549645486550726,64.1366039189435
204.464502097699,92.5906856247669,7.03401300218758,0.304687771818057,121.248043242645,2252.1722128284,0,0
372.978830584588,40.9527388276392,8.78826090654869,0.314872904602324,55.3668519393348,1837.49634814576,0.511676881239783,67.1093347408615
173.530898774774,14.0695400293336,7.38785598107439,0.354920896128319,129.024428917158,1792.37788384953,0,0
261.422153023886,24.5217438680825,9.02619790235937,0.294968639166116,76.4018564775672,2254.88314661327,0.796213882312714,75.3156966694499
354.270359563254,29.1250945901795,3.07403930437583,0.348444217048865,138.669305740057,2093.68666270851,0.69628613819385,49.6515998491386
260.614117352814,23.1698298597781,8.03635468011884,0.31989199628381,67.4999091825391,1865.50827839895,0.759249013876906,63.8162817954353
270.90215181264,79.0058113695225,5.23073055800633,0.332697530032902,100.98413224083,2067.86211177269,0.534498533340831,55.2421747463944
100.12999352635,65.7721338711296,3.86735138621865,0.323460610875079,101.514046118514,1700.31000014448,0,0
277.898874896017,21.6703326022838,8.70223513095689,0.375448319299701,54.952982758745,2474.89399406599,0.75249276616139,66.0158467131566
368.124412642707,87.8938057669768,7.84699807339989,0.317126331427854,112.616542341523,1652.91106180679,0.630779962396153,61.8609236560234
260.300741851553,90.1946910397748,2.57943667594182,0.377836076624834,54.6251745575454,2103.51976275177,0.539456494737995,47.9712153065016
324.656903672983,39.6234590290365,7.5413438965236,0.339288112959015,85.365207193827,1709.90611825097,0.523864361127337,59.0730223359025
186.314673311366,20.0469799733862,6.87565717855572,0.36198330777549,68.431110218366,2230.72605638997,0.814133058011864,59.6451065657638
243.445813808125,67.1076535795311,1.00564385288145,0.288052248612609,68.9979880545813,1752.3233691859,0.529847969499207,42.5534585965265
123.490478152662,76.990019381992,2.60358470807322,0.315412614933621,86.2513425706145,2389.70741855803,0,0
323.054364518695,99.2310050373884,0.96387539744208,0.340608302821282,89.0113418052103,2064.38039591872,0.65385630492369,42.6948990402292
147.438520028367,61.6666353802431,4.54628180337724,0.287180876048234,68.9941209064393,1855.36319136559,0,0
287.4397177705,52.5247305524775,2.84916707743899,0.358149604812591,85.3792282002385,1925.79030502277,0.514228395570055,47.8470048454382
275.669536267333,22.054179591936,8.84816257259953,0.321998976395198,93.6614094313747,2187.23266283994,0.754360787700482,70.1949159936794
202.681460943629,74.6044263531869,8.40344281139684,0.297546899399586,59.1918664376409,2378.91115412379,0.861708298713977,72.3988389164263
234.918989575797,89.6806153868757,5.13247564433878,0.358527326125689,148.780520757319,2228.91230443294,0.554331428078916,55.5105628421658
107.91820978488,73.4905846503902,3.95912390289786,0.32380026659035,83.1881161277299,1987.51178080567,0,0
111.803528119257,11.0378883950384,2.51567450163488,0.296688425770821,118.247925428623,2087.25648576717,0,0
396.995321709353,27.0485227176879,6.16940843074356,0.3286623418823,62.9383716791224,2156.84168040839,0.697398274346294,58.6983714996893
119.947204660871,91.1471472669642,5.8106745225581,0.324083925523951,147.739067944841,1732.41745936672,0,0
345.905961056596,9.19058342256341,1.39952411167408,0.315178354705149,148.51824613406,1674.18991753356,0.699334247262975,43.3285564574873
133.889173985066,91.2350035909574,7.99904461748735,0.280289815071954,113.10934982658,1731.86546388144,0,0
172.59071970178,56.1790939464756,9.32328633161014,0.303430423411099,144.218056732098,1772.82034161189,0,0
108.182552600859,6.07051453196776,9.22698039442787,0.31018838678302,84.0648438914894,2382.37898414043,0,0
176.100401126406,43.5886393242204,9.19253463456311,0.303610831769922,126.133588499119,2175.50061335654,0,0
220.653349319422,26.4546579692733,8.51779106987596,0.32334238989004,53.3564356018695,1631.76032196765,0.758852370413728,63.052785493117
332.446334025762,44.13036612725,4.97588006471829,0.373300627817732,112.832050720244,2271.1902964754,0.51413138812804,54.8120558393141
117.914088850013,40.8519839979843,4.93638781360411,0.300950849026247,105.275508387065,2010.31952833803,0,0
119.862762114124,76.0235895101322,2.00046610961218,0.37037433697594,85.8224333225085,2470.87291444517,0,0
128.427275953178,29.7875887178012,5.94257240582925,0.335100310921975,146.891092638933,2102.88834842433,0,0
387.549763923991,46.4265187939546,8.29180373014315,0.302397167668781,100.616626284712,2104.72037911026,0.519193364057778,69.5973079687477
262.956928851674,22.4564568689664,2.51534986700446,0.291159718481436,89.1981840203142,2315.03106436929,0.740652983944247,51.132274799295
186.149707649541,75.7283027294227,8.41962850186813,0.34509111967241,69.1006907669139,2225.79154375974,0.843347975443524,65.9483535160051
264.938869605367,26.1967285682115,2.8375559795021,0.343427543501891,134.400853918577,2167.9513596295,0.673962148835123,49.72254107988
107.00408824161,58.1641326162758,5.23486773454326,0.33279810990608,130.028579516874,2264.99933147685,0,0
174.042443292484,45.6631705596579,2.78076125585173,0.307149369507306,82.1009492697232,2111.20807819247,0.749967112792276,50.0091594818224
268.682228066844,44.8461526704073,8.15590544250508,0.281094779748948,92.6918321741018,2165.47713404209,0.759888299207805,72.3659867454395
132.722406242075,71.2714792353661,1.98224506740443,0.358362768868353,65.7780039281845,1833.38727366974,0,0
381.854706585088,83.4897889097958,5.95200171038914,0.327382414869181,40.5289814378011,1952.62728042547,0.681734804209803,55.7138894307852
110.242382936181,35.9666323318909,9.49406859045848,0.356474242050993,139.896361015901,2402.84797775008,0,0
394.638132782844,95.1012057268028,7.96906895159642,0.369780643122681,46.3162736454158,2102.87039476825,0.728883632988632,60.7366917887849
217.022547614653,38.744150493099,1.6930887458381,0.314937495798401,147.591660005961,2197.13684528606,0,0
255.456163853284,30.8825685253113,9.90277192996986,0.280200407840079,90.0923515737479,2018.97353547751,0.73494625239969,81.6988910881833
134.164052934094,37.952434676658,9.50676129212238,0.340382315327748,52.7101691550517,1999.67617236062,0,0
277.028856988558,88.3085532396511,8.34609211335064,0.306536356817676,86.5978363884104,1705.25062786951,0.553531925730036,65.5221614518793
315.810958797211,31.9295919293807,5.75922988141833,0.350487113723978,117.696939322788,2399.54523124102,0.712033596905321,58.8657686722428
353.278219033881,8.38457366118742,0.749959218123645,0.292471727347818,95.4361578584068,2205.01565577118,0.771836657124212,42.6721006197414
321.673536310456,69.8076345155569,9.09857945238987,0.377683033006306,135.261091509096,1996.42660285522,0.534134537584751,64.0735899557015
247.834463730897,76.8488392641533,3.18769271443624,0.346190319866276,96.5584978963119,2007.42499714464,0.538517267620671,49.3331016855164
126.030593106171,15.8603550974683,9.24740145201581,0.284909830375665,103.322297044333,2490.04159912741,0,0
351.92811314392,58.7347069855599,3.32049243573859,0.325672855280637,136.722382240126,1766.53562407046,0.511980801524539,48.2828306877233
342.254399362097,76.2891986811622,6.78670030934852,0.284608249535425,51.4563646515569,1958.22952863313,0.524066660731477,62.641977781759
242.06063886037,29.2852015326656,5.16712640993897,0.35710089882222,92.6707599717191,2119.12458057199,0.688153918246362,54.4783750461138
248.320477073799,25.1310341421863,3.59229681536414,0.375220546456187,116.315057427375,1735.59377917736,0.652189704985093,47.6404678955556
187.568570058818,37.0153045282173,3.59416071887424,0.354910356897023,141.761682857661,2178.81581118462,0,0
397.965601156918,12.1176500081063,3.94640751719683,0.280953226501282,130.721301802064,2068.90848334702,0.674394429920916,53.96925334116
350.047293871292,72.4887422693232,5.83344631703983,0.330553848244852,98.1688707554864,1772.93056108178,0.521120784832509,54.6709813930031
302.845855746014,30.4007374395235,1.78688569505198,0.351959219013104,55.7264109174901,2300.52085641898,0.703690377372407,47.3642644043841
285.185720894486,59.9827272387849,5.73215085548809,0.324257088682094,141.551510711211,2385.20026148643,0.52868964982773,59.8874924834093
223.433521856219,29.5197299615984,8.2076178728347,0.315346226997638,147.049342981531,1848.25461407138,0.780913882993246,65.3574297840513
341.881944538696,69.6623824136832,2.79199604162964,0.289498986976889,41.453287492855,2062.01614478713,0.517275785607133,49.7173622319722
332.661306308838,46.6823689411359,6.42364509340076,0.311716090607115,137.956996648912,1721.44308958911,0.513620029762914,57.4322855271774
114.095050441112,71.4797242279948,4.83795552284414,0.305146607302156,94.5993651894769,2320.86138877362,0,0
142.192966074394,98.0147018202566,6.28083481628844,0.375645434272765,127.432474962943,2320.55591603065,0,0
110.879755507131,37.4048408934784,1.70031792164526,0.310468183525427,113.773106818873,2177.90696586216,0,0
135.24423526696,60.0948204170171,9.33238493471431,0.285900495313128,143.587608422028,1781.35440155015,0,0
134.91009988389,80.5185152599205,6.5936203788676,0.321293684067217,61.581927668923,2109.09912277955,0,0
317.195634881509,73.9694732998319,8.11655639335657,0.290218404218827,107.86319277698,1672.46756091845,0.538236660085808,66.5098416277956
331.022789158585,14.8702265557259,5.05930893431073,0.331685576134252,113.561845960336,1694.53401654268,0.691176820233075,51.6712930757954
327.83077459972,68.6179455093446,2.74066466449439,0.368945951291532,61.5535661998341,1756.19257024468,0.518859244251054,46.1380815788842
290.334339149149,22.907632773953,7.72338522194431,0.334684068259265,131.908615524999,2479.87860987793,0.689462840815601,66.9551691130383
104.026837826897,86.0850893024383,8.95693987497146,0.343965622274766,45.2919101426459,2437.99934899137,0,0
350.103110047192,40.3574736511288,1.30279535494479,0.362498389874052,149.310550076171,1820.57260883236,0.515330148082025,42.9146625924731
318.685947148916,29.3497875340102,9.74151418040223,0.340929986937728,41.9983116084116,1830.16245677723,0.715832180482567,67.4813392487527
314.351959736865,62.1921991953169,9.19990573630797,0.29689360433511,64.1423174617349,1738.26119704271,0.54399252685911,71.3099960671995
326.811423693747,85.6686146936201,3.54709809373621,0.322439754795938,85.2333734361265,2487.39287416471,0.550937891704708,54.4211089538855
297.768734064885,60.0134266058401,6.73820240736472,0.290638600943701,54.9690702179753,2031.37779221429,0.527363786939666,62.5409277544126
277.842666993466,69.7508107984645,9.71066450028666,0.282272724353925,134.166223380481,1720.07855867312,0.56582633876403,77.9207595725015
207.94481057489,80.8017965672338,2.86206526569431,0.317367419227254,99.7257849273607,2000.9788403184,0.5404802504655,49.2291700652
376.860423787112,66.4057360412256,8.45979148126974,0.297363481885828,76.9307448583557,2120.19041417646,0.534355352822847,70.9031062402944
184.385656279243,92.5515832757884,5.27483029695678,0.363777719098808,49.6986909461206,1983.05917525045,0.551020560419427,52.9771896774219
344.400086255323,36.1545442798328,4.50630069414889,0.374660560952337,125.038866196202,2324.30334349471,0.727614133628411,54.1033697135011
329.970935208399,34.2479232308082,2.6802880889035,0.367463500142989,99.7765984749974,2126.73458166435,0.70495474925958,48.6877935864539
120.141718933921,57.7292789596097,4.34731722259444,0.338859657306482,143.189242617655,1833.23191405489,0,0
103.979458465238,7.99094646642019,4.44752498927002,0.317155776972652,51.6211043407126,1911.36564100992,0,0
124.707277597589,71.5501649451625,7.81822147613494,0.335244607848613,138.61785903715,1911.63637089784,0,0
392.233564826686,63.8323207714815,5.74359964300713,0.354648641904541,64.5758037582185,1939.19073659305,0.513480920457678,54.4468063565796
159.756146733202,49.0515703772908,2.91973347263744,0.368260741922319,144.021474100416,1769.0612484372,0.748842197902424,46.6182550605994
209.742861637335,12.0523835578995,2.10179014056741,0.313693100885464,115.341751992224,1750.86806045695,0.729642285849421,45.6970664182156
219.14835800166,85.6862052074478,2.50348477079145,0.313521810025948,90.6881349002602,2258.66519354984,0.552074793524713,50.1446310559291
173.09770954167,91.0423416409344,1.89513995687973,0.336281981192241,132.580849567306,2242.58808296114,0,0
396.420954071005,57.9787126556285,6.18656446908179,0.372184681520713,85.6503238654439,1649.41541120408,0.513253959786227,52.5330962747123
129.880828914143,97.071586137402,9.04291066560916,0.327398867776852,142.815269453911,2123.7246489583,0,0
282.722455936743,64.9833623300477,2.73493370119584,0.327637082502451,85.7650975030583,1862.71368901433,0.524312425493656,47.7299848072845
187.104390089688,81.3391283074536,4.10460984144425,0.351588470459597,57.7099008485295,2480.36140272413,0.549646975751625,54.5700671417157
231.066846922187,76.7547416046575,6.69729508343836,0.340440713734864,118.684221997199,1708.82597235671,0.543583910859132,56.2232520991426
294.741969293933,8.9508158100946,1.39548476376027,0.366744525800797,56.4544484625233,1892.79992928116,0.722901024064797,43.5721748914127
245.611637168257,16.5760704012041,6.44929311894597,0.343170553056424,62.1746949135955,2231.24522412934,0.749214235500969,59.3473309484704
371.400757067053,69.9692131393737,3.24212292961737,0.287999789085359,138.609631709997,1921.70325505197,0.516114992895285,50.3500743739537
130.060236775827,30.5582186900922,6.43731117470575,0.35860387701132,51.5521844059537,2344.35615686704,0,0
393.205266203718,79.5473543310249,9.02807824338746,0.374762400553297,61.5260682040621,1754.21348832987,0.614654047681625,61.2706516177846
177.373334986159,95.7478254253849,9.30951344666156,0.333178555725872,138.677925218807,1647.51916940929,0,0
383.183368054651,82.1930945994937,3.25186950377389,0.301357472191372,48.7981983376653,1805.8682044925,0.604495678803931,48.8541959000874
272.854759774118,23.4821263733341,1.18126965300321,0.379966286112384,83.8708510449506,1614.686093563,0.751669631629558,41.1554411436704
157.482310915866,20.4719087897369,0.737159263792889,0.306275357757001,115.471090535022,2297.32874125672,0.84382824156072,42.5748624080681
282.011589964273,40.9258271749868,1.16463137377213,0.35596030392226,147.139420488645,1623.68338518498,0.721168037102682,41.5871353179776
251.996892790559,48.674734611179,7.95283507170512,0.286033160116453,87.9568408821608,2346.06885648202,0.768510824609206,72.1247403343871
126.105649265217,56.9366908417784,8.23553450865512,0.283281811309426,123.584348969484,2090.37211984926,0,0
382.465552136303,29.8469509524967,4.45216237703846,0.341273382977147,66.5285732442778,2342.39117741058,0.695536438926564,54.9175695394593
271.826690079728,34.6330631699852,7.8595170857533,0.349034024148662,98.0698464915518,2269.69610229984,0.748745428009049,64.3376564439829
316.139178643753,44.9384995916123,9.41456785581902,0.31978429838072,98.8705616094704,1833.07304139764,0.764084285319981,70.1732164403695
198.42471527462,54.8916404754158,3.50756903402971,0.313333779709225,97.7739072875785,2402.57967884677,0,0
220.124131838241,90.889550034666,7.63248795359988,0.317260423617215,89.4009940771635,2132.92334475262,0.575779100544977,64.9832274086886
229.794413110145,51.7604144912769,7.24418011226234,0.332524872251236,148.416971185605,2325.04056729706,0.764788258831991,64.1547417431059
154.174483813426,32.3079806712469,6.88991535042482,0.348956366273639,52.7444814239084,2044.39586326546,0.786606404207973,58.5330585230631
116.873351691022,87.8613569762649,8.90414671468326,0.282203023970422,89.1792636902146,2450.9591631875,0,0
153.957824289842,39.082655385762,7.27400342952057,0.311317579656163,94.2996091608966,2159.69022395866,0,0
398.460706046779,71.3337514716683,8.63544526636507,0.347414154847516,138.492120470716,2291.35484242149,0.548651457912458,67.7789344730673
168.063510496596,23.3862127348605,4.20231183339826,0.336946553783829,62.3657736132593,2115.52358230611,0,0
189.080646182005,4.39652510625913,4.17546466999138,0.304163948383551,131.464159285639,2063.9363090853,0,0
182.985094408642,97.3290440879021,8.96133925533897,0.311259434569728,91.7012046236205,1731.24894953874,0.663523309384966,68.104909107932
378.780796069528,90.620957499428,0.995160931321257,0.301332746884408,50.9355374143415,1700.08527771799,0.737873572742108,41.9263011115563
274.596450241883,82.1738682645959,9.03119458766167,0.291295546343577,75.2352184857877,1957.47662034582,0.557868415335399,73.3619569025235
309.012391342068,16.2613999065954,4.82178317852224,0.355171429782561,54.5298994112978,2464.35877816414,0.693413329367225,56.0123487204365
356.463832801626,50.9378855647987,2.05265656919779,0.37958070158287,123.335214418529,2178.05049539071,0.521694150268912,47.0851485030101
309.290724346702,77.8412946040713,3.8419959200151,0.340532263948792,71.7917310139685,2477.27314460387,0.532137107764311,54.3987889596419
147.884626936498,88.3519467695131,3.20081790466145,0.294259239522115,109.448590168145,2395.64348222397,0,0
368.371603828539,82.4615587251164,4.57159850885262,0.350693295534424,130.574305729456,2405.12851791171,0.593793224680036,55.7483858087438
233.970757080251,78.2611291050932,7.89545806908207,0.308074989974905,53.3942432807441,2048.88713647142,0.549544311685056,65.7322805468114
282.357263783569,83.3765331461487,0.556159856411741,0.348163170002767,88.6957901527837,2317.29514423593,0.589502270390264,39.6630890421207
310.716445408055,13.5200620918359,4.34447089459039,0.320492610236079,41.8096075342675,1955.63644942934,0.662311682144999,51.8378706065479
337.270833782744,6.3293299816385,0.939698404707753,0.326591352740613,102.514168064989,2207.05008056736,0.77294948643387,43.4024220706429
356.033210027116,67.3154181554484,1.36984581929176,0.28154459621757,54.1977619430983,1600.05072972635,0.518557266663244,43.251888577646
246.654896735034,38.1720973556573,2.31221351602532,0.282451328170394,71.7795214740706,2370.92252142845,0.715170215367671,51.0863799518901
362.487036652547,37.0032441669652,5.17340244254026,0.36503583788964,116.668571862104,1791.25999911812,0.506795541772361,51.5178006526306
197.117921719161,35.0401692889639,0.513526055197989,0.349260156474988,117.356978271659,1990.99225643137,0.863199483790559,38.1654059357946
364.226764437881,90.8348918882434,7.55958258356867,0.322448291174806,145.756310712505,1722.76373852185,0.634299736397475,60.8639358039611
288.608947585643,20.4013604479513,9.819486579469,0.359471854131742,86.0623510822579,2138.93254574927,0.742441458744366,69.4781445815363
238.596233971888,62.1505533292072,3.56760678159909,0.32543120698561,147.723264705491,2020.68651744172,0.523221019611583,50.8238441413544
250.753768264588,96.3810455961817,1.71690567845717,0.284412874573286,68.216619519682,1765.84039914214,0.539341501085915,45.3074174041854
305.841919666486,31.9286546385529,4.97361681261832,0.293135294555433,146.232399909919,1761.22053031025,0.701143235282483,54.1224613342441
258.969469701264,56.2018866637183,2.51159507227193,0.309357772157175,88.861174264535,2302.93168226424,0.523218777422725,50.6379444292907
314.927520039716,89.6287177727546,1.67533894554013,0.334559135658984,41.1064627157797,2422.25952687795,0.567627390497146,47.7138184622682
323.509290355208,47.9138462323306,0.830972187899263,0.321798113986436,61.1226968693483,1664.42289031125,0.523272710417257,40.4808241207661
379.598724930696,73.4689733280157,6.56309685110825,0.311467796270663,85.2048527869802,2127.62082131368,0.539336689338156,61.2621099888803
173.186220884161,55.4455572829904,9.75731874142776,0.358948445126141,51.5475206086369,2316.95012696163,0.81334269693861,69.8418787652178
307.44838087709,82.4845465142251,5.88643020994432,0.297294837632371,78.4288958151655,2301.65426699144,0.536013562904323,61.3435583468934
391.892588545729,82.55081764452,6.24960577850672,0.331454553019969,80.7178577579325,1843.95655589386,0.690092316747337,56.4228347883127
323.92731210538,6.35234145652242,0.88540311524591,0.350201864610867,115.220141403523,1748.53432129949,0.755865548545987,40.7052366137177
100.852699434412,26.5317794442951,1.18617470621661,0.346139424078134,42.9433234520046,1786.88718752885,0,0
200.591380311887,50.5572740621095,3.2501835907171,0.358754915577523,51.45050363255,1853.17178458931,0.723145860367634,47.9748291595113
172.120910983681,78.5765389941564,1.36103201755541,0.282722669447665,132.258735051744,2170.49838747394,0,0
278.382602673956,95.7253934895675,9.84033527888332,0.364185921505166,40.9614531397757,1679.80797031085,0.549813728571441,63.8813847814366
148.64402060479,19.5528955384789,9.02478004468768,0.346154588946428,147.373740394173,2378.46885557575,0,0
361.107303546566,33.403212277208,5.45966352462698,0.290860738641961,62.8011723727548,2201.20831643801,0.699921039247793,59.1818734152181
376.263110342099,49.9200138029535,6.47970093264307,0.363584152047742,92.1045350455193,2017.86685597394,0.519678579270882,56.8838146888249
122.8155444358,27.2451324498133,6.75733836108587,0.360505295125832,58.2957587725345,2472.06964399422,0,0
165.95729001008,45.7456792544969,0.845577306348884,0.358430658871511,123.66042191898,1824.38362687426,0.740809909711781,40.6192153186499
322.537277843474,49.9632302405205,2.66094787898674,0.294321231450272,67.847022586947,2135.55729816694,0.513026442399151,50.214840950211
294.221560525197,79.0491223560139,3.21638866279017,0.359786320492293,54.808123146066,2049.1716302952,0.530229220587958,49.3148745782688
180.493819194298,47.08294371011,3.76873419241112,0.364818747054731,59.9990462336003,2457.59365455002,0.764942225394386,53.3388812195419
161.52356130556,75.7564367814978,9.5977564718904,0.318496157918547,134.087507254466,1644.20770936991,0,0
399.813798748763,10.6579523944891,6.8252630340261,0.354508594149334,71.4071712688995,1696.7780179913,0.660978876033532,55.3851904738033
284.364403144232,48.187647128924,7.88049127378263,0.311952298446661,60.7738197284893,1909.95834934424,0.757833079177103,64.1957624776599
138.480793921904,71.2532388625057,7.62261849913123,0.304347980364905,47.4926381454476,1938.91844370592,0,0
252.492826164343,84.0314445822223,1.88362364145844,0.315081359352457,149.314099682625,2376.5384635748,0.544976580729857,49.0759732753228
373.186064600125,12.5369214664014,0.808704107820849,0.297198322851885,70.1220768938672,1794.95451646448,0.693347333918258,41.3532026640314
220.426427621862,76.8215798863779,7.69835090551727,0.280043968546729,81.9946608614887,1803.04566412343,0.561718240337586,66.7665048367287
339.036991562495,89.9384472037786,1.60936822989956,0.378171443274731,135.092039771224,1723.77450210618,0.619631388434893,43.3239480282569
280.262624765203,76.5277397710468,3.4161046348288,0.363181528852145,83.2662136056987,2043.95728018952,0.529290768387539,49.8140417162746
350.025923753544,52.7582351453882,8.05873073264757,0.358021200723189,89.6272166467052,2128.64996260477,0.528246393661166,62.9428495522767
280.871631202249,43.7790986550786,1.15753554008211,0.304666344205188,116.245799141436,2288.45136848976,0.747356917009513,45.5832025483098
106.779595979487,31.5589695570561,3.38100295627716,0.293314948732301,123.708627200574,1678.44370633552,0,0
291.779059018927,77.2397239743857,0.893002074375217,0.373229149028565,135.093653614148,1786.62216648542,0.549130849736415,40.5405852097933
255.332703034151,84.8117086518548,8.93691781672291,0.298659586647658,80.580114486007,1903.05588691914,0.56431422434309,71.245195694848
352.806179710098,7.12275391260369,5.1722369560836,0.295645242311157,79.8954627276745,2239.14398836247,0.697096959576396,58.3458780587263
374.831385879246,41.2543895467226,3.53196119581444,0.320691272328065,65.0283163267937,2149.57373988846,0.505988403577046,51.8072620217243
310.293606182616,5.45929230697031,8.49789890122078,0.330186520608035,126.800186419384,2091.91461009978,0.757701411787464,67.0869990645004
337.094638912902,34.0890636485128,7.3803691522273,0.326195940309856,78.5734039797122,2177.31511164985,0.711190979509569,63.5027496246323
322.799918339892,35.3995508627013,6.88941943632642,0.312882183582902,133.826775505298,2106.50953246742,0.716376906953793,62.395739674531
216.003329213989,24.2109892025069,1.90957187114047,0.343150014328043,89.255090025403,2360.42656238077,0.732948079032614,48.4186710023653
185.128338819387,43.4081020216148,7.1254960583573,0.336591565111517,134.799091917652,1603.43503266819,0,0
202.62791848516,8.17499643369269,2.7357052065998,0.372123887670979,90.9025140694208,1691.03368302515,0.742430560806381,45.6408572107499
337.652767624986,84.6493892787291,5.26525761064027,0.290008030238267,40.8205612120874,1963.60555776793,0.579995263250856,55.8567797577747
146.492202016384,27.0744243882177,1.60058322382795,0.379328084989281,68.2970254105437,1812.44991417732,0.783569844040793,43.6760702984955
160.744442878896,91.2943660153006,6.69976349431866,0.313581135160188,118.497157881078,2289.03518739171,0,0
208.229939741953,27.9916137870652,6.48497827694253,0.343706024826781,69.4724950127503,2331.69114539021,0.769071446571909,60.2795073144603
277.282964809135,81.5798215820498,0.518672468856658,0.345436395539407,45.2409213773237,2421.52346288954,0.598161157617597,39.4648396672709
260.386738240398,46.5842986453928,2.86805134026194,0.308790659616863,95.0652034139525,2335.09785479593,0.750430050509922,51.8060926368266
325.207138426772,21.1550577912778,7.44200820718479,0.280607009351176,72.7240592808022,2050.83209550278,0.688906617018793,67.4906416077454
387.777707634515,69.5357765023111,6.95722579852485,0.339050856817431,72.2713967702825,2483.31131720225,0.536369894763566,63.4098952699851
109.316049275302,74.5997490779301,1.36004307597549,0.322238345162162,129.536947554068,2163.02148484458,0,0
344.693716037213,5.51597642856825,3.57374411515094,0.329776956217465,73.5248079238373,2495.40944527127,0.711882124276587,54.1735378623519
290.230533589012,31.5906580215397,7.78383106796662,0.320242060829643,66.6191804940983,1830.3293650664,0.720224427429771,62.3705156694786
223.997552791669,80.6266003927361,9.55936619422171,0.366398389710735,109.555528276757,2278.08871992513,0.573920518483001,69.0941366330894
171.691178526977,9.05345941980353,6.3813845507289,0.320374980319487,143.555679077392,1793.14217446205,0.811959688060785,57.1629910409376
133.499516946156,58.0817378198591,0.661403729378643,0.376409942375556,83.411967213444,2078.86815268638,0.943520342014998,39.6380288541956
291.333636873784,54.2437725470886,2.03491760402189,0.294813140055116,84.4489642521311,1622.6413877878,0.510750333947996,44.9391079392347
168.511411044296,41.9024707692634,2.31557151734652,0.35502465862159,72.8066653181028,2057.44945889704,0,0
188.454130550062,75.7112969027251,4.09247961153333,0.32454301309067,103.448403345585,2054.62777695989,0.799451208191939,52.4190771700917
120.23084898977,16.6057157434904,4.27719254784696,0.286359138961404,77.8595911712708,1612.75220292685,0,0
303.905471609028,58.5923124388334,7.86794598361536,0.374517286371672,48.9617335040566,1789.08383206742,0.515005998620949,57.6342811511436
396.820784322624,8.90087557389387,9.6974391976291,0.351947340227123,140.405796835212,1647.1178009556,0.733578258558295,65.7933629714623
171.350734241712,25.2346172949922,2.59789593307729,0.323653044213675,88.3749348704507,2372.67237087579,0,0
306.432093626813,58.1347826278017,4.89382611473058,0.285507614204537,130.874935588161,2216.00536087261,0.525726500372931,58.1049674349747
129.37223090493,74.4215847790252,6.88261096454608,0.288633578048868,125.155954928944,1829.62334775858,0,0
242.881271980642,66.6741816323416,7.81065579026061,0.289097712683661,78.1153599311907,1605.41091295733,0.540959846482543,64.2726180405972
319.100567438722,87.7563243401682,5.69611477769476,0.368536427499565,126.545824427988,2130.98272951566,0.549106520230593,55.4926658369602
142.096317761801,49.2547705296509,7.2066091982425,0.364279853230722,132.955804795865,2254.69607428214,0,0
148.220380067579,38.4607642601883,4.06690733588053,0.375582223956191,75.2228542299426,1973.76095886701,0,0
319.688389111979,48.3781536514124,5.43582200310638,0.303757336217926,124.554971601629,1907.89593026346,0.512890874006998,56.0587846260438
238.54719257674,10.4597584230964,7.12209520208536,0.362207181891675,92.6531970608003,2119.6212004875,0.739763015301194,59.5966086155669
271.874525118027,18.893430946736,3.67993048029651,0.293605320464466,77.876583111194,2018.69261278168,0.708621702499625,52.1585540531739
131.108032357087,74.6117177533694,3.21540667346764,0.288124784253763,131.381495595594,1864.00233707813,0,0
169.045235159009,95.4876953427613,7.59066291114424,0.320842213319693,59.752721346517,1652.74173794767,0.872861703324079,59.8942899410559
229.82930186102,81.5142116842733,6.66377872953669,0.375890109373483,100.882512836129,1922.50532172874,0.55263164464357,55.8911653414977
165.166293595481,9.87851562927728,3.48391999854537,0.306967393767183,142.533224295904,2248.19159312167,0,0
156.915554976053,89.8782447424546,3.40721885143462,0.308720107653645,79.792384776018,2025.94116203042,0,0
393.552686592076,43.7060001265634,9.15673538791577,0.309906884818061,139.698244240455,2194.43178808094,0.522669421581974,73.917658336038
275.375793114606,25.5096795257526,4.61945275651845,0.295472900056701,72.7406959533279,1997.41525983144,0.686225383686365,54.5968962716745
109.543781444059,62.8512352785759,8.96082306915085,0.314846995006292,98.6571285695242,1891.40794731778,0,0
322.930097682814,29.6268819392944,2.66802467739222,0.347011206654328,146.62492734098,1845.34701185603,0.70061298648984,47.1457256442318
374.759143329246,77.6783286507357,4.83101456724842,0.285976814671634,76.210333486612,2010.90331896983,0.580632706751109,55.8571575850213
141.211783456919,45.5417167008653,9.12296267517719,0.32602425549857,55.618633510731,2078.05445716861,0,0
207.536275051653,21.3686082448317,3.69346421017661,0.292742224237645,108.621931439907,1703.51676081913,0.696962495397669,49.7507581994825
367.338006902791,64.1073301327457,2.04077741284544,0.379250374986349,59.6913004765274,2327.52258278479,0.529139948101342,47.9338652568432
228.150231311717,62.1639560756324,4.61005791718438,0.334619990673784,134.142170946711,2180.33252756501,0.531859841127798,54.4159201663383
159.471585310496,79.5343767013313,6.41385949741609,0.283756567124662,109.351488553031,2147.92161794796,0,0
163.49908721495,21.1101941393217,1.71805553418528,0.302533180955224,139.682749131847,2365.38601127226,0,0
336.411370322612,81.1389030274822,7.4197394889515,0.374815813496838,99.4226473380283,1992.38316155432,0.540243495870418,58.662449243159
212.934904932157,90.3759002390842,6.13573843575452,0.32783833294995,83.4454776333522,2079.28772206482,0.570456563296333,58.3133455522891
224.847361212291,12.3807991794343,6.01185418820684,0.36929865871089,81.1303257215311,1679.34157605594,0.725810267370845,52.4599552585918
241.585082278682,35.171470881921,5.75304461326221,0.372895461519207,80.4145924955348,1759.43017309684,0.712946741576843,52.2922347361441
117.762548842508,81.5341075270864,5.96342626145304,0.360630126098742,51.3888395261632,2252.94906686052,0,0
349.223889920766,92.8418171402876,1.77581286264722,0.33374356626617,84.630338826421,2388.31390032955,0.636145961179112,48.3025010244437
105.226988025613,87.7926862982477,4.30318553945044,0.30365031193836,68.6058796546216,2278.68225822323,0,0
396.887047011535,74.0673014671428,5.18900071388739,0.282059046223223,69.0657205314435,1720.42789333261,0.581042729421246,54.935210584584
182.915370755822,65.3700981426917,7.51024469845107,0.343479813628684,71.1403060913113,1618.24504293852,0.77747604190116,57.5406746889886
320.170882777507,93.290807796459,2.16465098869166,0.306684890325077,72.0379088559567,1972.02857882421,0.592454496182196,47.4205208368771
278.243238978835,39.2464597621545,4.35632948750601,0.299308331012313,63.9120944229637,1743.52098906424,0.707460553568495,51.4923980439507
129.612846478295,96.7608323747063,3.9998446114005,0.379355293174391,116.931940623226,2304.30021389416,0,0
351.335956637311,86.4842948737053,5.7988638334545,0.290848436264203,69.1554222491039,2459.51486050271,0.594874653216905,62.6519737624656
186.209745757314,26.1842173584695,4.07427769764216,0.282315227924242,82.5911253200998,2346.94963624137,0,0
181.06618333961,82.0683206619142,6.51243263105977,0.354887345326252,81.5947746999081,2294.45242864664,0.840718539345644,59.5978186216908
117.623075607424,66.6037975237876,1.05857237394961,0.334664007687655,117.5057589655,1944.41188696861,0,0
399.873710976746,21.8640701654235,0.826605241093519,0.311834819793874,71.1146377156094,2461.02460434203,0.729303903131452,43.8524747071697
261.823422468791,84.0799948069141,7.23873624727322,0.364531377323722,134.948429138952,1850.68787501985,0.544238778056962,57.6735741395781
123.871898894524,45.2419648030242,4.99619334560081,0.314302772093881,70.5226848982717,2192.03157979691,0,0
265.42947040723,85.548034790692,9.26233017483801,0.337264973192612,111.208638857056,1855.38353843458,0.560430173559258,67.3528509929867
399.989996043285,32.4981943582395,2.71718329736473,0.317259240201629,68.9654380510343,1952.36131847298,0.505525947852534,48.5175166470584
376.962458432747,60.967540157471,3.67958057608428,0.31184096135179,124.846512074059,2486.85991464421,0.519222997926194,55.1077910405612
140.830056142714,9.03033338646451,0.72553183309304,0.361562773484033,99.6643254484298,1900.20152017456,0.851022688298494,39.9236098574553
251.174972160238,90.9333261221213,3.71978800774188,0.343721635344149,63.5130711071187,1967.67165834575,0.54174833937128,50.2488465552362
368.174985607302,54.5277444285542,3.41598502075905,0.362953358950097,40.8265336781204,2013.2980452497,0.509542439537616,49.0924323403757
240.180256052705,90.5933761124513,5.31677678452548,0.351458128745428,139.537024329586,1965.95142328142,0.545131103221312,53.8309074410005
230.605364949999,75.4390356365572,2.55756495099198,0.323375671448283,98.6796640740821,1994.30626749394,0.534037602951484,48.3473729451286
340.039317551941,41.15119881724,6.69449183873146,0.323941681908706,136.572726369249,2423.30893827113,0.521845544951647,63.6468501082083
399.609596557224,89.6754968604644,1.55794504081244,0.324452935599468,50.044537178617,1948.78348978239,0.734656137731836,45.1363613826655
340.737081072279,80.5810139662711,6.89375299722572,0.33990543625441,82.6130670787019,2267.03829362209,0.546494871537504,61.5544915305201
186.689774019704,29.3769919687739,2.20983738119252,0.361311215235541,141.860559405664,2091.04413612716,0,0
368.04900037819,95.8140952629663,3.10144847979167,0.379708014280697,40.9847174164658,1740.30323841725,0.716968349678446,46.2855448134604
281.926285339784,64.9005684632,6.45281819219249,0.288086269779002,108.448527104563,1697.72041861763,0.53770173157508,59.2229422395208
122.309116864134,76.5779518236969,3.35810814985067,0.291909219164349,125.101166908213,1816.93172662034,0,0
115.476351207293,31.7193815060482,8.87253949420331,0.311740689023437,72.2256570888831,1944.48619387389,0,0
102.653171051098,44.3878608505253,9.8156021430368,0.373695172295589,98.8551611878089,2221.94196226905,0,0
142.970621081258,5.47795417686077,0.957004591795069,0.313795068775016,58.2678137585827,1887.92608158264,0.802512993366534,42.2003225797882
167.982433906208,16.0603179590578,9.28294489579773,0.373062801420418,63.5774716992345,2007.01634118578,0,0
274.834305029943,64.7217669620811,3.5988799625017,0.317504244908493,76.1987544248918,2414.26510048536,0.527040622744971,54.112785895213
101.25708719265,71.1056034031149,6.90552113357221,0.318160994927477,47.9408736380794,1833.58724100025,0,0
105.655505371375,32.3214907754953,8.08668486473068,0.353543873106566,127.061470597684,1944.61658627004,0,0
126.649721444083,91.6335756038359,9.70906754780217,0.324193014138253,47.1176610797136,1654.57089913227,0,0
255.820039962938,21.4603538865106,2.37698584939945,0.297511595769705,82.8273765827578,1895.39517572733,0.712859818447361,47.7248554224098
393.297488275683,64.0350491073806,5.62591968715063,0.305447569666127,144.304525954895,2300.12016836817,0.521664286752071,60.1082646285665
156.190913300191,9.56256895047136,4.82415433259245,0.280075736598247,96.4662302481796,2430.19703974792,0,0
118.28365682903,37.8393163285766,8.34909721296733,0.356055190149,58.2781269396041,1720.19326530702,0,0
192.150880217814,48.7805498501785,2.22244877986623,0.349435140489233,118.641403834246,1848.15360050148,0.718932153587321,45.9695451527366
142.124877224895,52.2376483255689,1.55029489511802,0.287795650951695,53.1318193073015,1652.87254221687,0,0
226.396741706191,34.081189393519,6.28740207471919,0.319186847191425,139.997382334105,1831.92726003105,0.715367512605232,57.4011368753433
281.62605981108,65.5037876242465,9.74058053272364,0.320437134353889,138.203511993177,1639.27593463741,0.551124686657987,70.05649395056
383.499710757677,96.4379100448209,8.65902385065311,0.291482010371229,139.85076167745,1671.62009750796,0.7443627057623,69.3060727012871
344.427126673048,50.8236961219012,9.6980643548482,0.311421234636256,56.2305326089816,2358.17804779785,0.522363254028891,76.6036189232122
231.622360511001,51.491643588327,4.76306801988548,0.373640869353094,126.753670719749,2241.9083349897,0.739226428275001,54.0852835878378
174.212989698709,29.255113991859,6.92039668810338,0.376213930184997,128.96932385722,2374.00984510919,0.787663440627945,60.4805670800052
280.089749178502,71.0603061598662,7.82880639509392,0.287384208630325,63.7670991783143,1963.92018564555,0.552968554524925,67.5547798571037
210.034097988814,68.546079738471,7.39150809832276,0.281566136742067,129.038100943441,2438.64025944194,0,0
232.346993432954,92.0329837297517,5.28786234367119,0.294741154613133,47.5227459615288,1893.85532300699,0.544013012162512,55.4516882624895
259.284558503917,86.4654012929364,4.01288280386742,0.331700882898935,101.331722974392,2027.34899940939,0.537677815426144,51.7719689425763
310.563009077651,86.8910142308032,8.1935864593204,0.29077569031781,109.282521254492,2085.50714600922,0.55031580485549,70.6590739163047
295.432305114505,52.5625402042174,6.72506263134893,0.341168832282405,81.9091540845365,2322.36535293442,0.521438301476182,61.3039228626608
135.331141767116,30.3143110764043,4.60041222275279,0.332601552849476,64.0364944017641,1924.79687834139,0,0
137.636042019092,30.0290096712231,9.0482317735178,0.285971996579767,144.75312527339,2262.9027472336,0,0
118.266271206415,24.1190410067089,1.19245578792392,0.364726875484646,131.162955424912,2407.87919808258,0,0
179.945442479809,69.3493594197002,6.59918960502602,0.310802699886654,90.5829834582059,1893.30007689459,0,0
251.085479696473,59.3292294328805,7.60925252430847,0.330919914048173,41.1515159416271,2090.18101156826,0.518689075030135,62.0128889501141
324.000167821998,46.4483641629681,5.79072166154569,0.349118781762929,48.1969374467682,1664.32548449399,0.505324887659155,52.2800908980194
233.369973047215,6.54607755362902,3.41141369070889,0.300661455674853,114.952768208511,1869.64221942046,0.735500218748015,49.9850089052841
291.542457882966,38.1697874011788,2.93122991699974,0.293151268587482,76.4016399018288,1736.56606434655,0.699166386909815,47.9587770808921
357.873758869903,90.8749164135376,3.17930809227937,0.34427174673896,42.9376176009428,2363.7247618364,0.694316248538252,51.4465612661177
322.857516752959,93.5404902584832,6.34271359057683,0.339662425362975,111.021202723354,2069.67750160469,0.598931207084776,58.2939180572038
102.61680793376,14.8833427404212,1.1831929728091,0.318174902287757,105.921809224413,1838.37642867281,0,0
128.551601604775,80.2634897184589,4.55905623708417,0.370552833383758,110.263737089936,1954.7383967981,0,0
137.362526028032,72.541311313641,8.31463451131679,0.353553155849642,144.948480878016,2309.84786656567,0,0
260.048195194598,41.8051519002424,6.57761027944816,0.378944711446166,40.7852800730984,2323.1853691728,0.716456618488479,57.768216289903
257.32757971077,22.7945252635171,9.63746976735368,0.327960069712302,63.2800279435734,1900.48103156234,0.755540085900506,70.0830354218034
215.974336154045,66.5084952059211,5.48764468191124,0.344154461011092,112.889248304419,2453.43029236161,0.797838590198882,58.6453957016913
295.987140229955,86.1139953163748,8.42809387992207,0.309415801073957,104.804269828386,2154.78704975718,0.552497295036436,69.792838003567
335.694272012738,69.7778484890019,7.47929699930417,0.356806599314347,131.928871596761,2427.24825010494,0.532928141624515,63.9854480768313
342.669083139295,76.4373496744527,3.61586587357824,0.334336410931734,43.2686589697332,2392.55446668809,0.529989706458995,52.907020969102
381.35200013323,45.1000387525714,6.13100803049194,0.333103152147873,147.377331310088,1715.89579875679,0.510837200751811,54.8468872906372
328.334830090158,81.3200695366041,8.28510140385043,0.369933571280463,56.0997441112085,2486.1572987742,0.530972619046302,65.194695572903
105.766075395243,25.0115424877779,6.29495326623566,0.320800319875761,72.1209592649658,2229.17665870052,0,0
316.554280821047,62.6268197288745,1.77941790967822,0.300257333733135,100.215375356448,2077.86984877428,0.52494137283509,47.1943077184553
382.581401516538,60.9727240174797,7.22243975021214,0.338414423505875,97.8453050282342,2132.65666269134,0.520172843876536,61.6674798363154
207.186315208951,5.41619910358317,6.15529692963882,0.364197316641478,67.8088754225547,2427.18457908097,0.777830141664896,59.0411227755378
141.055566693453,48.791148547198,4.67832766215367,0.33428146884811,114.218005883669,1686.44764198141,0,0
359.588423591871,52.6903861739979,6.25577000344782,0.325094669264218,83.491486784559,2108.60674943874,0.522902116386431,59.1215109070569
254.581101546316,70.0566660007675,5.89549410657354,0.332772092538731,86.1786891792292,1660.83053406341,0.530605221815286,53.7131390674409
186.815670479546,73.5826575562767,9.26292818035392,0.28288433479641,83.7329707069159,1787.29641512975,0.872799678340036,74.9441184710885
339.369467607713,65.5265361761452,6.49591787709102,0.335018781765696,96.3976021364713,2002.94789505383,0.523291533438428,58.4388106837686
227.304483370004,94.6081018857235,8.80491389782323,0.296176304440005,130.846796521263,1785.34996619084,0.591759772755205,70.4769196235551
298.620812372238,77.7209792737315,7.29944800123048,0.283654267353803,78.9489486438336,2457.79092451824,0.545784908166274,69.9962098805094
150.147708310627,96.1003550896428,9.0098445316167,0.326317518896626,42.3139302603419,2112.08396416265,0,0
192.92577051636,8.37136657050544,7.05924819869108,0.299378848676188,91.5093276972185,1640.44623571986,0.801511045845981,60.0426320591574
204.688175620214,7.60205135396974,2.793086417256,0.348778517188632,72.610975986266,2221.63330995921,0.763362121295796,49.9148188927189
374.73332915626,7.16733401407495,4.271477332132,0.331519050295861,145.350208000632,1876.20297617635,0.720749392556899,51.3362635147259
108.195043558812,30.7894127389491,1.72321815988545,0.292964823103508,54.3855482792342,1992.97455326485,0,0
399.016269872405,23.9259404439062,3.21204256187327,0.327471044625187,112.505626179201,1624.58890866015,0.681488264176609,46.9067436229401
166.625180330175,46.0275090633867,6.56609662588575,0.306595609746509,115.16315909751,2227.72231265028,0,0
278.868737079337,58.4632431694962,1.67722755627288,0.314384200807649,143.502091064353,1666.5893815958,0.518357343277674,44.1046273477044
309.191963326613,14.9941737646483,1.38807718563483,0.283557427658399,58.4678862528165,1769.19124291764,0.687374788769265,44.2928850489113
207.029479468398,43.0868885548543,7.99918641225388,0.286189655035028,91.983824475713,2434.80418032581,0.761820747845676,73.0851397111228
279.338445689048,51.1866117848154,3.50138996013187,0.303151826661286,136.272918359934,1649.55798848926,0.513123681811261,48.499714966423
351.685477961005,81.929371055768,2.42606718554662,0.366942212852334,44.4376798190569,2492.10887726897,0.589121863474881,49.9518210061292
345.663818737134,31.3009509329527,2.42354819196407,0.285511357378248,95.8885427200855,1619.2617664692,0.693363302187225,46.1245287368059
100.617837982834,85.3304760631593,3.98036230507632,0.307983679119203,98.7295016590766,1859.06494247849,0,0
246.751752680353,27.7468369284956,5.0596284547162,0.28101859206311,141.523291756255,2231.14516634783,0.669215463267991,59.1330980647208
189.255984700969,55.189933886587,4.10587711026221,0.327760931962189,83.7870653039526,2347.86275344428,0.766022843659103,54.6010368743164
277.797576331047,50.1743285375063,7.72703572905162,0.359805774938293,143.500441873287,1697.52422158594,0.522791094090696,58.1596911014234
317.712581805743,16.1130048775373,8.3579573528595,0.328932154489904,80.1145174611796,1806.908985882,0.699593682732882,63.87308534216
217.918067635918,92.0684976469865,3.65504445770951,0.307245157152156,68.6882470002095,1919.48540147211,0.546509334961506,50.8006777561978
246.183874144761,28.3169129329734,4.32185377365971,0.292554475139869,104.278924895731,1762.77374341798,0.68715943759351,51.9023472599344
137.200505933869,58.2160131211592,7.03165447433015,0.378743684944912,145.773554612808,1997.13774184348,0,0
231.325089797589,18.1266984114773,1.51801554350919,0.345468013943059,124.227891396119,1698.59260516306,0.680584000538632,43.260654763427
252.808961009824,67.8052826486584,3.54124390785402,0.30324596060448,125.833702638999,1740.8918862726,0.523606203863907,49.2092539173372
250.942076871644,8.99875878290605,6.72425917592922,0.338119735933781,53.13691060646,1817.5612382509,0.727367785834906,56.886210968244
352.311126056467,80.6207524994008,2.02950738712349,0.310893389662112,112.283029356996,2409.2576809323,0.565554159172553,49.8437801612545
273.858065803776,5.34577962851456,4.1800792099011,0.284267554202563,106.432894751577,1949.02072670494,0.715872299612245,53.5162957020569
262.344531860968,9.58448671650654,8.20350006103513,0.345806025576478,147.443747304091,2439.08548343317,0.756846878089165,67.6004824002312
133.186925528763,11.7599672792376,8.95464815814165,0.375516548077634,56.3107623087219,1663.80297795041,0,0
112.666986646769,31.5797910314328,6.38242078050721,0.354381056935657,85.5824710509151,2068.77312531996,0,0
257.397217201162,20.172381718528,3.57467788319759,0.290188693211332,65.8046739733337,1720.04661949453,0.706299532646443,49.4984464084415
164.708446297418,62.852828685354,5.4802974713552,0.32439007528886,89.7663072837278,2061.15641079056,0,0
123.722989360971,48.2448645481575,5.65068502161177,0.347704029656015,66.2653381229436,2394.36979435575,0,0
363.954173242956,24.9804749079159,7.11636852235195,0.302791422701421,65.1439198371401,2180.70201190347,0.706818791983791,64.4068273833223
310.389867385896,64.5256233982503,0.770772450190869,0.320343345988156,138.31316775928,1672.69512964697,0.537841935150631,40.1387531368133
133.971991116603,24.9431858727132,8.27866135648863,0.307073695345088,111.264962875145,2414.36509999998,0,0
187.199102284997,78.898408473875,9.19528421034989,0.296183337089358,124.530598705565,2267.35450363601,0,0
300.21921333105,61.8693191724631,2.35811705779506,0.333037131923682,135.361117523868,2214.96081850279,0.528134016563838,49.1278884720468
185.014155713394,16.9622325600005,3.71948315156342,0.298154263362931,136.874979832168,1778.13235569872,0.734440110320648,50.1303380254472
105.195438658981,54.871978617399,3.37743341938847,0.280884444686025,58.2063789535411,2219.38881396658,0,0
136.332790978869,47.1509351177241,2.71359123318229,0.357843689129646,147.345210333029,2072.55619368549,0,0
373.403128659828,63.5190768303581,8.55334109116718,0.351411317954575,73.6883428212898,2113.31752000453,0.522639219092899,64.9242294689611
197.19461969964,6.67885288440984,2.43804537650006,0.323546184550458,129.96971373664,2350.06012271617,0,0
242.809420502736,79.208824899226,6.80331079083666,0.370720174630626,86.5431508799353,2184.27816465475,0.556488003441903,58.7813397375452
297.49558439001,98.4997315866312,0.921402235631327,0.376761498907562,77.4832766949049,1643.78778692494,0.615885712730808,40.0684513531591
200.608776929439,71.2134907464822,3.53966869741104,0.318310360284473,106.185180287744,2009.78285168879,0,0
174.746974407637,17.8244351325518,2.37227513346951,0.322600223980477,59.8974263774498,1771.14027112128,0.731391903967662,46.2311556949217
134.956715411618,16.9027186376008,8.92114883995954,0.352286644371939,136.532892516458,1761.1587283748,0,0
143.016406190341,39.9230134512779,4.89530642012365,0.282392173811411,124.310836468509,2314.95254456991,0,0
202.12080095586,79.4610767103307,7.28806248850589,0.297743976889793,113.435021916031,2148.9735756429,0,0
118.691529769814,46.2582352693664,2.88836633584833,0.348181716029844,61.3905413305211,2268.38797067296,0,0
268.787012624643,62.4760023625765,4.73536251732226,0.314083956720525,68.8758340996294,2135.74201164421,0.526248000670358,55.1360051156113
354.541323524892,99.8380459841854,2.19274967306513,0.373937124554007,107.396096864211,2381.92071157762,0.744978173086194,48.8917038631882
381.816400192415,33.0535835992277,3.61241408782176,0.291985742242158,67.3408108528422,2170.90507275794,0.514990306154195,53.1316280847362
248.857053020434,79.540237874315,3.29185447573724,0.302247085970953,49.244321791222,2409.2330001928,0.539848658337466,53.3861278824405
112.744638680513,47.2007046230937,1.89969451836261,0.314864052630901,50.9048529544974,1749.99442539081,0,0
307.249321795176,84.1228910430096,2.84860281583727,0.367216122495334,44.5471033082959,2053.32764964258,0.534651019517371,48.2510968873807
359.607497394766,32.7582239304609,1.53069513264124,0.337604240539921,47.2686292141754,2467.16638796889,0.718062817015735,47.4585412194609
