101.580162990106,61.4230069984253,5.01060614970725,0.343095331507944,46.2462637378879,1701.38142345997,0,0
218.413189859295,25.0132422216746,9.41987507802597,0.374192809827859,96.9168923021939,1998.60265119625,0.761772559992764,65.3497367796586
289.360234920639,20.8835395419409,5.74293797981559,0.359099511392036,62.7347935582685,2335.3354075543,0.657093923189078,57.4620723293403
156.264573817823,42.8587673805236,5.44241760914648,0.312205176656706,48.9961471357873,2057.47728743706,0.818467784564871,56.2595550830395
283.087445152997,76.8050393373413,4.38807764958124,0.378761327634187,100.289717054332,2100.63441242695,0.53081305144599,51.9783888669424
165.244292765907,7.27451169157948,6.71033687673996,0.285775907744792,117.489728899302,2391.56033344469,0,0
267.418075359123,96.0792843258041,8.29324655272732,0.36309063315925,80.5470758826476,2091.25688822256,0.552310956224006,63.0121254931454
154.327384392662,69.7233717643556,1.2657886009272,0.348578541580783,132.043512130575,1937.8986098995,0.772824020356981,43.5606797913097
285.811579634353,55.8131712002687,2.32522034151656,0.373382843014679,143.99443916445,2263.88693271751,0.522325031538984,48.581408578336
268.241547034194,88.8668260240789,4.33818011849639,0.319224227299736,119.055769339942,1970.92879732759,0.539401320091004,52.678202472898
238.019550427014,64.4317531552743,4.47082980332715,0.366119530053128,91.5030131971551,2021.15169633596,0.526751694251246,51.8460873649438
168.475768010435,21.2333386066315,8.56653527012054,0.317359116009222,60.8134980966858,1724.16398360254,0,0
174.995679855837,59.0043996668234,3.16134305190268,0.345913997728177,84.983577787676,1627.89526231199,0,0
367.115701366671,5.57665093721824,7.09554569135794,0.357371068888993,94.3030097797199,1968.96158029061,0.725440737583179,58.5240935705038
158.210370101678,86.7868156265706,8.46399901095033,0.35092493533867,101.440091062998,1856.53287651871,0,0
227.402901440707,96.9096949069127,6.85344653381803,0.298660856207259,124.463057225588,1803.76314723598,0.570598406859137,60.9809468395042
184.095357170733,12.2784188314532,3.49296622018684,0.301942401305422,147.400388148444,2489.20062905606,0,0
124.754793673654,87.2109335770343,1.72530942990889,0.339993480883433,140.652961843266,1981.05342351704,0,0
367.59668476109,58.8063085335958,3.82951653997282,0.299696757067528,118.455090543503,1827.19833853669,0.514201198419339,50.8812563296864
244.217893946195,67.1446429748043,1.27794815952719,0.373031672340227,106.208567509544,2054.78830089575,0.533863600114863,43.7746054763765
269.894516168539,12.8248122971275,4.81077315874572,0.342736524462694,72.7175435893772,1906.75507219505,0.735413950357401,52.3190450821385
110.552183705926,46.595559790502,4.79575228889898,0.310888558506367,91.3925787083538,1820.61445322651,0,0
219.29099883971,44.9449436353541,9.16365746659953,0.341930348424552,60.9623807430989,1669.82042247947,0.755091182949508,64.2676198243556
302.97673543779,16.8512478608827,7.36552024951738,0.28186846313598,109.244861049744,1622.67579121075,0.719427636760162,63.543265360444
304.451090859075,46.0776088856098,0.777834912029374,0.376135553750287,104.628091745974,1735.72477448441,0.780473872582778,39.5039110529995
247.92995078566,60.9973172324428,9.52136694967322,0.290607284707111,145.935703344987,2426.23777809029,0.867920924477936,81.3295871427557
131.960680549493,84.1971826896566,6.71682113937846,0.320793943171938,109.824213326376,1626.79854595214,0,0
333.509822816542,65.9568463218456,7.77686394866172,0.37325346030652,65.9510769401834,1743.80854236095,0.519573780078867,57.4149189729861
390.591348004372,62.871159720169,0.89127457905023,0.332345924497373,120.314299124414,2064.10346875806,0.538112963483562,42.3687792160021
250.151719796152,43.0511348306976,2.32363686648132,0.34660262876122,92.2006779774142,2039.03596363146,0.716790589006958,47.5198668881762
381.730478112886,92.0588213255642,8.9724788004323,0.293995472431168,138.450558105787,1962.2167147397,0.734053229511637,73.2740621207026
124.129334363705,87.818333286134,2.04347797277215,0.320218652393634,146.423597808964,1877.80032851221,0,0
319.92279437921,80.8723257219954,9.02214675293336,0.294616938814953,75.7221195381186,2142.01610291545,0.54631302710389,74.3619002205013
165.504786740956,33.6649837004616,9.15648637015863,0.291432999908057,66.1706191579919,2086.17401623042,0,0
196.381710043487,66.1085500830484,5.40362569914353,0.348650235284143,57.9252833239171,1887.33581982368,0.780656838541051,53.2422512920209
388.696491202477,46.8824416961843,3.68345830535426,0.281969647017134,149.136009160694,2495.54079638113,0.515222973215691,56.511065922257
112.005202457664,65.4503971573348,8.34643532414526,0.363102878664617,62.1563507279003,2340.36617054078,0,0
106.549310583505,36.1147717501191,6.59273220241567,0.288984127940869,144.481852090418,2449.72706014224,0,0
347.046708554278,34.9722017236794,4.04190348879041,0.372821561809333,148.685562452103,2498.66591817206,0.736561386547841,54.4058270024869
398.739245461762,71.8457771287358,1.4079164135039,0.322785839055346,93.2691057785914,2146.59099050111,0.595838537509711,45.69257578658
266.159851468415,98.7332063295485,8.28565721715181,0.33182652647038,102.169741310357,1951.71187298795,0.574822968744449,64.8349487663507
238.354794908987,33.5345946906001,0.506314994825781,0.326931288656539,101.501850178323,1818.20571457926,0.745394556786637,38.0263521969804
116.547545390684,79.2878376031077,4.1937547569935,0.341581950302108,125.177095530564,2274.09551229545,0,0
358.623997305408,55.6173805623142,8.64156945974654,0.359936256232431,81.6202408570024,1829.31917923537,0.527641572629598,62.2055120731363
173.253812994353,89.211375414849,5.32538767843079,0.340055902005957,88.5993311482331,2462.97445579722,0.852071016609186,58.3591336727777
296.579753169736,98.8008363762664,2.51211195609904,0.321132265349805,103.543469673271,1651.46529729413,0.593163717512443,45.8473414941634
359.8337458317,92.4796350443631,1.0740090143078,0.331598392582206,41.1092533896087,1655.07599449387,0.719287554744433,41.5143940899946
260.548279055489,17.1836577442705,4.34510839394453,0.351976183971281,109.036696742015,1758.49339239413,0.681501897084334,49.8836102189357
261.226369375536,30.6416917512672,2.1844734539245,0.297013190859251,149.041015740465,2069.70930439076,0.700182922318299,48.3483845460734
276.561036882714,18.2738323938435,7.16880762651521,0.368405519409329,75.548018553091,2267.7693637581,0.705151828212346,60.5390908557037
326.690956356053,55.7843704856724,5.72572942697535,0.324352542710253,136.451022667228,2228.50226951147,0.528208275734405,58.5336265752557
256.075137788135,64.6269072919766,0.554552952899503,0.31994103974809,144.461744546793,2435.60165071168,0.863721531494603,40.6239429645973
342.81281868774,91.2578061290775,6.40349286657169,0.342974950866766,104.169784427507,1939.37584245513,0.623797187311582,57.0470598104676
141.377155069387,37.1301604630038,2.13321473217705,0.298975036746025,99.0251602522002,2338.36279619267,0,0
117.372988710972,86.1966498974586,2.9715617169517,0.373866289863658,69.9681521715586,2087.75895400626,0,0
131.336999576216,41.3573310365589,3.96256394120218,0.318557910138631,145.176251877764,2398.23799762209,0,0
153.680024049802,26.2903855175532,1.66027761197715,0.304628796288974,113.753287779319,2384.78484480918,0,0
137.563167395166,82.8682545204971,6.96811653977393,0.354625636292378,119.42960905996,2034.44540482707,0,0
161.939351879101,49.0847488443146,5.19193611738442,0.322079297498263,111.949802659417,1917.80588532397,0,0
281.990410228442,93.7892739087011,7.96998895326,0.291061740211107,67.7175533191432,2004.20649059792,0.551477535799885,68.1792540713169
279.36358584502,92.6521478409518,6.22161751085996,0.367650592448774,112.55095019731,2030.40082204923,0.539118341651841,56.0440661088939
276.65629413498,61.3580770669737,4.35715390364932,0.358588182699964,68.210255004238,2030.13726184671,0.520883964357948,51.8335382630793
367.830070667895,79.9306821445511,7.32054161830151,0.371728443764903,93.7199058960305,1883.28125510189,0.583852761192242,57.5848987650155
204.647781818512,76.4356267492853,7.94058960026583,0.362172553277129,138.595800325357,2285.42196018539,0,0
326.944686321578,65.219603845224,8.50447654373996,0.349990496553984,136.117675202188,2450.29517689803,0.536514362692759,68.2938666102013
351.438690186042,75.68444153108,9.67583989291024,0.290240873859631,40.1923211678834,2295.5535590375,0.521965022214763,78.1047867497424
305.537346634247,26.8361337557192,0.796892717833556,0.361513611145454,74.3098518332774,2106.53770088515,0.732723025307814,41.2592898627336
208.175568016502,31.7874367911691,7.37116641806349,0.292883416394386,116.741480567267,2024.68414416673,0.801413251386349,65.8320935240786
290.965053570828,58.6635697503345,0.544627044104114,0.308943813350192,105.481438727811,2454.03973910107,0.630761657587554,40.8121012184215
382.788110091984,86.7790355906291,5.51682738638321,0.315715354459117,60.6122966323844,1725.96732055288,0.700654880838335,53.8161014112446
375.550662818228,51.4907211498116,1.14769902218503,0.358252783674516,125.18246442208,2484.08277805908,0.541562995827438,45.2716484065419
241.149731437342,81.4297513222,4.68935559505886,0.293334179910102,92.2431481483974,2420.95422330539,0.553329237886344,58.4345609124582
100.297743155049,30.2601248805856,3.70403501977543,0.309290587495472,94.0445258243725,1776.64522726886,0,0
312.174179958404,54.7288250385038,1.07064480554459,0.293398020822801,143.978650218986,1981.85535898347,0.52512161273686,43.8589758338721
318.901896553649,75.0262168137928,5.73959478225933,0.301804237530079,85.9405063224642,2059.89988341547,0.534443266249846,58.5340994451
205.009932727677,26.3137133610324,7.27042949922255,0.372152769055187,96.0931502044629,1669.50028324909,0.743258861394754,55.6393371750239
359.762155687651,84.5337816110413,1.75673917634703,0.321708793602725,52.1878262427491,1716.96620783455,0.608582338693527,44.4234505688824
190.274933832867,46.4741281524553,4.81158827277909,0.37168915861813,48.4699500360659,2247.52222200143,0.75242894770567,53.6652337700825
340.935078040568,10.6669527113311,3.58998803519688,0.379419513138928,99.1940220405727,2036.34348815478,0.720036755482265,49.8061092113421
162.760754413975,27.1050005141912,0.92297956604699,0.352406219347649,65.3474523965405,1683.35184667292,0.724106590524624,40.6157179131398
109.921114582916,19.5326052820999,7.01016341372167,0.367123380585601,94.3838547446464,1760.11282028724,0,0
263.445995650732,63.2626004885773,1.4285660223724,0.34451782377493,65.6084255717862,2125.89399502504,0.528609743824821,45.2620144448564
108.051216728084,32.6769264462279,0.520418023371348,0.371855859544288,71.9623406306143,2489.18840720685,0,0
387.292340389883,35.5868628916152,6.00648719345061,0.294832672379704,45.8401998441245,2476.97715328504,0.516431046256709,62.491329415198
320.44251238893,10.8057271370011,7.75019522023832,0.32135779166599,101.07689481197,2188.66034742032,0.749027518440361,65.637736573042
196.185827103487,58.085745829794,2.9436974805856,0.342510367347143,128.744403013792,2202.1842834018,0.745989262895728,50.2402565634669
334.517216652378,62.7842227154587,4.80367895063942,0.34535765280035,101.692231837069,1703.92688714698,0.516532175898452,50.6883361672702
296.57012028446,20.9577951696464,2.17115207956089,0.350382702822491,73.6103074957228,2261.24813191291,0.742086738115339,48.4390576561585
314.070634659615,96.8795470364014,5.1571910588353,0.328811679729628,137.743857109814,1785.02489631043,0.592965187279624,52.8324429184612
236.996665990398,63.4645439408845,7.41299082078174,0.303302191867481,74.863092738995,1803.15455642232,0.53928908298839,62.4647586223303
354.96918846343,32.4926897128166,9.66461876877097,0.326417115077167,53.6022393419708,1808.43563339735,0.707885676593208,69.3565861546119
285.496776217079,21.9522685074352,4.67445214339586,0.290567852123599,68.0832004729986,1674.65955446908,0.648167972903299,52.2847459101738
391.021496749216,80.9815197176973,5.19054748460474,0.342379896740131,78.3876599631494,1931.02149377889,0.612429981246056,53.515219455591
249.031660919637,65.4454209477316,4.01562749851231,0.2881403955498,131.369498951813,2134.90217333143,0.530623673941137,54.3946081262595
308.267407734233,8.85782456401275,0.784702181104573,0.301488330492048,115.743188157192,1600.34538403253,0.7257190272776,40.2608604622072
162.274139331794,56.0373043711999,9.31379374561613,0.377628582177213,107.351909609697,2032.36906065746,0,0
185.649739541282,57.2049904402673,8.09031307805878,0.360079533860213,147.583891726576,1815.32512336501,0.78444932597911,60.2794610423701
365.894581659981,54.3289810935714,9.14128628751623,0.293168107956508,61.090027937781,1756.63546862769,0.527123998584546,71.6886658423033
289.07960727216,81.3687725348703,7.70878371507119,0.31226581875488,65.3547633685488,2038.31613683455,0.541987745740552,64.6928390756737
371.080522530446,74.0947938171418,3.87301589229512,0.330790628265426,117.006089876134,2040.57875087762,0.541375513838996,51.6749776101712
320.076802181814,69.188866369431,6.17262100650037,0.291086340338384,124.21766676146,2174.60435281673,0.532574778370531,62.1658653624719
165.341812960706,38.7693810911207,6.66205911400905,0.28474434181115,60.0989624037698,2303.47173832617,0,0
244.378066070016,89.7164558498669,2.95065874698359,0.282731612160618,127.846016225401,1936.62761298718,0.538906141570089,49.8460380728454
195.248648238754,10.1779413887404,3.09688279395076,0.357626170068244,66.7642665467082,1785.07989696184,0.728747897818322,47.3235915790147
223.817815067678,96.9769547094526,1.4056330976058,0.376166238989577,147.181447830857,2091.34916914527,0,0
136.838822509338,95.4671403083369,1.20922432329296,0.289517485814024,144.913190246338,1959.25739343388,0.833975664279096,44.4964342867791
153.786711776119,8.02088372581406,4.72681627962799,0.348723707857801,82.5221353668692,2369.55121240383,0,0
250.471730248278,85.0379210298044,1.25838963643192,0.329692034816446,62.8419748568261,1600.2795827703,0.537647645970094,42.1417328581723
387.523964413846,41.2894656626822,1.19228780565725,0.356995887714218,108.079421156793,2382.49157290705,0.522765329985619,45.106935832853
178.215016666858,60.3137913932982,2.28632956254683,0.283200076371855,59.3108031527118,1889.68135006941,0.741546524492824,47.6501408697645
103.667093383715,5.11205988742412,1.49359252547232,0.363720144152018,135.782100498665,2023.78947953271,0,0
287.844332167714,39.6019908575087,4.47927976158805,0.301476018604729,60.9518242577452,2235.24486626481,0.710872272888537,55.5923080400868
164.235611725168,38.7131601447278,5.98528925205658,0.358847853477351,122.744440171267,1634.05136218907,0,0
142.882925723664,93.0525928815236,6.55464657204351,0.357770266761159,107.3075965749,2132.37782798778,0,0
338.903469849264,32.225511226539,4.79757875599841,0.366426329981765,85.11626859564,2229.29616592007,0.704276903389575,54.200773674176
121.629395804217,56.7051097030081,7.65847993793057,0.374703006943424,54.322166404,2012.85095069613,0,0
253.030367875899,14.1670328099456,1.49724881041651,0.349700024728674,72.3829385949789,1873.01155811944,0.74613778551995,44.1520472778524
323.772402423849,99.1921114858525,9.31891439694122,0.343027413033777,133.341057294786,1755.8515676498,0.654064561260194,66.2074901910775
156.381239549347,33.0016381785831,7.03513791471203,0.336242378509941,59.015609444996,1845.5104037487,0,0
198.154505999501,49.4574705789763,3.99272445834256,0.365869077520877,145.928978377387,2070.08314896639,0,0
241.672601039745,81.005085114178,2.16230321240849,0.308714438044928,137.013379044518,2031.51137166202,0.539261152984263,47.9017225187596
150.476494786738,65.864508072762,8.377797469579,0.334699808967739,131.71515427608,1726.58039070334,0,0
257.851466798076,82.1628282002504,5.85754902161912,0.310341264056378,46.6918350777852,1710.80082862483,0.531859396293857,54.80966735439
378.331549723849,40.8588158561888,9.53366900314494,0.363210046667471,118.223665332653,1905.31106314368,0.513287120475364,66.0518745281836
258.691120810151,13.964639422518,1.97026788716453,0.37647236469318,83.9509379610985,1727.0183004517,0.732762535002517,44.2153329565991
340.879749706633,32.1452527320351,2.91509138331884,0.37625153158454,42.4999094029733,2147.06812383683,0.699156075718544,48.7549366381427
155.115712826382,67.1649999494125,5.24888470707658,0.329229104383827,49.1542264643503,1674.69703725104,0,0
326.684340595957,78.2919012578851,5.10149766076128,0.361368258940826,141.988395551843,2229.56668156577,0.52901933368269,55.2183451169544
329.309571796814,8.40628438029688,4.37320955467638,0.320258216939247,82.9160035425938,1712.15365608942,0.696976042865471,50.4772279677491
140.174890904728,43.2512850792356,8.06183017118709,0.299175239224926,82.5025072418908,2152.18990548541,0,0
184.786098568039,92.1840361125985,0.657376533445252,0.365659843086185,94.1532111184035,1862.88125685065,0.576436514803662,39.1028728579385
150.9071636086,29.5030689940153,8.16902285158262,0.343020801889418,134.566663984058,1711.4230499274,0,0
164.171907655166,54.0911967899256,9.35338546623606,0.367125752053534,120.982867985337,1747.23101274808,0,0
176.54523163069,64.7111379259181,2.8280363611864,0.290067601637933,142.869510587552,1968.37305274593,0,0
101.511743568762,97.8758439458958,4.62388357952709,0.296137367984941,85.3080471150663,2163.85127513935,0,0
253.506871108947,18.5130468617152,7.40563090113542,0.290560186546562,80.1881010111019,2174.49214901564,0.722118653684657,67.1692189494273
114.160151296282,35.565338110894,9.5536159511995,0.369775788304671,64.9936118760204,1874.54421026538,0,0
327.921624946053,30.1550509270241,1.40406659082067,0.287979726997509,88.8683819941317,1729.20799848126,0.699837935184401,44.0617585256425
154.241795310224,76.9566554220983,5.88905009777968,0.372229431505924,56.1715829989588,1958.41656643041,0,0
193.175059208045,70.437105501737,1.36446908356335,0.283368005290423,61.6164016127092,2066.48011165188,0.786797584342924,45.9008408080034
260.887393280073,66.310538620497,7.51505149444853,0.322137990327169,122.176265409403,2125.05868391543,0.541394186661156,64.2783251817503
391.662232173069,55.5863424189171,6.92271904628115,0.290519338692868,70.7820652120852,2167.97145095234,0.51739469778831,64.8508499868943
261.88064914402,44.3083773333292,8.47968451838327,0.344510513336256,109.325123905319,1663.03984969266,0.738918126296393,61.7179529627958
128.380696141951,43.6342069006604,7.0428272324802,0.313369462158351,121.544387095478,2028.1579510295,0,0
247.600538011623,18.6697003978286,3.78839640870617,0.294582297450057,82.1376331795564,2332.46548188483,0.702818277682211,54.8972578515197
181.921556212357,75.0322890533776,4.42236748632728,0.36525809784518,95.4772649127372,1640.81294150236,0.782412611889996,48.6355977414876
245.995084168289,41.0334194043517,6.58568697875876,0.351511871134951,105.923471819622,1872.54150613984,0.726141622095633,56.7082244178013
328.279576760393,22.6564032005185,5.35987290190402,0.294233982720688,49.2137295571595,2178.57827077188,0.68185262187269,58.0214979768435
139.164730123338,37.6423854141604,8.28975247703266,0.351076197436741,90.1379286081247,2117.95114181392,0,0
350.963529724931,29.6965678815927,0.677923821431486,0.33568114818065,116.989776748113,2258.84670831034,0.759865572987771,41.1965069200679
203.897741992506,62.7439355167625,1.31776050923927,0.28469774282251,91.4928705539121,2257.01725963475,0.784801723143089,46.677748650678
267.173625417813,6.76349568723136,2.74898487445827,0.293460140993826,50.9161508076742,1664.09345997877,0.71953406419881,46.8523705013403
385.027356658927,15.1298444947362,9.92945942310078,0.342191307453099,144.085116245423,2241.57952562765,0.739402398183322,73.3341709611367
269.633892526585,47.2325131494618,7.97760098951487,0.37042832313471,137.286950338111,2278.7866910167,0.772485285964091,63.3718637316291
176.64350124918,94.8514085075221,3.8936770829854,0.324179635535934,116.760107441432,1600.39907313757,0.551262077527507,48.2872564281112
124.746708931376,86.6502792893075,4.80743095112523,0.332296569761059,64.381951926837,1604.04478224878,0,0
203.744896436402,86.9179401343134,4.78336775561344,0.32562131115283,118.121758753643,1852.27759089215,0,0
248.002847281716,45.0514150011543,0.861669041509596,0.294025850761863,105.84547037228,1936.45877397314,0.738591707940649,42.3936459999632
225.223924886852,43.8135361352029,0.883321110200256,0.295664392695904,147.211192738728,2391.11229786068,0.751274907810984,44.4343416345158
327.221071428089,93.1110309800399,3.0226346436704,0.310644593599928,125.201465268486,1701.95655139581,0.611273182063624,47.5833115206314
185.927436464612,70.9264716270296,8.38529402204732,0.288893635790147,93.5493630858021,1793.16474949442,0.844635381320509,69.0837183081261
260.111559160145,57.8981161923338,7.32141830080889,0.312646682756289,52.3223119855025,2242.18814071205,0.529649588010686,64.3944509307275
357.687895897718,72.4614280043381,1.08308376811584,0.311432644520969,134.609715213601,2325.01276922493,0.544526840212556,45.1558895570284
132.071688621167,24.7608447947354,2.14740912045496,0.35628768451772,102.018037534607,2043.71184737861,0.807492763992342,46.9229223519697
239.543517898934,19.8842435864142,1.0934719379095,0.344386125977708,66.5170731278185,1873.76711497153,0.716197249514868,42.5161088901233
147.750091509404,24.9873591080307,6.0905795194973,0.342912279390343,118.542599521837,1925.69873471239,0,0
290.138044504613,26.4142563357424,6.39404335549458,0.342476953687661,90.7187014459874,1842.18868279918,0.693772300444421,56.2520063489992
390.155563145088,69.7206905450898,0.632440669506259,0.314000379133862,59.541996347615,2465.98725719635,0.581524495070595,41.8527338233517
172.436948145218,29.869903885506,3.75960582815794,0.342025736851744,146.914861397814,1794.54299056617,0,0
194.898368732515,96.3119389965807,3.51468163092232,0.325171560639983,78.3161333168302,2307.78661748969,0.568218221687341,52.9014084275784
160.549860813938,24.05841507966,7.35314452817772,0.357490549080748,146.068791287993,1624.07934902894,0,0
220.953346622461,93.8262154709373,1.09881466242787,0.282783938066835,113.759415240408,2365.69375901832,0.557105992949296,46.1077902213367
373.20998769057,28.2489555098601,0.65960515651138,0.282776973784558,110.133852003322,2442.63352134733,0.759140591468716,42.8874354036554
199.816825497852,55.9962019917646,8.748382533624,0.309304328925364,46.1384871405029,2099.84465723945,0.791328094708473,69.5890626462495
101.476797773014,63.7477073620001,5.4692313908474,0.329399310663114,105.267831818133,2430.0347722035,0,0
200.680151879344,11.2536069438796,1.51033062366223,0.300716725272493,51.8288996002763,2361.85837402607,0.75342482665574,47.6797506630533
100.993710417177,41.9665807615617,5.60130975834746,0.353360559244493,85.2148238722705,2199.32864567931,0,0
118.469764192024,30.5884044682339,7.70065298127876,0.293176057474081,108.227674588049,1667.01964320067,0,0
125.480798937786,8.28837938698402,1.36940256220137,0.31312698263223,82.289253989854,2438.60794774623,0,0
319.585691308088,22.2800292165499,4.4652321244837,0.334873726424319,120.361870835014,2088.38852258828,0.678918871044052,53.4020350461593
153.503183376053,10.5140039475373,4.50342456999814,0.362362684386748,122.505198404152,1621.24542467787,0.792898468363163,48.7193489286719
199.918879983677,50.9030750843978,4.14058168665779,0.333131065325298,40.3943777584406,1603.96721560231,0.715208006009109,48.1689804598442
252.949525086288,52.5643702515845,2.24692779328117,0.331811736956531,71.9430047493942,1625.71025418259,0.513555510936378,44.8742263315733
129.181442142685,96.2674552637846,9.0865055380753,0.373656220495948,91.7703923167785,2209.20034216828,0,0
312.51995523502,31.1776332170384,9.49641779601102,0.35349870720734,59.7732230451055,2335.41462968812,0.731345661698745,69.9664200879497
164.973965703705,47.6031531521104,9.50111331367265,0.282846452579577,130.181761287384,2089.04343719285,0,0
117.588447431,66.6258054712583,4.5683635091001,0.347444009857305,109.019461992022,2168.42791419813,0,0
292.675184221923,86.0489275029266,6.17074143119629,0.28353358844603,93.9983764338969,2382.42953023805,0.545979401135848,64.4735269630483
259.111466259982,42.8961790580714,6.26232567280999,0.358398036961192,88.6571775298026,1720.00619226678,0.719637961554187,53.9743634020048
319.976309576899,68.868843092202,7.06501574877711,0.33784318343297,126.197945907271,1609.57340392477,0.524914471398541,56.7178268149487
375.518669316734,12.6002590055249,2.10238224200248,0.317557140442067,99.9791347224378,2219.55043138486,0.67899970063856,48.7186940438391
376.131606868872,47.1221738869727,5.82000990444543,0.319768762055914,69.950759739892,1622.36291537402,0.506568643221616,53.7900409697562
294.92437296609,66.7465305843687,2.79579753161481,0.368280252168669,55.5590878379413,1943.07720661341,0.520861547262346,47.5116145765571
133.744046319883,88.829433361793,7.54832867751251,0.361019657194048,64.6423072864539,2220.17962132521,0,0
269.461060067304,37.864303435273,8.16514421196179,0.33955205466496,93.2557789357352,2115.02866255629,0.735034529090657,64.9082046381727
143.996238468272,91.2978519474549,7.81028974881093,0.288505321990501,41.7148305645707,2167.91179863688,0,0
247.99169641319,25.102400982587,7.6883775179893,0.30048055218009,115.514088682894,1963.65297737176,0.780882202867642,65.8490956701352
229.349340036072,73.669820854773,3.08037007240828,0.332767282673813,139.124917007832,1677.21078268049,0.532381261444436,47.0550508862167
246.414536897154,38.1302654736374,8.25937188224745,0.288431616800707,80.6109424386829,1921.81903786226,0.756638995573455,69.5474719142177
193.538657750006,45.1127849065384,5.28627415532365,0.337774585813854,42.7622488905296,2033.91999931287,0.743148307939559,54.1828112762859
398.095820794727,58.4068838098351,9.28032915624951,0.303306041247074,60.6078557658864,1623.6219639153,0.520075347132052,69.5452262525362
317.389333162906,53.6368605932499,4.56469941303699,0.342037585085682,78.7301413125718,1872.1662977468,0.516190881373891,51.4952362571866
117.134126504303,99.5532413557195,3.02121717912086,0.309826615431367,75.3925823825775,1606.2393538298,0,0
300.656497870347,5.28582404828858,1.44424230305702,0.300197511360773,145.480330413168,2370.76234703486,0.752463511827061,47.5155153192063
287.5688993412,77.5758735876584,8.16015187829389,0.377827282501715,62.323071426823,1984.79166349418,0.533636553497181,60.2596034504754
343.282892560929,70.6447458943708,3.86364901596601,0.370173318751072,49.6940317174414,1950.26027632558,0.5172422309818,49.6359244941502
255.580688833484,47.8020215244494,6.57095531015746,0.335064653851514,66.6858974856938,1771.48893444253,0.752088555075125,56.4457328277987
378.457940069582,14.6473591010285,9.34257618615677,0.322125868529083,98.3786909799074,2089.34915027205,0.707145759341467,71.6668837878112
217.844607833165,8.51849750651362,5.48158843900035,0.365819390132758,120.201317063123,2281.00506316356,0.764945052226886,56.2932970934221
369.881804820618,29.2966221230029,4.45936806823141,0.334806002186123,105.263107626168,1905.80030036834,0.696655014261523,51.8913200801878
232.875147258237,35.802449718384,6.44593768954856,0.356773053445864,144.012823987355,1875.31886683365,0.724266060746868,55.868279962432
331.5855616483,47.597477986155,6.92561322760901,0.32874139878505,81.6307374757935,1809.12345281462,0.513502213184601,58.5310186919732
198.858350826111,73.5867824173929,6.68109429024186,0.367721465803614,75.2757271062623,2431.7162905649,0.818730174229684,60.453818099451
151.725386381904,23.1923322425736,9.10515873515742,0.287585631120043,58.957382417638,1807.14995385035,0,0
258.299625919919,9.73888188640336,5.12911997020335,0.333807822355103,74.3380742900213,1950.65498880104,0.747125784354145,53.8466781725948
305.268632170663,65.8485538313622,9.95791032384531,0.365955718974997,137.151717476517,1607.67878507687,0.545816071016728,64.896606337691
104.916979911486,24.9628647020012,9.16599715118565,0.34926715952113,137.752317644433,2436.04687798157,0,0
181.23396544282,9.20947701365219,9.96655767727133,0.368123146856046,65.9210958158069,2239.66127688443,0.859055841800424,69.4530927162502
337.181576214484,23.9640171361168,9.74925072986316,0.284402443394453,63.1361202256672,2258.2820507288,0.734788081971218,81.3818583349325
389.038747253836,91.175400113926,7.88824780129428,0.310812607863834,60.0299188024739,2401.58067669373,0.735254259984667,68.5382282823475
209.041892142091,37.3262505750718,4.82213082164489,0.322260092711574,42.9363103907187,2304.85936315496,0.713406008443916,55.6754170755126
342.873181146676,50.5694234657824,2.31873785369073,0.308355935927652,80.3420127262167,2162.25010136161,0.513101775512476,49.0913840906356
214.123076304827,39.2639368941673,0.740506929639591,0.296152495832195,89.0501191558525,2287.33348716668,0.75798339330612,42.8096439815108
276.138499941396,71.3969890283992,6.56217877169024,0.291523915593766,131.568950654061,1749.30226567332,0.544618611760443,59.84660950802
279.250425732794,47.7629546377011,8.91208070031827,0.362590582684298,118.802558506316,1996.9798109295,0.765492778675406,64.5858199859145
216.100969940033,16.1560459198288,2.6149185619113,0.36120027425324,54.509453420881,2348.89760121837,0.76095800224703,49.854751807833
252.219450153652,91.7747752198635,7.26355907735946,0.356416796238897,125.909486219356,2279.5599347554,0.564151506242106,62.0912512352198
264.697293010338,48.4930669572382,0.746821828528841,0.365087309436178,133.474099060907,2347.80390455022,0.783236828680741,41.5632365877541
226.135533304062,98.8568880055038,3.22351583712033,0.318841142131086,115.842208348551,1767.19111214769,0.549730963107453,48.3493741949782
391.505701044622,65.104575524989,1.08415064512995,0.359912796962564,80.8955069298502,2374.31988228968,0.539532123260064,44.3733419811848
249.672518621062,11.5498796588172,0.973529557504301,0.307103977249645,62.7282790177052,2259.51497718952,0.742016093710539,44.2681137996673
391.213110466306,97.3662342538721,2.64359063074463,0.319262912750306,136.033423163694,1682.66193427023,0.720053708856608,46.2986788158503
149.108007167951,21.9159873619788,3.63622643305043,0.352281298133252,50.9227668738648,2313.57454139388,0,0
376.931472232709,19.269600076432,4.87321218393001,0.287222697776132,62.8967329713582,2395.38490647884,0.676733109897867,58.8840153713924
142.159861053297,68.3729194920325,7.63305935773975,0.334160901671948,93.756148093302,1609.78571729135,0,0
247.767127666788,38.6524868229049,1.75426479086719,0.36363774089772,59.2650333693424,2129.00030841349,0.718627571630416,46.1850066654042
213.816576011034,56.8156713566599,4.23988975951434,0.346293835737108,75.8228143282188,1765.42100364533,0.757845488141958,49.8276279433487
349.513167277074,87.2497550359828,3.0474172659244,0.317436232831568,136.286992175367,2338.13450681617,0.618827013197668,52.0855214003037
396.047625872436,46.9075574200038,6.79227497246427,0.287239225712616,116.542152641667,2351.93671874183,0.518579754033139,66.7265338191974
308.998197558496,64.6971994249445,6.78693933282306,0.326438909307559,104.287131874054,1743.54479904563,0.525696584777883,57.660399818889
294.139627264035,33.4901188924439,3.43804123635716,0.355242601984821,117.288314561065,2439.46088050783,0.711379455455901,52.9252737269371
335.329795102705,50.2784037308688,8.7928737348548,0.342990268829206,110.001406958179,1906.28233264886,0.520505036674823,65.1958134615851
217.709992452456,23.1177573027619,0.951441032124863,0.283405073416518,84.591420121291,1697.80386110215,0.71766159434864,42.028596954518
157.145612720233,55.6677555026627,4.69634477817887,0.378321462837996,56.9994463868754,2047.979898769,0,0
226.842995418069,13.3146631996172,7.3796911490713,0.315144730826443,95.3902677940642,1723.71731414633,0.774826468580274,60.7045088890612
339.513583067283,24.6465132183799,6.06306970504625,0.360571581831933,122.659396152395,1687.42964858963,0.686867900446748,53.1026859476404
183.467457084282,5.43011719853482,7.88196347185601,0.303482089988642,95.4093830266397,2310.94590021584,0,0
356.515842341487,67.3642909987253,7.61595384823695,0.326025316078388,100.598006553991,1640.97995023718,0.528622012943579,59.9009201054463
393.174600028604,94.2783573496535,7.83905577313357,0.308150403366762,94.3887661724984,1829.427044311,0.740391756787021,64.2016960174754
255.378454392566,26.1806732993075,8.9731398077005,0.316401019630114,50.4566218898812,2350.37600312115,0.790069741413932,71.9297883406996
371.615388528314,85.075183145785,1.29292675003364,0.306270745765983,142.624511355261,1812.3636507007,0.624233436932872,43.8378182049336
260.038693253637,9.94939563983163,6.12801649878704,0.353628380285894,54.3327514034605,2241.8294977986,0.754154659214601,57.7242155143612
152.203580308479,65.6516439016824,9.93208109003223,0.369283119906029,128.694779224872,1737.3557864387,0,0
115.503036572426,66.9150162708323,1.1360133266366,0.323190201012761,108.977776679056,1645.5392386197,0,0
323.024247921081,85.3250959258001,8.76130250815168,0.322300649498324,138.947950796216,2071.5587925831,0.561655432444377,69.1618531382867
180.380077786521,78.8108976904044,9.11696404780306,0.312336769544125,140.690691619879,2119.55088365702,0,0
182.348912188728,8.62322652777355,5.18965613931422,0.312430460629461,66.5944474544681,2367.51972946263,0.803895241305834,58.3332126034338
100.766303636721,68.9781207216717,9.78477896808415,0.331093782610684,96.9772479327028,1733.05323993985,0,0
283.050815641786,57.1338984909852,8.97997223585415,0.338723532926243,134.012262852751,1896.67252586497,0.535598179094701,66.5631395560556
286.101826693246,9.56346869915625,2.4964501603811,0.353547936269779,63.706285776459,1676.71615686133,0.700247925719457,45.3942405073797
396.040610210021,4.97453093939767,1.21119593752221,0.35626972202689,141.593529791655,1769.88242891408,0.731557895006065,42.4847329195385
146.380389033788,42.5273954581667,9.96959717484515,0.315337685723249,69.3155242778468,1814.05178183398,0,0
197.537287221402,60.9171304869718,8.94488875354195,0.345619342489406,65.6006478900223,1806.09553223356,0.784408380059619,64.1674954515225
371.434122670284,24.0509708581915,5.0750567816149,0.317938586026506,138.169133283102,1842.78638155726,0.700265379635149,53.7301482140458
350.722702676402,9.4012896401001,5.91208050979652,0.306700668441164,121.334367631391,2038.95072650888,0.731562579881431,58.6426464262006
295.45227588118,5.74054422891643,8.0939910253078,0.374280153359864,104.493528299446,1602.83712761984,0.730828220251183,57.3974188798284
167.075087332252,83.3985717505977,2.86327591648594,0.309272785370455,65.8693359035354,2156.55244751324,0.813540940239907,50.4322455259095
309.338406677442,31.9976864567097,6.4018440258081,0.321506171275206,59.8340403473587,2047.39798071383,0.705615061666391,59.0015821019392
396.107130610553,32.2122252113773,9.77542273904037,0.378220645801171,97.9567314814382,1828.33244872703,0.527398693596822,64.7777752079481
236.262479282608,20.7803909101045,7.83974196532907,0.291586493710655,107.086213335214,2324.61565856199,0.759706782912558,70.8418367301451
208.403172332972,48.1552718669508,7.81078371768684,0.363438179728702,127.839800379394,1768.09307092593,0.760246878527196,58.6678942845374
123.600703494789,28.931233526736,6.33769775831611,0.340952165096241,101.273534852764,2018.88729236126,0,0
342.155328989088,95.3864910914031,1.71875738550734,0.298259728159265,41.7645744049645,1828.10495103923,0.706532235614802,45.1994007515109
397.456817638795,79.8308294030091,2.35356347049017,0.341381226614311,44.1723168033219,1763.2638556467,0.677816329759953,45.7145190531131
387.127601654475,39.0132347566273,1.06894467656695,0.282720747028432,46.7517539878857,1668.30583305211,0.509255125225375,42.4608820212552
163.80550538157,10.0747494092127,0.945096748348821,0.306144354578354,91.7255650483878,2367.66955372599,0.812944820031115,44.5512950633275
385.206201519924,16.6705365447781,7.11895199858995,0.350344408813228,142.68923854103,1862.30644227756,0.655444251788882,58.1801193345857
389.396289017944,54.4732535051483,4.96919067378853,0.295353328551621,78.4534229322163,2271.83942064903,0.515078862912858,58.0163438757122
150.744154209898,87.3976592540196,1.92690898087188,0.358448912171897,137.10433130576,2495.57257912589,0,0
263.403979439577,7.10828696898016,9.35643034626141,0.36347722466149,43.8398997382166,1956.74038223294,0.72675893851431,64.5568631628311
366.492366812722,62.2991706504142,5.13358704842643,0.314245504240964,96.357879906058,2368.96833297926,0.51928933004341,58.3345958091777
309.267300673434,73.7231111963935,9.88014054377635,0.301701701219507,113.627539664244,2088.04717539893,0.55644394175637,77.9744860247796
239.083153822722,80.0876238065733,9.35471074044062,0.317684871359213,41.5458683312516,1662.19229174442,0.549157736737588,67.4776573863403
381.936084897706,15.98710494469,2.16393515919986,0.312229969477767,129.430298178636,1695.89736251481,0.632370947778123,45.5609773456232
120.016370978464,28.8798606999896,8.07304265160527,0.334483938307454,119.435356681159,2172.36621638607,0,0
396.596301863024,9.43366010959563,3.76029369841448,0.352015349178874,51.1006028466703,1992.44067489708,0.708474606215576,50.1766967617887
101.559973273426,16.5645471047986,5.59406566685118,0.307072435925384,72.8254966416473,1617.38945689192,0,0
230.823594095119,70.454375368676,1.38521595538073,0.297512798240717,125.195424058313,1962.91710220257,0.529273442045121,45.08902795561
297.112441905238,44.9558190979014,4.79053174718404,0.363794556253536,48.229174708565,1770.00906377471,0.509226554512854,50.2421630085969
382.484932377684,60.0900656291726,1.65562042920406,0.299037389291445,63.7329017507416,1812.04127774853,0.519532128833001,45.1373255127461
246.146024315855,32.8984976855731,9.79309833546462,0.303486833463919,58.0085811442361,1633.73832542878,0.739718183055116,72.33554955193
243.604014149829,47.8087622606536,4.05612584419611,0.303857350094196,121.327460278342,1992.84405925655,0.724249354499839,52.6940930065063
382.702801935826,94.5020773629632,2.03198843238625,0.362864810570787,44.1838035162616,1993.47487410711,0.729423155516582,46.0287894477866
162.075384025471,42.5810723866371,6.54129180978808,0.346559565647003,104.650000156641,2006.94415970542,0.837407284163228,57.8436315538117
311.429225717033,79.4866554762197,9.36896110365803,0.307450419709685,76.8603944080674,2471.22345220947,0.556422643620063,77.0237938230568
364.144065134622,29.4269529540015,5.53496638921624,0.342391767099682,71.9906501747296,2131.62798287656,0.700167745062509,56.0940353384316
136.140178015026,33.9028823247185,2.39387682652154,0.301433141417962,119.923098622715,1779.36155176023,0,0
164.290001291292,39.6786024686559,0.56434782802964,0.368346164917694,83.4322836552837,1929.07351284595,0.841383096740138,38.2627709279993
213.500715820699,68.6867019564293,6.18604667892492,0.340210578975342,115.954531410596,2499.07008397339,0.80987017004187,61.3243375784267
258.420217685905,74.6822172283831,8.61394479422049,0.359721173309651,88.1648548003396,2016.6713239832,0.557835321661001,63.7531441381775
286.604818649344,77.7293993020524,8.1777705875454,0.369504013372782,90.2124894413049,2438.32262136034,0.543603668621918,65.1246556644289
123.540359064273,69.7879629749067,4.15365517481326,0.363277116798525,113.02124920662,2383.55511153774,0,0
210.65389499037,32.3629432551127,5.31539025661826,0.359277747709882,56.1551932521185,1759.19882378814,0.681521206018819,51.6368837591342
213.990239314899,65.3501540003672,4.16882302196713,0.283681547238143,95.5379273920791,2051.6708465351,0.775208898143407,54.2535998811172
164.217782456905,89.3231328241693,4.51081217173253,0.288425410971397,121.649125212116,2284.76868062152,0,0
237.889535737063,89.4785664041377,9.56866003292239,0.313847513203349,122.706520488499,1706.76530718001,0.582523828586375,70.8952673409432
367.995820223296,36.5294210570756,4.05741846952473,0.347564089157841,135.490584458617,2316.89477481827,0.512530089656144,53.7808992780076
237.398670159923,98.3988698212974,5.14863276473316,0.299341550107926,132.679297639533,2170.2846007462,0.564088299492309,57.7554929164737
105.44017263175,15.9829022258744,9.31824255224501,0.301919797728854,50.7497037163568,1984.81620621633,0,0
212.333388530826,72.2333299887957,7.42863884004556,0.325812116342729,73.5694147624921,2454.89096207998,0.82433286451067,65.9047217016955
118.00662473509,58.5722086170232,1.33612866627114,0.340062671939026,47.2947847777428,2433.38501464124,0,0
144.615014941539,87.154488673305,5.53429714593067,0.322515707892752,76.8349181613495,2229.48499070661,0,0
302.093252109341,71.6267484837387,5.13580239472505,0.3128144210217,128.656498296178,1886.4893577013,0.527084374123135,54.5203125584271
274.051021409097,38.0383003501042,5.91568766025062,0.282766793724112,105.456320641901,2058.3379716466,0.722611032301961,60.7756569711871
234.558162883154,61.8880734367871,5.42624147738898,0.332000801190475,93.4923900464875,1807.83214622397,0.527582770449723,53.6964691220992
383.528645730157,93.4631163242544,5.31929993704478,0.297005276652699,94.4569915640978,2138.10810725452,0.728876828546518,58.0981659281149
288.958860358174,53.5120697818756,2.07159363791071,0.358474125443907,83.5207301676883,2219.75322274507,0.517967820104121,47.7505426929279
189.402768127201,29.9499693200867,5.53710704300824,0.344466582287276,110.104307672639,2122.46853452833,0.768966259324857,56.0274053267893
251.674051817402,79.8391330473195,7.04829525084049,0.305890256742828,66.7202252645633,2321.2593568885,0.556749202508148,65.0518166130714
227.239981338171,61.5089927390157,1.49280052913748,0.353237549812983,85.0804502153761,1799.73123743183,0.584437439395256,43.7103018783902
213.204533710284,93.9872157894416,0.998383137886437,0.336518933966199,87.0856324167595,2486.80656854863,0.567945710010114,44.7365882480772
166.685560260845,83.356757773734,5.64155768338948,0.330127507412955,102.997811278041,2340.04274946788,0,0
367.897104906624,18.1306189621878,7.07664827471683,0.285297054780531,63.1799901299419,2331.31658187799,0.686301779069933,67.3280205010502
241.376654993208,12.0085732623878,3.55111227364321,0.359648647746596,73.3460561074174,2303.58470088478,0.719800053660536,52.0278114010306
392.931829825416,19.261497947398,5.71484519164338,0.361178164446498,113.563997375451,1682.62746132131,0.669544909613171,52.1446222276345
198.741990424189,47.9311981062787,1.24021230697055,0.294014512975398,141.325626007558,2054.1614220219,0.731214154111413,45.0424165922707
218.062578019099,12.2974821587842,4.71729844630708,0.296966540292362,97.3040938894262,1672.92341989568,0.760614808252684,52.1047203870786
160.790162892353,76.1806423950869,9.21622207299435,0.312521893052519,112.364685614165,2301.69090161387,0,0
393.512588376609,15.2763252183898,8.43762629214358,0.340521532277233,133.393138260749,2029.16331088426,0.658535639113402,65.2070761017288
289.733749113001,13.5151976006061,4.89840956679043,0.289146876566237,55.8894360770453,1864.21159214045,0.72082912014675,54.5062121387837
343.12116530515,25.9201084492483,7.12692796237323,0.30652335270171,106.960977814131,2191.3918776555,0.708126442008178,64.6112482798841
167.816695004845,89.7613919494463,9.98154784355199,0.354882913812254,122.764046376241,2121.29661831009,0,0
283.744472151961,60.1322874831142,2.39776035825294,0.319741124479253,103.496640689177,1600.22618913488,0.513009084096494,45.1592612423707
388.70098412213,60.9737036795383,6.65474289428584,0.360635748946029,76.3827316471827,2224.37755716185,0.519070990481511,59.0667120651249
200.789766978365,74.1855737012594,2.83187836997844,0.335370581968804,89.0754780914781,2245.42010443988,0.537764900613709,50.4201763436709
238.58449420156,58.0123604986973,2.95942272647903,0.319532412598026,130.34478759923,1970.12920916242,0.522123563752644,49.2492138718016
159.16394522014,85.6727055641784,0.806459467759197,0.331489851433742,40.3974908885007,2225.3357106389,0.840623474132443,42.290327365898
332.26399972017,92.8864599769419,2.44715792750458,0.305820300057087,118.364713575903,2025.20757067967,0.617361894602771,48.5634605933248
313.842098306906,15.1164186609263,0.895479844924753,0.337105992866107,45.8821396839642,2066.01289712809,0.708041038366493,42.2927253482635
257.264536995596,54.0090192570779,3.03667424224944,0.291460965251084,76.5331550517582,1687.27489880772,0.515547031053471,47.9579236057992
292.90695478586,29.4070083086664,3.88937213312869,0.356828692994623,60.0753254529662,2162.30689218405,0.702504422164547,51.7019326348093
105.668150448082,38.9943397676138,4.5175060702966,0.372030335230197,46.4305215664205,1720.50479026355,0,0
362.714569501614,4.08320242843656,8.61321929598204,0.338432793696087,90.7527036734228,2337.63407445782,0.74132296778598,68.6664139822714
108.003295834355,38.4566387958797,4.81744771892234,0.282529465690339,140.744732040367,1643.48700484732,0,0
115.62898976632,4.73479698688257,1.89705701000824,0.319058036742802,71.993974863335,2211.14479709151,0,0
249.640502081286,39.7231894318222,6.34068622097978,0.368144947175318,105.473583231616,2339.64781194445,0.733626947250479,58.9354613720794
261.86227471751,49.5816355711064,2.61613753069276,0.302586183340278,81.8417100208662,2219.73770382805,0.744622801403837,50.4488481602593
101.98031597512,15.1896984830489,1.59946146259342,0.319214904072619,76.0647733166742,2338.59370335124,0,0
114.744679995239,60.4190274622331,6.03120668630309,0.320283059487938,104.386050290182,2101.98190209751,0,0
217.502239735547,9.6129243765191,7.92142795035464,0.34556895991442,78.5364588963451,1782.84501847947,0.757939270099621,60.3571733915063
146.789013675046,44.7709724128987,8.99817147649526,0.318654997876787,79.4262626337222,2107.44007603303,0,0
397.508986599799,38.4960570636706,5.59421300731614,0.285362692047808,148.044675206312,2443.67554103577,0.510010332431244,62.5610883979032
347.490484016628,50.1355104893404,6.88476756811424,0.28402938123772,43.5261658539925,1967.64676907599,0.507934368732538,62.8393143989729
245.060176729069,55.8433652001074,8.85841728270197,0.350903777833465,132.472340716168,1991.27890049716,0.791772450653312,65.6139285925013
277.555889165439,39.3713429929899,7.02232737918984,0.323015419841857,107.167076358227,2236.47270154361,0.726920557063497,63.1098835628553
154.085165136076,73.9893027237122,2.45828642014746,0.350428015967101,75.7697617005852,2037.06240521431,0.777101869400831,47.7695163275886
224.77126650415,35.9975133699354,6.54171583049212,0.303452312095797,124.963487240913,1719.57906860333,0.734503504115758,58.4027195000184
229.935490029762,62.5791276875972,8.59229059758251,0.298961909881765,85.540590471693,2041.78800058284,0.827054325200909,70.7243913501666
247.809371191019,41.9633528604897,9.25861317913957,0.327932607616004,57.6261573780378,1894.65256881006,0.743787962983687,68.168549788895
309.814681179782,46.2544234210031,1.87086948010096,0.317544270060074,126.286158675324,2030.54182033578,0.516114887393015,46.8638117245516
370.353145180113,6.51790484058315,3.15334534924166,0.375696806584411,104.551205923238,1923.56289190786,0.719000150031061,48.0687614022973
197.815015026167,8.08361067937969,6.45360210711498,0.300688918090017,53.9356516057667,1689.49321875735,0.778181623127683,57.6005250179578
137.008851141498,57.6285572826745,6.4385012391298,0.289174012170986,102.042122969755,2364.89787528984,0,0
256.926129752178,21.6145353781344,4.05396822053218,0.29994773723906,143.875278860611,1820.7534787061,0.732632127287494,51.3117680422931
114.342349205116,38.2949238654106,7.28642228485529,0.306320866311733,86.0697185462637,2076.74905865868,0,0
380.991550811698,35.6127225795134,4.61329827042998,0.352918340090371,85.3862935466482,2364.78583918703,0.511258639494889,55.1808726713675
131.416620706201,50.4338210643816,3.51618656130462,0.28256130557745,123.821221851531,2421.96955779732,0,0
302.587401835542,94.516561031527,2.80262394254724,0.337668594548594,101.82811769766,1698.0245333857,0.589083047297874,46.487737242039
258.166281694277,46.821788185569,1.72799198373547,0.323635815972982,93.5701683305419,2463.78911263501,0.736059096868156,48.6932658625994
330.814208634433,91.8787801410181,4.45845786688082,0.345856762718694,122.568289272797,2365.61376396662,0.600761325367725,55.2116120505749
111.171052404996,52.0835554711105,4.594474247407,0.29019987025373,82.7829942656584,2398.08953145696,0,0
200.372292156596,14.1097394137128,3.47510229777685,0.362793518158163,43.788607145403,2190.15738305361,0.73221291610681,50.5573999652297
313.379624768178,11.1527318424775,7.75596896312505,0.31270014380171,105.834970992202,1905.68132874006,0.747856891963341,64.1880318399404
261.149028379758,72.8117412870491,7.46596457208095,0.353384022502121,136.382841821209,2094.77115308022,0.553066338221155,61.2840449686565
368.853107377825,72.8665840300615,9.54265999995832,0.315962983563039,59.6302817425993,2332.36585025855,0.529675329213453,74.9476047317028
351.098025936715,28.3218967121811,2.76195092863246,0.30126584709822,117.015939553753,1979.6683400172,0.693691987792414,49.2720532829745
303.485569873589,91.3383085973798,2.58226141969795,0.363252982607884,114.705867191996,2275.19293738701,0.55371569718098,49.5007853614015
124.17097658358,10.0599993630344,1.71120804895351,0.378205634714062,59.1550964523688,1722.91887315431,0,0
109.168281800308,4.45721417010651,9.13054630899795,0.329678584308555,149.974489312578,1866.79872342097,0,0
299.964873226384,7.34007023225764,2.8288579397606,0.31507794689342,142.94412470049,1682.49427608011,0.696159554959474,46.7914701035148
247.454351949903,72.7814046001725,6.25722429606128,0.32168484093351,110.543795936989,2488.84803861562,0.553675974019954,62.745268454748
326.924342053918,33.1626081222158,6.68519508106635,0.286949630273098,90.1403120556501,1614.20666917368,0.708352551927697,59.6036883608731
254.133464967057,41.5343178541993,3.98465658437319,0.30954706340659,143.348549412897,2234.13420637771,0.717480099627146,54.0949349153177
299.359935074627,63.975892212184,0.658449503970247,0.318017154088668,48.3482534569376,2425.77041427629,0.565571581851492,41.9211272757925
299.537731594251,89.0369799146931,3.1596250050779,0.333158905438885,74.3707378393184,2457.68718659556,0.547701660882875,52.7421715768744
190.43359309892,94.1068180940457,3.76970104980061,0.306819338821101,89.3841432217742,1690.52560465172,0,0
132.278870481526,8.15357969480214,0.649866027597322,0.282247963445285,64.9291525671221,2312.87706142427,0,0
380.372206021991,96.72532668996,1.25910455392984,0.335099110170707,83.6445908528135,2263.46878767695,0.754379714063468,45.3476559237038
133.61175533288,7.03484022364818,4.95661655409358,0.30928235285651,59.2927157956479,1965.53141618301,0,0
277.776621249952,81.271454285329,7.52751828159194,0.378472771724807,136.67672034547,2361.50859442912,0.548097058052677,62.1569118901138
356.718206158991,44.6571417096721,7.33150821583107,0.302334166808011,80.9613665526573,2378.67355727908,0.517213860598314,67.3901026746062
224.449898599612,76.1545558286277,2.46738942969368,0.285232773032648,129.398182670654,1656.67219093322,0.527972642903481,46.4231770816212
218.904274044112,90.5528088300265,7.51037407547066,0.355259886780631,102.701340019222,1873.88673628444,0.561672618450133,59.1702967914275
269.279284472203,6.97295544282465,8.99580619782548,0.318085473763099,106.601276020737,1843.00048585721,0.772843767433113,68.5632804832877
360.6003534254,85.942984708844,6.95674742433197,0.379188862319252,54.3995891704385,2048.37930925264,0.615200264311237,57.1905307118687
230.445438093849,84.0414381150054,6.94872851054709,0.330062520632576,55.383583009426,1942.919486377,0.556063556855232,59.2597386946045
309.213530540078,98.4367027732626,9.08849551986478,0.286791358802807,52.6416772849744,2414.97875591617,0.608039754707803,77.9338231137532
315.384324414201,22.776054353988,2.03016910719456,0.32891338627017,143.630572902143,1652.28877615336,0.668071123367376,44.5544746785873
237.236717189542,34.5665088573534,1.07229220035477,0.298066439852912,64.0295059723749,1907.42768681686,0.719616681818405,43.4663704048328
191.516495996245,18.7420631573597,1.14824720194219,0.334321618084491,56.1763466573974,2042.30955659964,0.779810659809361,43.7514753611899
249.552358526251,68.6928913086629,6.06517722785742,0.285896969256655,141.718925676857,2435.77831219515,0.544813358042088,64.3678540201829
100.363561179262,30.8815130384453,9.56554024598943,0.303437244808739,109.276783233346,2294.07828686354,0,0
120.12730901495,67.5718073850811,2.90393975640262,0.34253145627646,44.4883323524924,2272.29037556715,0,0
222.98262710578,59.6263044866374,8.97869634610249,0.362806414774026,108.075221645116,2232.80573412612,0.804809121657288,66.955424432998
385.131903157156,7.88025649702195,8.26114823808582,0.311188771750682,77.8683478491766,1926.92479491986,0.703459079831668,66.4708241220675
166.823393488397,70.5128874794648,1.91916378792296,0.29820487645071,49.2075759333125,1894.36571277765,0.760854858775939,46.3314756795027
214.438072585337,53.0573465779947,7.65210003175586,0.322421274810801,91.4091847129526,1645.29655193934,0.756103785868569,60.3634733282359
274.779783603214,30.5785279573576,0.584278045554665,0.321827714659155,55.4603061646553,2067.25620441768,0.753978448925937,39.8506152238106
277.123054349951,86.4465418120168,5.75593695280052,0.302890380492552,99.1881809400161,1644.82933541359,0.537958997836152,54.9635912884681
397.89460210687,14.4884736485999,9.31179401584215,0.357736766565005,114.584466375363,2480.85563395011,0.733859836057147,70.9393063920444
174.13251399715,88.7912406310244,9.06076969648689,0.284318221457442,94.7633099094635,2231.40323814798,0,0
179.327829159604,99.2873053572752,2.46245743622325,0.377797657832391,141.190703590108,1676.52280527686,0,0
136.732874045637,32.9740692980825,6.62537005933651,0.320147607759661,93.361017369259,2270.74995083099,0,0
135.541264800445,36.4742197640334,9.91623551488412,0.313773651127524,61.2891187706778,1961.06794006663,0,0
386.484529550522,54.1422424252216,5.95564558280126,0.314584330761402,87.2012531447152,2229.86468397292,0.517057678092744,59.8632587605249
339.015781512084,58.5903379779833,5.33262571221216,0.364116238617704,102.331138298112,2056.22038110494,0.521418591927092,54.2264263990308
365.636307342235,77.9526626663515,0.522475412105576,0.329051983377684,60.7423369073814,1751.52242750657,0.597720738592227,37.9812554807207
104.08279151757,39.8682078967623,7.29400403781162,0.308476956449131,51.3845979976654,1736.7793400198,0,0
192.49653563872,99.711044771195,9.17853023222148,0.334293945013184,95.2219824329773,2353.75036958732,0.607621475154485,71.6104589544547
314.39548768382,77.7575309095677,4.54451065263465,0.28683423676847,63.3433743899427,2242.19702248805,0.529763325911779,56.6674436106693
251.759518021619,43.3270981289576,7.44236201481601,0.281293998066994,139.869890004422,1931.05878403399,0.752861362219102,66.9175968640141
263.153643803679,76.8737636581389,5.74447229605913,0.332163656138179,48.0449913373592,1809.28327783331,0.528360959717498,54.1165053950669
271.40126313557,88.2519425367371,3.55828471831671,0.308346314804506,125.73957415748,1706.05034919383,0.532756323690026,48.9381187884596
349.599800363511,68.7857245658656,4.29428444201344,0.328222684535252,55.0842126167253,2353.38836125791,0.524181503149668,54.8652258001075
174.179176244835,37.9466844180539,5.23808719606258,0.373295099541651,96.5701637484123,2312.42221001742,0,0
242.013690948864,47.650507303433,9.96404447594409,0.377712235771477,130.109979526631,2411.5378866206,0.779715871832217,70.9045452078336
255.237174457278,11.483172645516,8.14908929369897,0.361956520698413,93.6522050291826,2420.6392890293,0.747993615819933,65.5769617497545
353.817585165924,55.6867472679492,8.81245139394604,0.336737145690609,44.6316557576671,1660.27312842773,0.520509799122314,62.7697290061365
199.549529219264,70.2416212316361,2.30289744069106,0.33096817089908,89.7593756290627,2003.04750956113,0.595807831073702,47.6028232448173
234.322748604744,78.7812096655757,2.00398922479967,0.375037477784794,119.642882272255,2282.87453105033,0.546649813808377,47.7038839836575
246.320447620814,66.5916904651411,4.58697003730692,0.352869159955801,59.6958021899328,2436.60264504253,0.530260357864637,55.4746228222647
211.450374739074,45.2665474475967,2.69224827094332,0.337048719204137,108.257230305045,1961.8212997094,0.731721262538226,48.1074312520165
367.918754577662,44.9595143287832,9.83106297889821,0.353892881457647,76.5404110992322,2392.62139095682,0.517853987838696,72.0864189214156
365.051159594258,10.7742795037467,9.01770361366166,0.348319738639761,100.718804074825,2137.13958340484,0.729289488573636,67.6271520195697
133.002069513065,62.4697142103409,5.08693853964076,0.295843687204256,112.691613287015,2027.65139187332,0,0
253.538186576934,59.654926847188,9.16940491832922,0.352382284628034,132.836378082094,1685.15269083294,0.541955055150762,63.9006734975241
184.328392692355,21.99263347726,1.27857673422662,0.364510253837826,123.402654478111,2221.19258656981,0.779449138534903,44.6773099543783
140.917344225053,48.875408558211,4.82746720021145,0.307001369442916,88.1500717615879,1897.04487193903,0,0
223.139898784431,11.0755734970594,1.59410985484324,0.341260066715241,44.6459858484338,2291.0130715024,0.735620333353049,46.7014926998427
315.077687139672,52.8336142618526,2.94106542830259,0.308912286759677,134.859026980978,2346.00207683629,0.521634914175301,52.1987147005947
249.033960265615,80.8773138003804,5.51091189504796,0.282352552789348,111.389373013801,1693.24990221964,0.542314669759522,56.0180077513863
346.077689133104,12.4596521052704,1.93183399760208,0.372422267616993,147.424855215342,1805.32870936707,0.67175819890893,44.7604558702266
393.239333354008,7.63584833444454,6.95034160199305,0.345346490163023,80.0609429100767,2417.04393248819,0.699969194266073,62.5962491092793
178.465823491501,58.8398733170891,1.45716979617615,0.370089599651129,57.9787749079781,1988.96804838324,0.754378575969789,44.285560096691
194.800806020114,34.0977141256839,5.19720255117824,0.307362052967788,110.79729862875,2158.61791456718,0.808136805799002,57.2018940116178
372.015722596455,72.7545430274304,8.21841296042706,0.306378794842193,58.3566466467368,1666.77036751551,0.536272200830649,64.2253415579678
288.518816470093,42.2458126093222,9.84522070304194,0.300663270682752,112.206160236089,1696.49846861473,0.761816889507799,74.5245801453209
101.833545392312,27.3149229691226,8.92718548077443,0.367139890752409,140.314298857817,2303.80110174573,0,0
152.85361498029,26.3375843994923,1.74957782467004,0.323200564755674,49.1931276891444,2121.07046836008,0,0
390.148563500291,85.5200325967976,3.22514198881616,0.378210482817839,73.2065157110204,2483.72401676505,0.713549268928275,52.086130837562
120.639542274918,22.3243350550566,1.7826082930757,0.287699814263898,146.763630736443,2007.35208757583,0,0
227.191929126354,77.4156376979837,8.75390523185428,0.325795874976355,109.02039965226,1740.93853723462,0.560238321708528,65.4615999061325
357.251011602643,47.4578074349727,4.56533959295623,0.344621279784736,45.3131394231146,2007.25093934759,0.503466694388437,52.0612963506983
143.449494511862,56.9208081851425,3.24447377706581,0.282825743162646,78.7451964034077,2011.2992483539,0,0
150.697600932129,74.9880466678659,9.07692983656384,0.281609642667313,92.4412181691837,1996.44088285602,0,0
141.016112196442,94.6278823571741,5.13825698293335,0.35087162203954,88.5801037490884,1964.82742681465,0,0
109.852948478225,64.2053432563415,3.39459759127973,0.319754399717048,110.994232739589,2412.83156609138,0,0
399.934599927538,25.4593399479809,6.46637103423974,0.31181947997803,126.577321051277,2404.5922295452,0.701607881283165,63.4525946458425
339.150952087251,85.4429692959853,9.71778645565316,0.299256921309319,48.3736565104158,2323.48385978422,0.56771058561491,78.3045124696055
269.677454681049,92.9320233845063,4.93865582594573,0.367178683964008,141.172516391324,2411.12993563603,0.545879658761322,56.0657703949111
264.664596442888,48.4047718417237,3.23925588481799,0.319079108281225,133.650874483463,1662.16631329306,0.732099796267327,47.4507874584767
116.053827561934,20.3119488206375,9.58239885876705,0.371849121532669,113.798818184648,2295.73948501402,0,0
155.419953676389,84.0674097485385,3.0247832418835,0.350899380609519,52.5094031880121,2408.96838659026,0.820678957125541,51.4244764131821
397.350699644208,5.14360476040511,4.32657437065147,0.314857567544746,122.528736835228,1614.13675785155,0.710603813655101,49.8578879955915
116.704131306858,15.8122415592283,9.58373751980418,0.318913774319708,116.608862424159,1822.80187441787,0,0
173.035615076744,76.4103153792463,7.65302974602557,0.346095839754375,78.6790267642779,2404.5596796744,0,0
302.439216615757,13.3101968865995,2.87648464225048,0.295769399792319,83.665380555344,2265.08541473306,0.725081674592611,51.7521786258297
149.661009541619,16.0299402826935,9.68145725842709,0.295964597910383,139.688067821586,2454.30396063383,0,0
348.408201651085,90.4231468235881,5.0710330775748,0.313500401541482,107.620801507024,1942.94890940077,0.620975596823792,54.6530610797624
377.615803853298,17.2162378193421,3.60804616104252,0.308685741419315,149.628223716058,2167.72775498423,0.649608523869075,52.6981238517597
229.000763423733,94.3497676171424,1.86609945146196,0.373052260313205,97.4415913574155,1894.83291729418,0.547377168271375,45.0730163383828
271.838208989993,60.6010909016251,9.53633056123519,0.326111824722023,41.4472781251,1724.52825070761,0.51985652427323,67.679320571406
236.638355190551,31.1663116817561,1.63902201664681,0.379140815330254,92.0419520809549,1628.39195725853,0.693669351403585,42.8463530415655
298.401920369368,69.0449428617396,1.43374702344762,0.312153155439759,142.664285292903,2040.75531715055,0.529489954033156,45.4359024015006
216.86618120322,99.8106659985412,3.72147374337359,0.292700664909208,129.058660446231,2234.01139466274,0.562019273529942,54.0695915049152
142.428972683016,80.4755719087474,7.71795643820225,0.323090066589984,71.908746072401,2143.84570751638,0,0
172.191486969435,5.17154143089381,3.54977081828548,0.293210434509485,84.8835231001906,2294.08840524344,0,0
133.099417943584,58.9887375639791,1.27739527970725,0.374061845520386,57.1709594678581,2096.28929852406,0,0
363.328087621792,48.3698786523118,1.03369422604014,0.342417432963918,124.371776202563,2052.6641102647,0.525689652507443,43.0350094386851
299.395438132622,80.9209477533366,9.01027982314042,0.375191474594303,117.822204786343,1612.38876483215,0.540023716895332,60.4640905124822
258.060527995148,55.3774888235046,5.81461534864682,0.350934549901646,92.8179182104535,2277.1753357874,0.52489944706504,57.7419239592941
229.378510035789,24.2348658836132,3.19274987122927,0.344570078155692,145.038806487077,1638.021469782,0.735833915425925,46.74704698215
117.48676978508,46.8716756402419,4.34070876030761,0.362092176160689,93.5369398441182,1705.41873376504,0,0
249.101982527963,5.54610231917536,2.75858063382737,0.357131429612153,70.4703795040369,1868.53034199449,0.731646961146662,47.2453936242226
262.392924060976,38.6263314382778,1.1353943401594,0.299867075128211,59.8357506983297,1936.05809008357,0.722378963574282,43.8271863195642
278.889380932096,42.6261836893107,7.96094913613368,0.283117729204261,95.216641987695,2358.95207906669,0.752809265407377,72.7298540504689
264.794042906172,76.8611373933738,6.78574438974859,0.358274950658797,49.848267488908,2102.75584771062,0.532339152120336,58.0719106416022
140.873995972147,47.2349459097733,6.47545722114166,0.32239869956371,140.925594846872,1821.77049226438,0,0
133.299242562159,15.8040919728345,1.89441615037005,0.323332889480794,105.859805349248,2295.98941894463,0.817794594298021,48.3276538612646
242.720062045574,54.9162580006138,3.73191204322845,0.302466949800266,49.1663658765652,2431.09644588948,0.755768279144209,54.644965966839
326.991613854591,26.8546072938048,2.45420092749049,0.302720572441597,113.202820241311,2415.96649016074,0.706893032952519,51.4206385417418
308.379673009852,95.271022619927,8.15535110586144,0.292654013003888,48.3007319403997,2247.36261328906,0.581555338880983,70.350726324929
309.172520814482,68.2263279866957,8.71092190528457,0.36755020368413,97.2714973113811,2466.20514351068,0.539803733615694,67.4939722845616
227.844464166594,68.1722025402382,3.86718358968162,0.282789090531511,134.45802532039,1966.59767765532,0.532411635019042,52.7964954319324
292.144979020587,23.8202781350899,3.92448145142492,0.31517081654167,113.767886483701,1903.94500186289,0.676995263612429,51.1967306598374
147.835232833614,77.4365461590202,0.678952151899974,0.309251205451613,78.6464248749849,1741.16190609754,0.799553232645176,39.911349436801
104.408349064318,13.4058514123851,2.32983496105625,0.351727275661317,60.4630967744917,2285.71090925696,0,0
182.450814585472,87.6391134024783,3.88984451431769,0.330692338032685,62.0353881207337,1796.26164656277,0.546714085536345,49.652679931092
290.247691275003,27.6439747981703,4.94481523589004,0.34932284377234,126.697512970546,1978.84998213335,0.696614764188913,53.2015362384135
361.567864743068,78.0627064691297,2.35824619755144,0.318398434642373,132.00541998,1735.87873905993,0.58452895512451,46.1870667112335
