128.788487237821,25.0747889658745,6.9520536183643,0.294489252599792,146.647639990823,1892.65435222821,0,0
287.849255334763,8.34434738876629,1.20204401469399,0.323817250987891,78.1372346112356,1991.82335430407,0.754490478368027,43.9701954643459
336.87593673141,53.8816259195522,4.34156937238693,0.375359093523972,123.024394179906,2287.93497246827,0.524046449811651,53.4154308826325
329.216675922104,62.0057621646959,8.49544934023506,0.302935604479597,103.578319918436,1693.02531446556,0.53916382810251,66.851559867751
376.805379985181,89.6956566741856,9.36967878876289,0.312586878093486,123.636668755738,1766.93052731311,0.650056674164672,70.6336147856356
288.52391615118,91.1032500644184,1.18460391923965,0.376138009932537,86.0275124948921,1909.90807340895,0.558896678383265,42.6853055092478
305.498391643028,24.0543241487084,7.98513424349838,0.336287979897843,53.119203399585,1831.66436447922,0.690917885561016,61.3587043464058
378.570413068193,69.2709548986159,4.0881354434549,0.307328784327655,70.3374821808465,1778.62787953418,0.518449504919115,50.7917646762465
213.800622558609,19.2158108634117,8.88723634839677,0.339307692589184,93.4799454096975,2230.07852906005,0.821442217055008,68.6503107777091
232.888835784523,53.9291788580398,9.84606505086451,0.296275022651554,137.892331361655,2090.97341818085,0.849261454217837,79.29489229878
196.459457911327,65.3900611327023,7.35124785541235,0.294762590099298,78.552702237597,2190.56236599352,0.806089284674871,66.5401749421243
205.643753643186,7.66330630928252,4.98617885503761,0.329712914760391,52.8623876073817,1604.57488560567,0.742921121211178,50.642036177573
177.307305902081,68.3608704409947,4.65843414955444,0.319487341981263,104.740530655669,2020.2387314833,0,0
391.736788875559,69.6277662138296,5.04415399815155,0.349585985772347,141.118606231947,1721.47010811449,0.529612683578436,51.1663437578721
238.26918538515,4.32894475990547,3.33617743265491,0.375147078861544,63.7802397423868,2284.88217366444,0.743697534299632,50.937794571062
114.828439856379,76.0581484741995,9.10304937320852,0.351773472434766,121.297507839701,1907.2142612431,0,0
239.449051856059,78.0824578093958,8.58482764955817,0.349214780932454,89.1401100515098,1848.49192588788,0.561399725739689,63.1214358327455
177.890778970937,81.5754926983012,9.47852285026933,0.315664572261513,87.6257741756999,1713.39031139308,0.877460219356303,69.7939941589315
270.2343092768,97.7421771757674,2.74021326948897,0.376154822089387,119.886936488826,2169.13223243896,0.555661820355768,48.9568240368944
175.4243351025,62.9047900992164,6.02864721024805,0.30883089603772,110.914896476353,1774.43225901176,0,0
111.052867291319,41.1994032787994,1.88454552750241,0.352156679487391,87.0491577199362,2451.18282599722,0,0
245.161466062439,32.3444800772586,4.28050800388545,0.320516455834175,46.3015297196027,1949.30075489373,0.699756775456033,51.7744704577646
287.03187686761,63.0216581530865,1.05603888263478,0.298255750029642,45.9616518700083,2158.94580007568,0.535577061129479,44.469273821173
208.444908615956,45.4252004141851,5.63701042842481,0.28946545570441,69.4209312395835,1611.85470356327,0.726269626056423,54.9729223104185
290.323158605628,86.0990573462258,5.24121582484417,0.296657668613326,76.0034185012162,2157.31734005294,0.53646347885419,57.8780745248729
200.535877516849,62.1610843962554,1.76326838019089,0.369845377959565,63.5499936514097,2255.61090243469,0.768408800154328,46.7981424297679
192.689412917103,48.8092696377141,7.95538125792542,0.3512169264474,137.836683876073,2479.24428139006,0,0
324.191885123439,18.5049099932847,5.28243523386245,0.305577162139707,87.8507169021108,1606.95851478305,0.640141170103566,52.8022304027452
138.418961074513,39.6426890706102,9.79063564320002,0.338830013164942,137.379076183272,2022.69904059948,0,0
352.710546585517,19.5881790159793,8.45839023318962,0.360358298592274,122.788968122211,1729.5418281829,0.668063457794472,60.7448206472809
250.02726998006,18.9617446587656,1.40440810561812,0.364156745587464,103.79678828177,1652.19208532593,0.699559308600614,42.4792268750732
199.577342375185,17.7877824839951,3.88445703784883,0.310741441090296,112.320271355997,2387.47152186763,0.783866296455208,54.9679929273798
388.724711964553,68.5366941304221,0.767510156342336,0.318316069070291,84.6442054393819,2359.29079579398,0.564170063637307,42.8017232419087
104.527847004241,18.6566318772214,8.97900913325175,0.281461573397286,44.6492436013238,2364.68850390817,0,0
395.679923795893,66.072929474487,4.31276796543892,0.365493620676704,72.8270816918208,2058.61183493863,0.515267352032614,51.7501875583799
388.348926454214,10.1636392888413,6.20536076994905,0.363400898178198,84.7027968991865,1914.80283595157,0.707594125745616,55.1513317653583
158.240412185987,80.6416690024205,5.49060470972626,0.348218364495677,102.528286709481,2401.79805595339,0,0
255.17149153177,5.91428023905201,5.8244611317813,0.30198652403436,91.9240388740115,1630.92362541155,0.720747494342409,55.1224425522045
161.555462697039,71.9294905183405,9.11817352854478,0.329474558611906,51.9205364667686,2003.73688720607,0,0
244.90616316995,66.6345865246773,6.1115413900087,0.316525191563756,114.456851561324,2297.02405732803,0.541262831092969,60.9827371110908
197.512763774024,27.3924404700609,1.49694348043731,0.335581320769245,53.9599278501686,1905.57657500486,0.735682911827355,44.5193797981089
275.817283754274,96.6721965512224,5.54535445705984,0.376569081287417,107.856086714026,2338.49583011084,0.557160241404833,56.6028539047525
273.432950517124,33.5030886656112,8.0841688038244,0.328514206047165,109.784154915947,2196.4446624448,0.740246999258502,66.4000823740264
314.82698061328,7.59831590295835,6.98307909238673,0.304475629588155,114.647096602623,1776.18409650787,0.708247498826481,60.5640552402003
311.056597407327,18.5759327315389,4.01715535749128,0.282092258025144,137.528862586254,1728.88503440148,0.636703445466909,51.1882559591967
366.049846609026,82.7941612632114,9.45989875016859,0.378821141122648,105.419598445107,2305.54586695153,0.604251064645867,67.749042624028
173.927610493185,14.9073853108813,9.31344595574875,0.345641579117918,90.2772374472226,1612.13024402397,0,0
235.066295169473,5.44638805531763,2.345308552651,0.327195317626311,78.2027531440141,2063.26609516036,0.737614068327947,48.1760424396388
291.842609195639,19.0306192608045,4.34035601920516,0.318266122188354,112.426588954241,2099.79317735991,0.727479463295238,53.6654046655955
308.497247227245,18.73011835807,9.66075440636663,0.315292140622917,113.558950959259,2293.63192196734,0.753500944203817,76.2407824421729
205.109626827288,61.7886778729385,8.34431480973594,0.312126580615428,47.32455123022,2202.27004965873,0.784407610361433,68.2585614012442
283.565476244277,46.7851172468538,9.85672822771099,0.300347819432495,141.904250602955,1764.37884589499,0.80236863553527,75.5112369419806
324.820308289374,27.3197250366337,2.548819154444,0.332763429700185,69.2657962546729,2166.20704866472,0.702889330784784,49.2494886004306
162.840728519665,34.2932527909302,0.742918511568116,0.312002718889676,63.1125044494712,2226.65111948361,0.783395595952835,42.2394873834312
168.620162626338,42.987730136868,5.34959926565354,0.335557704514801,89.8827729788626,2104.25876392411,0,0
198.419480708782,76.5951689089149,7.6234473545139,0.328460371522248,117.476626680947,2294.0530272506,0.849529533974232,65.4673203622232
359.959927689614,26.2827532481453,6.77750370151636,0.30212835903995,42.6751366380102,2119.29256977981,0.704131859997068,61.7742113172549
317.734562062804,60.5093656909928,4.71011740957853,0.377606888125005,72.2000338523961,2275.6867744308,0.526254750937552,53.874701554034
292.940636979463,82.1030333932681,2.94959541534378,0.365204659192974,133.362161616519,2019.89521804992,0.528455031572647,48.5147712668794
289.089215059435,62.2514526866979,3.12075932382093,0.311688652875617,124.235813739534,2164.61632779761,0.527420365253439,51.1736531223232
194.541751424947,62.7876643353919,5.16596856866894,0.326224287549408,82.9197423708902,2498.5410130757,0.779276218521882,58.7874721851671
128.02917795704,82.3466593314507,6.30574346985034,0.370533756378088,109.233983573061,2158.944727673,0,0
150.467672472088,19.0128302700935,7.73566413576228,0.311491216648605,57.4421238166326,1992.74633110602,0,0
107.164550322089,18.4732844730021,2.29204642629685,0.302040977711584,81.6734828731036,1630.70264993032,0,0
316.4961969128,99.5713737966456,8.06458660333999,0.306752918356911,135.831822248522,2088.61365876425,0.618730908183969,67.9064051259052
305.236360884706,82.9156063216331,2.47482436617306,0.350777179897978,136.180851854033,1636.50825272447,0.530789447025394,45.1833188555039
311.009686259521,19.9098818301502,3.29441279981019,0.333365436734536,76.0799931233566,2319.06680898377,0.651238245818541,52.1794205300562
315.039178852728,82.4476403303068,3.01791542067587,0.290981342684009,124.743463007203,1671.06707313262,0.530401378522923,47.7254356172315
112.114530798676,69.6845376946094,3.58679534354911,0.339716090188751,51.442441896918,2051.38161862543,0,0
235.695709874732,89.2054378067824,2.71035697549089,0.336321803632677,133.621772454803,2082.16665047881,0.543906315033945,49.0741143034307
146.86941813612,39.589935869601,4.46344605706691,0.327792192726093,112.719977085676,2295.74561125971,0,0
210.349182545857,8.25545808377279,1.28309817325213,0.310831576228403,91.0931086281742,1921.57237896487,0.754327075000194,44.2077485102118
339.658065939311,66.7705421400189,1.99913103233451,0.372235713146225,144.107547432227,2348.08317224452,0.531211825327913,48.1477003878128
148.390277688599,68.5517008139063,1.99338971991664,0.365488459562623,128.600278051461,2132.16043904416,0,0
121.521735676933,98.730226299363,6.34041497891424,0.37931656523829,60.9759674666426,2442.55329193619,0,0
326.593331511474,90.1497783116776,5.39505020611641,0.320248123855581,136.623721190523,1989.81530014216,0.591854106152405,55.6917595979004
336.671460643295,34.9163478762696,0.987878242238529,0.340497655604925,129.70169672932,2020.18690892268,0.730299047356497,42.6579716755864
285.915964378341,77.3246513413988,0.804913575818465,0.301401205552171,84.4210118247429,1906.01203950528,0.546666053121778,41.7158695682034
165.364194720021,20.5006580480287,9.74613904691782,0.347325239991772,98.9752593662534,2368.75074034458,0,0
356.207413842306,84.7682215972658,8.33794695985722,0.366733355000214,61.9644248068833,2417.55792545001,0.598710655519021,65.2147218966154
300.963988980963,78.6568197387578,9.96583697375352,0.307927730973997,117.976146941831,2406.69129490598,0.570629382583563,80.1815653033858
297.455335482843,50.2111117621871,0.746444026869967,0.315531155222645,77.6505615869655,1941.40122308084,0.789691732685736,41.1229118009629
348.078749060184,97.5184427082962,5.04168486502136,0.344145292528926,42.7087026612386,1678.79031297709,0.717793260909448,50.5856471158892
343.088838058762,73.1097095087492,2.82492084162847,0.339749988207294,40.7497947757324,2391.9563391393,0.517431489811474,50.7293680617124
195.335959388229,64.2212576658059,6.84696594010865,0.331699739913835,54.0563104021735,1769.52466074143,0.777207672856297,57.3215689393574
324.166421169117,63.3686304180459,7.68708658238777,0.361374175744841,98.7519510847595,2245.98092292684,0.528413325541083,62.5375593255177
326.788373606571,61.5592594462871,2.41682628184244,0.374400202018951,96.2540980435437,1893.26542542801,0.519918047710182,46.4130314534827
152.920137256607,78.0968489002722,1.97320233600872,0.292497478165611,46.7718134302812,2104.16809653942,0,0
122.962143701459,70.44044157266,6.87669225350154,0.34221530118537,149.499776133911,2218.97594566286,0,0
324.922380492755,51.3958529519638,1.77735120420072,0.334925574568954,118.891641834497,2478.95345851306,0.523378974562056,48.7236918477915
314.987719330224,96.7416077386311,4.01524173243029,0.303130712772011,145.560936713427,1878.84613146318,0.594956182246766,51.6986698922387
251.779157968146,30.5725833887652,8.11855957496001,0.314359352731416,45.2158502242531,1622.9403929439,0.701926418100859,62.0359368503153
383.246124252343,10.1024820573493,3.12242481239174,0.323349170055453,62.8476720490781,1787.69834629336,0.714331282933166,48.0764480288017
371.712212598492,97.885932628839,3.18363438153033,0.357534578453104,67.8841895151491,1788.91751674277,0.725394159534017,47.5318819876998
349.653031799907,19.6821035966163,5.36379839628483,0.289421098618994,48.5131488765108,1647.61406519823,0.663864126660948,54.0123553657865
108.559028610446,56.4561790921414,1.3735496146997,0.349722397981833,73.7719692219509,1853.34795203149,0,0
386.13612751444,85.1916855992337,4.84941603822407,0.377950556183623,143.148938023496,1962.95535791439,0.702945952783964,51.8022954213787
200.47332171873,53.4000496140168,9.55445972894362,0.33140034196115,109.391650787251,2092.6830069042,0,0
136.516276130631,5.49904860543027,5.98312584670121,0.372068453519247,130.934825271261,2190.35516050218,0,0
111.00557043143,79.9616745881468,1.14395296685471,0.290597288139461,58.3444002159225,1942.83989916667,0,0
265.288385709429,35.9785202934271,9.16965608360586,0.308256141632892,71.4259330232179,2287.15147906085,0.751715776342661,74.1166234799786
136.009775188887,98.1478501526156,2.84660817241216,0.334589436562949,104.674304061164,2039.65122933454,0,0
195.797470351736,88.8739250464149,8.53892325970955,0.306324808041941,65.638239814436,1943.12364363169,0.578210445503371,68.2751741851092
112.647799340964,89.124740541738,3.05860516819027,0.337799566591004,97.4745108054218,2067.87616830651,0,0
317.501323502737,80.5573063591914,4.77235896753002,0.299053735486928,42.6410918681366,1862.00114596946,0.519472322968386,53.1672080635399
250.425324934237,86.5276425075404,6.02251858157859,0.28787388408201,112.429832467342,1629.34858851488,0.545239380080195,56.980114048569
184.165015599763,68.5853533544878,6.00487494390555,0.286962799806907,139.474367843655,1880.35430464157,0.79087241146096,59.1460026150474
275.756292461281,69.1233170695202,0.956421977387849,0.360278001318706,123.036349388678,2248.17105972682,0.5533558867561,43.019632558807
145.919387287511,71.7009111217928,1.58217561524754,0.36440890681516,92.4102558208443,1655.80213765371,0,0
350.928967053968,77.0138162217064,4.56096344403416,0.296760022098089,89.2132782043694,1714.61876542044,0.532503985439074,52.0826797048819
205.669944396706,57.6543276099197,1.01925021070536,0.367108777986302,79.9122811963046,2134.28081425667,0.76668230482926,42.8632411909536
106.641275718521,63.0674730559802,9.32774582709636,0.342560904750647,72.2742608303811,1726.51673213409,0,0
385.89039688594,94.0226068432869,9.58084998285642,0.284587244964338,144.547082205786,2167.04598061369,0.746467041427802,80.7460328268852
358.498109493542,66.6914406375496,8.4455968138594,0.346327621555008,111.242869674522,1882.21392638939,0.528911873224495,63.2968888760149
203.815118838295,34.5827058909942,7.06259041239682,0.379314069275503,42.023785009618,1840.63200805125,0.685167514908183,55.2232766471001
160.045921343799,21.689729698428,8.1019684222564,0.311143751013368,45.7481095867192,2035.46918761845,0,0
127.821788790497,28.6559920339542,1.03852925548528,0.327679894989478,108.925827932781,1625.10935717376,0,0
389.647695562928,29.9072996831138,1.70656715241794,0.305806886989966,147.402782449075,2307.56071643971,0.708689238997153,48.2060674954408
309.829229552278,83.0031638582995,4.4359915467697,0.280411133760331,92.4218518148862,1974.60492598431,0.52969805812394,54.7140445694113
141.834240726872,4.74722208603254,4.15375044955713,0.337723802324733,137.285507596592,1602.6058314919,0,0
151.20805051909,81.2253340755577,5.36530298300667,0.362586455111396,55.955768775391,1884.67170733495,0,0
221.498676658769,50.57551137034,7.59208592158094,0.319551448677945,93.6717550017247,2207.16388612765,0.775332682692602,65.2770632645847
363.668561792266,86.2171862569796,8.59137409835067,0.316984408214284,89.3460685806493,1608.91941542176,0.631103208701973,64.4870365592704
387.31728376707,97.359448190576,2.52765084453884,0.299288176510577,98.8176823900712,2115.28538410589,0.731806663588248,49.6589998407021
227.87839576098,29.8501292957907,2.08095025996271,0.34719412524264,124.200149091238,2075.09970864784,0.677043398039609,47.1899497763975
294.890982618072,99.9370156682055,1.33591676726217,0.322357204904702,137.165168514244,1882.8082845041,0.606265677347929,44.0160900900847
199.679026397363,94.3410187459983,8.41698804348501,0.311958958283971,109.265027466139,2314.14385190233,0,0
140.631363073934,27.7826419172844,7.38428626789736,0.319666907707263,145.172908078744,2002.23263906199,0,0
338.423808573968,70.9198524404615,8.64877916914755,0.291448115340999,126.933202503647,2335.72571500916,0.547731428146903,75.3454386185926
276.585055596319,62.2630435395499,2.70135005127548,0.352101355567825,52.2212031466558,1828.41024760964,0.515894220534425,46.7754688958644
311.256553085229,11.649064972219,2.844377079175,0.321398009164775,68.5447064912734,2078.46145605932,0.723039289814275,49.5574899266822
184.848838414535,26.1696912625715,3.10282564599015,0.329878908288076,121.367211156893,2347.64421819287,0.729407032536637,51.969565798781
269.242072097321,43.1339317279217,7.35699602695152,0.300710707438936,55.2561738967213,1805.0827723012,0.730370808767382,62.2050147021291
279.230434528335,56.0952938521686,5.58922010951386,0.292867148633851,113.509519793443,2373.24889422556,0.528832875827157,61.4154685202057
374.729956358665,5.75103338007898,3.39733001499873,0.379089568654965,128.596260944831,2443.23829819177,0.709181654832318,52.3192147118759
217.30134149921,90.6100057123213,1.75057849880914,0.323722789290355,96.5012074909731,1954.43069693305,0.544374840254922,45.8065847190116
302.280632006039,91.9948822854734,1.57193197050579,0.349696132746043,66.2283827894527,2444.89055556665,0.564368435154889,47.4540896157526
211.85444083036,33.2550862765382,8.29628134051547,0.354933502432125,92.9177420716747,2493.47969553548,0.804121441904176,67.1823292624055
256.308492618064,11.056221437632,0.675331394750988,0.327468015456913,121.041200416815,2333.84430916165,0.811891250384093,41.5950524075552
370.241181386742,26.68187880764,8.79743031332733,0.343809631668912,60.6581412460098,2050.9415424771,0.707544487593691,65.7803388080691
178.578704042986,16.286661699079,2.1315677292438,0.33821360928639,75.571929087142,2118.08033183205,0,0
180.720461831119,41.5380738257956,6.4520238066091,0.378296553351829,134.316788317752,1827.40117715406,0,0
211.237130293847,12.8366987264871,4.67339997967312,0.357460009579725,125.304901626916,2180.96437300787,0.764353158158873,53.7797228692996
321.409035826357,72.9259885263954,0.866555881623865,0.347900082535448,68.0536606631277,2202.86923194328,0.551646229801168,42.4294738402983
103.275384446961,84.551379661596,4.92623413529903,0.318351570154896,44.7393657811973,2159.35267691504,0,0
320.349347094043,70.2185333631556,1.56739639972241,0.328253735719976,124.354078547483,2046.12243694097,0.531183101069423,45.7409518379974
354.820414126194,53.6823312284215,1.08671131466677,0.349885549631683,60.1158840049723,1729.04839877185,0.529679983438784,41.7711885421382
145.16460397343,40.5534661099373,4.78142630126354,0.318736401083331,92.4051800901979,1747.02316424796,0,0
289.180130622958,56.8289293224145,6.8903363011219,0.348339389573991,101.026339770785,1675.73755429038,0.523241413279732,55.9001033696345
339.694833134972,56.1944582813564,2.23785368989783,0.289649169566513,136.672777559257,1913.42175185666,0.523486466755667,47.7177413362991
340.405906802216,15.9982713032232,9.10169897950851,0.348289969836332,83.1713234040452,1821.47310279359,0.712057428244196,64.9875676402589
159.023342836648,72.4076398742621,4.7302243188605,0.333821241500991,128.247446098298,2413.77831856282,0,0
148.582291774172,72.8392407025538,9.2234603396175,0.32612284072725,122.605866998774,1762.09235459938,0,0
346.40166790101,59.975846630314,1.84518849318004,0.35725308442302,146.061871003641,2395.00251970238,0.526167914645261,48.0576567830565
221.57665322539,96.6614275998828,3.90022767561139,0.295997949262127,48.6963926884481,2461.38873029204,0.551612729369582,55.6172716742345
197.893731008964,17.8392846349005,3.71189057262165,0.372965149243576,43.8833224248193,2364.73138453244,0.767075579298397,51.9868915241212
298.686666444555,7.30692073225911,2.56106074924821,0.290622533815467,73.8844915595172,2144.791297379,0.709448028692506,50.1261106326055
197.217446376405,60.712227338286,7.34670897793003,0.298645549655457,54.9161565829755,1898.55476410368,0.775897875991903,63.1194811078088
339.796640192358,26.9879062970683,3.46828105270405,0.357496470589667,51.2463844709338,2321.77849984716,0.679667110441087,51.7030798949546
362.439183839555,93.8935756741734,6.21053461557964,0.358060214630711,50.6004909834924,1725.14255969104,0.72176615008363,53.5096053436474
257.684757456234,79.8648866382351,2.12318754164343,0.351762205891175,41.4504156135336,2098.24810050912,0.530363701250544,47.0200948297353
395.173910215843,66.3580471021305,3.42555798966486,0.379461093901398,75.6989519713304,1896.16839205561,0.520214411839109,48.4021196330192
191.920013505457,60.5227624592823,3.95925312667739,0.379493198919132,72.4184599023471,2296.60812952186,0.759301954225638,52.4135294321268
178.664232031716,94.3892173655404,8.8113656762581,0.310656288693939,80.9497039883362,2184.46099217743,0,0
207.153965022681,10.4218606156651,7.66425206940211,0.374245512402567,85.516644161522,2402.48779997127,0.779000294813699,62.9044926753992
307.870273560102,78.4982064642798,0.874698532661927,0.330348404958182,148.646698773914,1995.9940364994,0.546496533656213,42.0137966607979
208.692977020588,74.1881479416599,2.85946523610697,0.346718511353236,73.4685311317958,2154.49910173504,0.535856122368812,49.6221659795703
358.781251854587,67.0224164661381,9.33857696461385,0.365300873872663,136.354454162868,2068.73561979164,0.532568244827904,66.6142747108106
324.999657317446,41.7050115265071,7.10856955637939,0.36927534544471,111.158657463371,1659.13275728406,0.512469205939465,55.1715217315459
341.217500388576,31.9790999966305,3.00542545840111,0.332208754150895,128.758829473351,2237.57159041689,0.705880696805647,50.9989633338638
305.801909021004,34.6097606806588,3.46570639356667,0.293146848762903,122.363128282776,1855.59090540964,0.699255194895904,50.2549358202798
270.578776233373,27.7613472770505,6.62172088912807,0.334886898655215,126.108390666893,1854.26506415993,0.700816973901567,57.519194796456
342.76835803675,70.7047854871809,8.08763627035504,0.365971938738163,100.351374253291,2372.85522039913,0.538009234918344,64.7210102296701
278.797676065779,14.61807272489,1.81610802907536,0.367813611193283,89.1696655340905,1695.67728347305,0.669733820492768,43.8449519294005
110.502278983268,30.3408391925989,8.91778371357086,0.331290382045964,77.5621225867842,1928.14136250099,0,0
291.569575458054,32.1499845475986,6.53176018517638,0.299974054630876,47.2835713576936,1710.38301283786,0.71373035182247,57.9042547356979
304.430729321397,34.7869549895063,6.51502652301659,0.318410990618225,54.2739951945102,2077.07190569322,0.709250566147234,59.6543152681364
184.777743509596,61.2527854062656,9.50813136981546,0.300382898199277,72.6785846977644,2043.52132079886,0.863137158273186,75.1700704042377
264.511586041517,23.6075331296095,7.01793292436372,0.328235459002296,48.895440924945,2363.06233757658,0.750616109095942,62.7752188222309
395.761193701391,80.5352893689243,5.48506867120872,0.378686709071812,51.316899279626,2452.80181641874,0.617478393961382,56.6598776782248
268.592378799123,54.2026130915941,0.787926124483543,0.298272683069587,97.7996274568858,1667.0754643306,0.526750389991204,40.6346813936127
161.563540971486,34.9877334399023,7.8580175856608,0.335932094373455,74.6837370640824,1865.80590814168,0,0
163.6370554436,46.3252720103912,0.908664460478261,0.318502589533154,44.7141869913106,1667.79030448927,0.741515964554119,40.9927747482345
220.400823203654,63.4283722253446,6.51625204546745,0.282327948899048,56.2874981396306,2175.43970686238,0.79337772966289,63.662635215207
323.122350340263,8.19677890225983,8.36841939474185,0.283317335698592,130.534864901939,1822.5471030731,0.747701909740176,70.534896688635
227.576953588905,61.3369130963363,8.17240802779394,0.280781561715713,73.24929843426,2263.71764589982,0.834502806924123,73.0988599045115
265.415618075403,78.5320279896978,1.78571385398446,0.348740584496392,82.7266812398784,2140.4052378377,0.537446212544141,46.6459796350878
340.98450753263,9.46155900777672,4.83442156888701,0.317968755672072,127.998941943035,2053.01449767848,0.728707231235526,54.8075570454611
133.146950842166,51.5621906011282,5.7417667813133,0.292675103884838,56.4916348499325,1968.86072778628,0,0
159.33134532439,52.2620079660513,9.12273131965565,0.366999723841503,51.9600269199314,2412.17211688834,0,0
381.390397049816,85.0953979847699,8.89085980119283,0.347078196016947,79.113729889671,1891.85348865032,0.631318302257527,64.8557122001708
108.577851987407,99.5000645338079,9.13545690380931,0.334084160146886,125.326304545437,2476.7805904471,0,0
279.625995839829,80.1588227459873,6.99911201793848,0.296553298078358,69.4347295538687,1943.95898925283,0.541012024069224,62.6262049601622
121.281168699339,74.9091564344048,9.21588395693648,0.30975440315312,93.532485024584,1723.51446085009,0,0
263.412288912603,49.4835314341421,1.61264730618052,0.31645676637771,120.752808021448,1725.06358376233,0.742808541887709,44.2476464403979
353.117232716494,42.6562548962888,3.43492139513333,0.375527893580393,122.952247193697,2215.8434342958,0.510451718177471,50.8790389633559
262.247568529613,75.4233704301408,4.19096972533523,0.320583461779554,133.957866310073,2040.51045346655,0.532050459042005,52.7002185377901
235.647619091528,90.2071232007841,5.3292825060617,0.351222254574214,107.123419537766,1774.23563613982,0.543759753694543,52.3479426957306
321.175669016429,72.7464962890623,3.8136718939166,0.353438985385013,99.9271415927382,2058.64401195139,0.528318422056528,51.039571168137
298.914709768541,71.8763077832958,2.04265665302341,0.280875740418101,142.174306131804,2415.88862806512,0.532625786278018,50.7076392105772
185.113138367575,49.0343289658615,2.07396828434635,0.377283770520087,117.167643376637,1633.71754726616,0,0
396.86442214423,46.560074579876,2.81021339500402,0.363602265781129,100.326776017987,2479.39385159311,0.521372514015115,51.4057803668514
159.854632347072,60.4220382756058,5.00156179297941,0.379997134967035,54.0440401823285,1852.01663333909,0,0
230.68789433356,95.3791003136144,1.30502002195833,0.319718068235557,55.0101557396336,1842.14576520955,0.549792696047668,43.7622242368521
231.560021972914,67.4283351897719,6.60034812815374,0.360784716020805,84.1258834522508,1750.91090517074,0.532348794515631,55.0305754465619
151.558410669193,14.400664490082,2.84725470084683,0.36136299588093,146.994324858583,1997.0396552784,0,0
265.04081167314,84.2073855493202,3.6603232552168,0.298075510341797,120.141505649352,2297.72647498519,0.541125559995351,54.204304816109
213.41221650508,67.868904856782,7.01504900667542,0.367540650534044,123.115934070264,2147.05357819163,0.799572573751414,59.4351158862858
206.672706345067,50.1581533175657,7.848869062594,0.320588761204469,126.948201823367,1725.44590785858,0,0
261.287649017421,39.6745302680297,9.72662521593078,0.341346361159245,70.4079603383627,2447.52140738484,0.774164379341408,73.5603135704738
168.97117306509,73.2105874427834,1.16775375719221,0.332352199434708,133.121531790823,2443.97369792433,0.791717912912604,45.7382944384657
243.025320506415,91.9221228645938,3.18388674882177,0.30691802108025,45.1799211995154,1838.40807067655,0.535673364355347,48.7148920512952
122.328468078398,66.0172675885646,7.8034678372828,0.375599715764924,48.7261220412767,2181.97531660977,0,0
185.768321434323,78.9385671816627,9.76915155224552,0.321812115741791,66.5961114444491,1734.70115356762,0.847777114246875,70.1401979831895
131.978758974254,75.4643754945928,6.6808728795577,0.325706335084612,115.727390780214,2422.98938731353,0,0
113.323281849331,18.0778328425137,9.26058503206101,0.307856197453299,137.600509123351,2164.71550328381,0,0
394.985038624155,88.8066982713441,9.72500304231749,0.345444838180871,114.659980104972,2399.23982169052,0.727623009714284,73.2279348809989
275.317951161564,48.8938121899944,1.50065145163428,0.287655999393633,93.7988740890259,2113.82079674466,0.749806922364107,46.5956519169346
285.488916799844,70.7792261695053,9.58992823450792,0.330898340728062,122.930921037965,2343.73731953933,0.568013940625105,74.217175680919
105.775491441535,68.0284362845358,7.7690097645796,0.344982379210156,107.483657073123,1629.21260750002,0,0
270.080380069719,50.2589930167503,4.56969380648412,0.355823339034242,102.037805849743,1938.63010282831,0.515465890865573,51.6375434714291
358.552413050502,92.0750650007074,4.85230796870097,0.283239864654843,53.4574146463508,1712.11729712686,0.706122280147903,53.3894306109251
319.834900115808,4.23268348064586,4.04022480042752,0.335428229937261,139.350873136132,1938.35949957755,0.718061381200645,51.0189182471514
303.217369727703,6.5773579881906,3.59440425841163,0.28117650026971,146.507430366472,1635.71657195549,0.698362010531808,49.24196951046
270.920366307204,32.0108070317583,3.5799958242109,0.338529573445789,74.8425432900362,1779.82657527574,0.704583694060707,48.7068926886492
372.46816491165,52.8057538153402,2.8122606343641,0.300959838009534,93.522145068973,1718.14292925563,0.510883550963354,47.341386922665
247.986123852049,81.5613806511697,1.49626264518142,0.341416466507448,69.0456384874674,1629.47068702317,0.534159570165176,42.9218140164132
206.025680281497,11.0280996020827,4.92893765437917,0.282792223850456,41.0653215266256,1692.33733235053,0.730999239980125,52.9719027160794
383.926209824641,69.3512593984121,3.85893951613013,0.356045271124257,72.5475068317119,2254.42567079436,0.528001404357858,52.3878511701411
149.633498095113,68.1975398345601,2.90155120056207,0.321227016440224,141.19705981221,2395.07171706731,0,0
382.056065803126,92.5580744607328,6.25441469679359,0.341822190323963,50.4383479884289,2191.83167675231,0.731589407951669,58.2310283622654
321.721396499407,88.3310022994505,3.21959805681022,0.30637034887087,72.7351920253059,2191.12085827703,0.589988987908136,51.7847966628578
132.697754128483,51.654711150676,5.91478176076896,0.283576850833898,123.823689859983,1822.36667459275,0,0
310.904613282226,16.3054315560748,9.74031892316254,0.361154824772581,123.998851439273,2228.94434470285,0.712819283925208,70.0134874324744
233.203192836481,19.303050707459,5.8722063773638,0.345281578260985,146.45716724295,1875.63118206751,0.70205801822506,54.9558462580058
177.638622676524,40.2067484418535,9.47079507705691,0.340996767161065,142.33523845928,2429.87279961729,0,0
365.667541248073,12.4355355719382,9.38105608063977,0.363934867068801,66.1242164778358,2014.33741255365,0.677650369365591,65.8132472818
291.790332112777,88.3211645053442,1.34828146619407,0.376971730885754,62.817018000425,2110.59620089267,0.552060835794757,44.2906970061451
325.937107342994,60.5519777143824,8.84280870300523,0.333251837813866,113.069526016395,2228.55276804116,0.547017892833755,69.4589072782756
381.413868118562,39.4004544922728,1.76871649911762,0.308374192377853,46.7794231150532,1705.92958991584,0.503330062585113,44.542312083829
142.996852107132,25.9825132955981,7.78469095865826,0.300310105984686,136.468378992313,2314.18400269321,0,0
249.932529792999,32.3259981953277,5.4938214075301,0.285675428633783,73.098115883665,1731.74227524145,0.710631228861274,55.7974300214042
146.306492773607,26.7030090449048,3.64780842890792,0.37210988127338,82.3853329755125,1799.11897213329,0,0
300.633379621854,91.6546975276601,9.07362524339596,0.363286106069101,135.311773995544,2301.47128508066,0.57230174164292,68.0078967942402
294.81707666467,70.9471152405369,6.49858266442763,0.289219155554334,89.4756679585728,2252.58665985325,0.537358620354256,64.0738861893653
223.584823989468,74.5802006784831,5.26117649699501,0.377477384882221,48.0127870308868,2139.74968683139,0.531149109059577,53.7254063840094
302.624848107595,13.2152051779043,4.50549488939599,0.372442862823964,75.0198021234629,2427.64222150694,0.726966121009261,54.7912367353322
197.726304507303,61.0379343931787,7.78529835143693,0.328263974016169,62.9357789908354,1679.6095556193,0.770373530199498,60.3030412750587
262.013943211229,53.7548039625915,9.96415156668918,0.289253935007706,116.170548676224,2112.50304669725,0.842817582026856,81.258697139614
337.760436565364,59.5544442619209,8.84632189199844,0.335358900564653,125.559516126531,2168.5732904148,0.546153465504307,68.7883541239742
228.61262557445,89.9806003718877,2.77204089383136,0.359557629096056,86.8309545070212,1870.68133181846,0.541045227959773,47.2697107749748
322.377355455424,64.9044019916922,2.78429461811672,0.330051634390481,113.299543229843,2320.46853687578,0.522609577320985,50.9393299774199
271.54950279211,23.4307992843809,3.40675954489285,0.315072176997402,88.693476839029,2279.42916905156,0.655304664465995,52.7521107620329
258.901390628188,94.7934024885723,5.00037768466893,0.308987749543178,138.601338699814,2231.60743424637,0.549551335338009,57.2307594576609
167.782316441677,46.1059374399719,1.72233594491833,0.366342906598374,93.0045820760956,2418.87578165331,0,0
313.652360681536,31.7392227638131,2.76663317524651,0.281694296044528,59.8847975259819,1930.51860473186,0.694564234771729,49.3024505415077
314.215749652755,47.6797780747452,7.1222307622022,0.309581276316496,149.10364019551,2297.6104322683,0.528323998132726,65.4727191465906
229.670507585088,74.9157826314261,1.7307180110018,0.317071941498584,110.849868802102,2284.19486765899,0.536586426426287,47.8164971704675
104.537713325181,4.96165210305247,7.37683024214689,0.320486665687251,126.348518284713,2100.40268261913,0,0
262.452154751069,33.410125189566,6.5767207004933,0.29250607183661,77.3287996072464,2389.62111048091,0.737301365300229,65.0964164384873
329.155419654415,85.345209988263,7.45042092043058,0.343466787550939,93.6790022419588,2352.12760110831,0.555550906925117,64.0101216342636
234.869156642495,92.6919711325456,7.49227004363399,0.339575595755632,109.620122561795,2371.80765283808,0.571024648034822,64.754657866698
342.908823649583,7.00442411236453,3.23454828947112,0.318875126145719,49.0989273194751,2267.95713277359,0.699526717265624,51.7245330757052
194.176821212054,90.1884381540941,7.19121875141017,0.29135834891232,47.6575503230317,2424.61933139812,0.566091263874186,67.3023984104308
384.702888447579,30.7658803344694,5.53898758589632,0.363355596575878,57.7438089555416,2497.19449746076,0.696641810266993,57.8701968230155
128.369481062168,37.4952114315517,3.13967458468943,0.334533524175404,145.078514469027,2378.8439304674,0,0
356.135873601558,91.4842303693247,5.26003653869364,0.357081216860343,97.6563408947723,2097.58984177222,0.696764028626486,54.5454190678698
280.431153216609,32.5112209737608,8.02090386451612,0.312828307795875,52.9034550672545,1776.5110149531,0.720649867602194,63.407367573125
398.398339746208,15.2094020210575,9.99541048016545,0.282999272113787,86.2414090802717,2032.33746883922,0.684644855210652,81.7783148693656
127.308471276984,70.7498794892119,0.503990950115507,0.336060091552681,100.301793113172,1753.84668191587,0.796850902790916,37.6240389448308
200.464429794003,96.3913826832759,9.78196580728152,0.356660373569896,40.6572925843076,2169.28899950404,0.573721452859169,68.4192484521045
141.223804628986,32.5752106496065,6.21276763062584,0.366503013035553,83.5122962037803,2182.28465699255,0,0
144.250357682017,5.8049531479352,2.97757060786546,0.378120903524258,99.2712554492099,2471.07601245215,0,0
381.056179513023,97.7127365635202,3.25707554930216,0.372059456172614,127.110573348683,1957.10081644616,0.725345218914238,48.5899703526748
267.831269826158,53.2540748756181,9.71026152042507,0.303726577331207,135.263381008319,1847.30951155122,0.802937755209504,74.6173443487407
279.421757243089,48.4946192464576,8.89909153315092,0.310635035435428,58.5775250529582,2499.02163045094,0.783500611540559,73.9217074545008
208.918269992561,99.277738893582,6.7917694482587,0.334183977012032,63.4882266695109,1726.73519474518,0.561252441294095,56.7818162452092
255.663039984163,40.323737763006,2.9504785553954,0.285212382008811,78.145699548217,2124.30743846583,0.712642499413509,51.2278826054458
101.973485087666,49.9977038178162,5.263651701716,0.314085318099281,70.1141252313431,2481.3458336536,0,0
290.007211321352,40.0778810240503,6.29543645210968,0.320773594447989,44.5890180087762,1790.70386266675,0.703680008152973,56.0483203272894
117.06270978736,50.2751158166185,9.20247207490179,0.294361053493763,112.876785179834,1675.9195622951,0,0
267.791376152399,97.8619228708728,2.0071816019158,0.287985049023209,52.164127800124,1736.60762520449,0.545434710573266,45.774113786367
365.984654551205,70.1778419622853,6.30013385893235,0.357774210026195,42.4826477012523,2242.90931263882,0.513714771167374,57.5288626219721
314.507624143948,15.7997311983725,7.78824129841055,0.330509239947168,84.023338948891,1921.08653309339,0.700798275467906,62.5116817367154
219.970629044699,17.7036421872005,6.02440638557914,0.353177890654884,99.4634093762664,1707.50906491381,0.747133659660209,53.3992106468119
141.879573068734,10.6182835806645,1.21608438227639,0.334287721411473,62.0957325983698,2222.47405504711,0,0
240.817082643839,38.6720948018132,7.67525022167684,0.379905166381948,43.6748591281536,1849.57909281527,0.714286649283552,57.0572776827046
336.60421394818,34.3242146537879,8.70684279002541,0.36873593075422,69.8377695037037,1630.8745762443,0.70263428920271,59.8089997854649
327.615700703148,37.8060434509399,9.99754043930135,0.311882884098674,137.713820939823,2038.7793692215,0.749789497143752,76.5080922611074
165.518658238341,19.8676339288256,7.51798208304655,0.375118805918202,51.6571375138432,2036.25315240275,0.795505492896506,58.7210269402251
315.320751253536,47.4407602968299,7.31223641666637,0.3764644779671,144.404386996517,2082.07327242131,0.518464653164839,59.2176247048356
242.937669315173,19.9660041353607,7.32786945416831,0.289950634169991,118.902884530082,2315.63117894429,0.740162322606998,68.4717180762102
257.907856643714,41.9787524525034,4.28946713948645,0.378704171112339,124.813755148383,2289.45988521961,0.719929446010233,53.1170918915498
266.810168341292,30.8571257463317,6.87008652635078,0.361630449377946,133.766631077436,2024.12816282542,0.713780360965392,58.1353874859795
143.163349481365,20.5374885056497,0.634462741031556,0.369650322805441,114.939643604113,1647.57482875976,0.810171447639317,38.1013835750281
217.944745474749,60.3625690536861,7.47842469609514,0.356855271949103,87.0132480672123,2162.82221513442,0.788408200527375,61.4565630742671
168.63286806931,40.6914879392423,8.74939080674014,0.327615744386569,98.7267108039543,2157.18226782973,0,0
394.700989546997,36.5312795160354,6.73331648067772,0.334622254556794,44.8842309342113,2164.90697735476,0.505797848799049,59.6357313726679
260.694139238259,55.0373024696907,0.812718551545058,0.343539002523774,98.4582585300924,1983.76765725349,0.789801406089359,41.2669983304712
280.255198849027,67.2309444202771,3.17053725683565,0.291276304097245,108.3005851013,2314.26150048131,0.534418265615907,53.1493147562581
211.112699244981,25.7709923034039,8.98234244795846,0.3473059955582,80.2845204456487,2439.242720447,0.787570237957163,69.9289852204547
168.25141649716,52.7994705079627,8.73673357896932,0.347179555153443,52.4306770038408,2393.3844389185,0.787045275999342,67.834844874888
107.642442438898,14.3118283736421,0.673291157470226,0.342677037368403,80.0732655341897,2416.97287484227,0,0
345.291731610931,18.6917140792141,7.44581095422813,0.326295802459327,67.2101426120204,1657.18271799988,0.659117867511853,59.0923984989356
110.54277910535,31.2087892713118,0.869300948303402,0.306278250929112,66.2469730637184,2160.73714344022,0,0
382.915082645576,6.43946077975426,6.66708528543685,0.333171461602004,119.772869221181,2365.21316355447,0.702578587271677,62.2251984857762
150.380900441414,36.8368549428106,8.83470833846293,0.349858300375059,92.988528410739,1746.64635723695,0,0
350.641145701943,63.9965270941771,5.19320824599612,0.321044395917727,149.195335376957,2129.73581544107,0.521643659437045,56.3656509152105
139.254407400043,72.0842689816933,0.985866213277609,0.36930101502496,148.670628694258,1966.97434941405,0.788355445932652,41.9188293157214
368.651322870103,21.9074313924526,1.84361339901022,0.312944835432199,144.986538134795,2085.72339612273,0.689481369911261,47.2244528534434
312.157410372929,8.72967876646124,6.91538489115274,0.355569214471494,71.6418254126357,1839.56200622508,0.710699257394998,56.8207061265883
293.135317762512,22.1510312056061,9.65538719420044,0.348371115446322,43.8074050075375,2366.58279207659,0.748896630092159,70.7494748990064
239.65716886324,93.6769305271665,8.49959336006145,0.283901545029461,96.2817546830731,2214.48867286635,0.586628899659451,74.2741799845239
329.276241417854,89.728968947497,8.73895638594177,0.377445328898641,71.1109640109757,2415.72030852836,0.606327882802251,65.9652581452554
260.244208011408,86.1366433787075,9.77270053642569,0.29734398874858,127.039386906317,1600.84116537566,0.574162427879042,73.8683456187137
213.172347179243,54.0681102766931,9.02175889678089,0.351250067424972,53.0267896674411,2011.25702211648,0.764426887097763,65.4141333460032
314.232628642897,37.4076774560302,7.94962550390133,0.379738472036078,136.793084994412,1659.11533864384,0.70740133781421,57.1497788447224
204.257800598791,98.4316297088772,5.37699625008563,0.351657999783671,132.234967732562,1775.44699483188,0,0
116.414579859284,35.4049710016584,7.29309963538452,0.330630306139679,80.6502259849214,2114.12866128001,0,0
131.070579730929,54.0988557826018,9.97273556632465,0.300696012890062,82.2546027917422,2493.59867403495,0,0
371.347079181797,95.1353063615904,4.42291561479932,0.341124798122331,105.183304347144,2282.75168565481,0.733647310945064,54.5085342603636
236.790481309686,98.3420149916513,5.34329068980114,0.36562086408313,125.249425550089,2400.94162674313,0.563406416744092,57.0306335198148
227.754316906676,14.1769004349224,5.84127635132863,0.329869077491878,100.770408643955,2281.01022574563,0.73914952477702,58.9745900069464
195.349422785465,63.1944512618795,5.1514461032799,0.287520907328427,118.718361925017,1808.51339609273,0,0
345.489307650691,18.5085224513971,8.05767072094106,0.307815915500416,118.392673916894,1707.86509689571,0.670532083475837,64.3578725744326
334.761617625943,78.8672006728249,9.09457959352149,0.316186581758512,57.2347046813292,1989.78855327279,0.532986526112877,69.7916011365009
211.827293540218,87.4805970127716,9.56474628650235,0.286652103334348,61.3016804043722,2235.2993823543,0.646831516985416,79.5180500894577
287.645777628852,28.8077698543086,3.83154804618456,0.34974129763443,106.574566029949,2168.54587910929,0.697840865023625,51.9183140055832
379.946394672814,66.4258736171717,6.56433127871119,0.3351043222678,127.711999652557,2481.43751812418,0.526773735353446,62.8632049393623
245.104436202008,79.6832440482098,6.2796176915277,0.306108032558665,85.5144142071504,1871.54201001081,0.552189850436855,58.5153200571084
338.250220607802,22.3320790746103,1.46844225047152,0.306903491211358,45.4209246842599,2288.62615007199,0.68896988611245,46.9220415466358
144.765033024549,96.6768618614755,7.2008032445351,0.325592233866848,73.1570271762442,1660.89189425785,0,0
175.906634982599,84.2417347083916,5.98687707243238,0.289078398776782,87.2797662752031,2049.60888748155,0,0
371.266272661516,51.2733314510495,2.72317317520131,0.288967650342878,80.3927923319296,2471.03970238247,0.520064386436182,52.9475277844482
206.138846180059,64.9896534840321,7.04660818645966,0.292613694854337,140.609067984801,1720.27918949555,0,0
300.884829359738,30.7877559324147,7.46823720270265,0.284075457202341,82.6251703959346,2307.26739432094,0.75662995524915,69.5375363535052
198.686097127473,12.8337594661053,0.648986315423668,0.359009633646727,81.5595463689006,2361.11317947153,0.857135990003289,40.7041220641742
111.560851396238,88.3676369342878,3.08903505794236,0.358450981255821,112.325587040628,1857.14350033707,0,0
389.749390927321,91.6958330240609,5.60750035648403,0.324907934169942,60.4032343621255,1793.52570225084,0.721481355814068,54.2160149068525
175.338133275884,65.4907637400702,6.25665372037026,0.348405154285189,68.5281796549404,2134.68553108713,0.795410122639375,57.7464017899664
221.405051572795,76.8423666959955,5.1820354346836,0.344679397515125,148.055170952912,1803.36210324166,0,0
191.760253930597,20.6692681255802,0.694593780887297,0.335160377423312,137.162736621988,2306.60270436932,0.82734297416127,41.5367619578225
100.786761025053,83.7781364921081,0.569559524745312,0.311013802912075,48.4282523741254,1904.68742932389,0,0
229.543359266356,30.7510360789916,0.851631081475018,0.301771674882113,53.7093075994549,2108.84777806693,0.801391909877737,42.8917626701978
195.394300923441,90.1511923757595,6.70639697616601,0.34657064597716,89.0825572711995,2206.72132131832,0.569760529489832,60.0840504092821
153.875260434386,95.0403856438126,3.02287646937159,0.328838469742242,86.0480259372663,1825.5560446953,0,0
188.957614694774,6.26943047229176,2.25704755102521,0.2823266791964,52.4082295080674,1956.24862156572,0.749166886093328,48.0309547416521
278.892405928001,54.4554047678141,3.54191258106936,0.289745344378749,95.7624328619814,1902.49135404294,0.514615398965978,50.9507414051083
269.035736721221,92.7336083925373,9.28760274055023,0.348823359956928,63.0250385513712,1716.7394085503,0.549305126168331,64.4693582810729
109.579901725205,10.4639622136331,8.86248235863183,0.286128779079701,139.594393287847,2283.00901894341,0,0
363.42729518992,71.6348198461656,8.13239795191463,0.308045612864252,56.9526722288572,1743.39650022531,0.521866252958282,64.2669678560904
385.915204372027,4.36731260334246,8.15938796133045,0.33517129684219,75.6596803252606,2209.30069973126,0.711570840912768,65.8038798461406
272.532030335242,68.4356636079932,1.53345489738032,0.371172268281152,113.172184314826,2110.70941968773,0.53692138557454,45.1435726807165
234.077531232864,41.3474193185267,7.40910974151747,0.328052108869244,114.034286191541,1837.78322759059,0.73760678541536,60.6386953952736
322.89397524373,99.7152818308235,1.44590650704478,0.326781682798428,86.8111558006936,1785.61043487561,0.631521587752597,43.8037663374963
105.089150794443,4.06189514984861,7.33864586380339,0.351356604753539,65.0809843524814,1764.45301995696,0,0
133.351709893511,22.2777203203184,8.39635770509687,0.282234285670265,70.6349083735576,1645.54559272748,0,0
350.301471567701,24.7986373912959,7.27007470302736,0.356234432847385,96.6279239528798,2063.89378373247,0.699071680205812,60.0668163795457
292.44858599698,8.18059872364945,1.84050765305903,0.299903394094445,126.078130416463,1610.63948199567,0.69404123213411,44.3946867747676
238.048762137102,94.6436380557684,2.03417716204458,0.350719201835262,57.7365016956249,1678.5982417126,0.541784144952187,44.4547545836623
106.069656157711,72.5264863171305,0.875914589801103,0.376801655869786,131.434346885528,1781.51326499612,0,0
386.922810883503,22.5600226100403,9.77318459145646,0.325457035829781,109.870613501466,2107.92530508986,0.713045550821576,73.5498552157193
256.949939550456,86.6306222476888,4.99679592002087,0.346272733780067,136.314742115141,2413.61251789523,0.548316689009093,56.9924207613492
181.724260224932,74.8207212993735,4.8777497691211,0.334296962349435,147.72920546216,2200.22017036011,0.810441097113756,55.3086701737699
339.748320629447,69.4553578508274,9.37629479698828,0.306699734548657,101.787450288881,1641.77606880218,0.535056308511416,70.1883431148145
128.284513277893,18.8315439999281,3.47158637373437,0.308439417797763,88.8052040811113,2363.65475126451,0,0
210.597066395452,93.1945253742241,4.93192692402035,0.281467145318002,53.4084685228993,1756.30430379593,0.551799959776923,54.1272417230525
186.931600374071,60.4535285096909,3.26250872522922,0.327441697698755,70.938675119689,2415.17479215369,0.758992896015593,52.8995223593931
110.916928162209,58.3207872682887,8.46560162583713,0.361829658516129,144.458475050792,1801.83528995094,0,0
301.093985520284,56.8278222686048,0.756813797097286,0.297330094181794,53.0110143628483,1609.02870515118,0.529162181288747,40.18711910396
371.1802482279,51.3491924635098,6.56970447949855,0.337116827096943,42.666681253447,2047.33877294311,0.513487563381687,57.906187602031
158.599137813324,94.8122135372278,4.60730955020146,0.340752228789383,82.3012310940447,1670.10764693592,0,0
154.853914353407,43.3853696197727,8.63460316986478,0.340371618903107,57.1130396328672,1944.73719385548,0.866840655434088,64.501450977698
310.26299492843,18.2078410742618,2.09214744988222,0.30204845695354,126.307586852529,2367.88318859176,0.731552950171279,49.9014757403892
252.680324642741,98.9514014367015,4.13469430356992,0.352756639677938,90.210707856684,2335.43764456352,0.548599918480418,53.89680545023
173.025692434217,81.4030158245598,0.529668155699129,0.34221277312473,52.690180382309,2317.86921446066,0.8724507425307,39.4308507656561
378.801253834102,82.0366274931294,3.76173232783877,0.314109835366086,135.772844325075,2443.15995554562,0.619694155265937,55.055655195322
315.215407215262,76.1668397023456,3.07952342026757,0.328073613663442,82.525709678445,2189.11553987798,0.529010422557338,50.8871125269736
109.603873943969,44.2322437410443,9.5849748756429,0.296154233887737,70.658310834015,1603.31135822635,0,0
137.663769651445,63.6632373421775,4.98272451500827,0.378214343812188,91.204182570666,2118.84391575053,0,0
329.373288038074,46.5682005757476,1.72193674541199,0.298723716666364,134.712378311047,2369.85944845293,0.517826338529017,48.782557591697
328.833600863134,39.5788483529867,7.53008553825564,0.358443394921321,97.4467445443926,1829.27254032648,0.522600893501222,58.6999413275522
347.739985319048,76.3031885884711,3.28241264210468,0.371354421764488,98.3550831535068,1763.52349714084,0.526580330057976,47.231226581665
261.094733331009,5.27784088506975,0.934376177895572,0.284502921463059,113.244351902581,1764.00568275163,0.742439952462486,42.2378866223568
392.741152433715,70.9047511946106,5.88427017955276,0.309370293413579,69.1733779592057,1690.33305910365,0.555426343983038,55.1395135983656
128.622525310436,57.3555323060841,7.07587037981359,0.36797315244676,109.949591846912,1720.9611544985,0,0
257.854856186483,89.1264588826987,2.98671719867854,0.372185464039597,55.1236014089193,1753.45300426572,0.533702985293214,46.5125363391464
164.640937895825,44.8344997416762,1.74260231603008,0.341588177560117,146.815414664069,2090.10928027092,0.727558932790664,46.2653830762339
118.308916520815,85.4944710295581,6.05888757628226,0.318194740784747,86.0874434563994,2237.93699640963,0,0
391.277189958862,12.3736485520785,5.42938959644013,0.315162016179173,64.2044237655832,2495.34416224253,0.680862510469229,59.9029700980155
231.526167850834,17.9203072542568,7.81390989513079,0.342236491798285,73.7568538109019,2244.93988658444,0.773977264027815,64.1624385733504
112.696172468929,67.743525272259,9.98591541474806,0.349550912643109,136.607934782373,1792.47455375713,0,0
118.390839395116,22.7820095994839,8.77391096963206,0.375161074520657,79.0197329337829,1993.28221182703,0,0
277.065124551705,5.89794933412484,7.14477897368008,0.344838506674297,83.0046433046769,1849.76206517554,0.742980010626155,58.4728656776033
337.771535838429,53.3750745781724,3.65086379226485,0.322183242849265,69.2271436920046,2089.18982368715,0.518991853352569,51.6402800206099
127.179841343193,71.969295814546,3.36370598293106,0.313363947351456,103.044001103204,2084.67009665111,0,0
379.46197068964,47.3092643577302,9.67068587594892,0.336179915548524,135.950315257522,2032.7995336167,0.521254853958218,71.0358756628284
283.282738474559,63.1826664152289,5.52819781213326,0.367682953922513,79.6233513585311,2377.73021513363,0.527002127780059,57.0617087579326
274.831086491201,99.8718267406283,9.96576494245161,0.331421945494485,145.779270276042,2175.67715409888,0.598981401356035,74.4406353035142
164.211014346748,4.80930898615321,9.10787157038932,0.361102589892903,117.282842759701,1936.52964793552,0,0
160.293364361979,84.7998336229559,2.98331310523709,0.347637032186142,74.2195660562563,1805.12416460931,0,0
117.193153685521,39.0587966573079,7.5969821741937,0.329888567370517,40.8914750541753,1738.16757415239,0,0
370.966237227147,63.0837636543672,4.11222011825421,0.364390648058589,113.213136336104,1950.59364462862,0.519957704796331,50.5844204598197
228.905330363482,95.7307396616555,2.47676999564625,0.365973335907026,40.5432330376926,2026.48799289234,0.539987386758985,47.1322811075187
253.256610548699,99.822657316703,1.59510027174917,0.28657507259155,93.1882957915922,1717.13801742175,0.548773677111367,44.6208295099886
237.625110642682,71.0740342496093,0.76889360047178,0.325944883018935,93.7654306323074,2295.19036158766,0.552184169303343,42.413101133168
137.133402275269,52.9384828869503,1.28783240949115,0.35368359162704,55.6351467587469,2271.23288856979,0,0
359.005357469147,52.4637689759987,4.91571717210111,0.337765329921352,47.1578445284306,2426.94910627946,0.517507489038419,56.3680798233727
127.547935516547,26.7488196604135,7.67791648127222,0.281893310223646,72.8542990352641,1715.90337218324,0,0
145.461495430243,38.7986869964455,2.1790819915462,0.360495690608966,48.8025417037467,1749.32125821943,0.775953904287735,44.9850851086518
227.925239911614,22.6711096106207,6.56633099024398,0.295722295183133,105.128039696636,2486.17703743612,0.749651896056093,65.8577645716258
227.932914605188,46.3061515390998,9.40675384661528,0.297760155626236,40.5374377271961,2315.98532095628,0.785493532563457,75.7430192032536
249.17151850066,5.01659203704402,1.18388026216191,0.371991077974711,142.229454407773,1694.0699010533,0.744642662771529,41.6602535367433
393.491343824619,96.0829269421727,3.35926514626881,0.35142729328119,41.6139296605026,2307.40663239114,0.724283762728386,51.246834622128
123.362794955223,92.5030937488174,6.66300366393312,0.297724828930597,40.0385994008562,1979.35857428782,0,0
358.108178174947,90.570377710518,7.26761002688901,0.351485922495962,42.075350559794,2259.6027826764,0.624333413028987,60.774369974287
171.285629952542,31.8821664512268,1.78924427702131,0.358029836140251,77.5175103280217,1937.79705879949,0.751653161867513,45.2576631197307
136.225255047617,34.9786283867104,7.66344864947196,0.355128224062423,126.103950167596,2078.99650568546,0,0
297.038340943844,36.5089586106435,6.55574299782269,0.296573887682799,92.6110177982076,2447.4295506669,0.72947901295852,65.3935118096397
334.126987702535,89.9512819674951,2.08632519529218,0.312401202690878,141.58680250327,1901.89033737368,0.591205954484954,46.7470068275605
239.598545628742,10.9545883289561,0.735984109246296,0.330851780329154,46.1557277121683,1944.84954037482,0.78860509004217,40.7324723453109
147.361627172137,97.9888489811969,4.74746071608686,0.328523545201057,97.3185639365321,1941.29190560228,0,0
232.912716929535,14.082863256886,8.21003194470655,0.346747826686909,49.9558713689817,2375.1680192132,0.743917249790368,65.6461221728247
235.89827624294,56.903731452601,4.99430465261367,0.320020951290184,97.5005522624104,1817.90768320619,0.756386963513887,53.0482223338028
108.311291437365,12.2684310309974,8.56261549780385,0.294494833840898,51.5192707485211,2381.57913689717,0,0
143.921678963988,25.1747600388057,1.41231442371437,0.360599346773554,130.273233365276,2135.59667585889,0.817619678179955,44.9623590173878
249.528777930437,76.1379123819512,5.51618917366931,0.352069855443579,79.2095775709309,2221.31829367269,0.547529151719011,56.4197190209867
391.311351915971,11.6635223578702,7.7098934117928,0.350807744296901,73.7420385124447,2367.32732741553,0.675045134074606,64.2244942593171
392.566040382597,62.973012402293,5.64545858175432,0.354362358077836,134.82017731175,1924.94136243307,0.516812537614834,54.3456165874634
325.763053191969,52.7949315424368,7.43918051852683,0.360914683405362,80.8385621640186,1655.47363218076,0.514166920141768,56.5427593905113
125.825082983573,35.5730835398981,8.23070422907741,0.36909501207615,114.522416305385,2325.61826277752,0,0
118.990023567962,69.8665185978397,0.813266720588414,0.343079728190122,112.669301798137,1919.68949975899,0,0
209.697901570099,13.7222049949395,3.33079928869268,0.282188340256526,135.887918779314,2202.84953563143,0,0
173.655987156549,66.6397240195298,0.802909429291641,0.366325354163285,52.4046580632893,1642.99045077117,0.77599223182767,39.4801489739606
126.678335503907,24.2032163901145,4.30959707781997,0.334883578882509,96.7885769225568,1640.16878561466,0,0
132.471040102241,35.7078867452323,1.62682400048229,0.35994783691752,139.424482738852,2187.30852734575,0,0
309.083827816602,58.4582732581007,3.4276017994717,0.300736718650945,53.0542385579,1825.80534812113,0.517819410176684,49.5057079152526
235.433517828914,33.7503544577083,1.54408703582966,0.333846965044157,61.0354958493645,2360.89234548029,0.721859681049571,47.1536513302342
245.026403383508,40.1932615372822,1.15021585709273,0.316089511190179,63.9514451017957,2110.35666376266,0.735438170916108,44.4379995876344
241.540242605927,33.7848324798243,6.89489053981378,0.359021211272788,126.086785577867,2055.89350837772,0.72928839524504,58.7582925906339
258.832247756956,37.0674523139668,1.18108560962074,0.37019532976987,81.012844788416,2432.94059863588,0.735341728905638,45.0006732862852
347.854476127773,47.5158313448817,2.62076394022403,0.299823303171768,82.304638508774,2270.28922411622,0.515127454865949,50.9565913415923
297.01129733747,77.3198246576037,1.99342212392686,0.323113633579919,114.606539300988,1654.53235041943,0.525524665632461,44.5741251414291
330.03733050654,72.7977216293057,9.8940995272944,0.366728705563967,125.555967560668,1799.02517620855,0.540013439617013,66.2698350391388
305.387005177264,10.8319233680633,1.35922676345959,0.354815662265139,146.288843414,2027.10666440326,0.714962786327653,44.2981641904387
168.897606632288,10.7056273974675,5.16064135864275,0.308272961688172,68.3912680834824,1670.66505962137,0,0
206.756332089956,98.8994736054093,1.8696338215541,0.294524290364204,84.8333837505725,2470.37460482043,0.561386458295617,50.0083897089456
267.631677444992,13.0648021280869,0.889768937199706,0.358387690993872,55.4720369394586,1795.30053303281,0.7638159965744,40.7937161281251
274.467003043484,29.8026663687592,9.20304264447366,0.379397661927955,96.6448123318592,2048.84229814667,0.726393874393895,64.5736522981648
157.202917982686,94.5256521476798,6.6402382085444,0.324188197620179,113.394366594203,2273.06889043579,0,0
262.811188860642,10.3379195154993,7.6868437363854,0.358864082191245,57.461608789665,2482.77205805565,0.741696981948072,64.1297797567425
299.354437316853,93.7223089046072,8.37796991085806,0.308332018601944,78.6413661111124,2326.89648292033,0.574455613980695,70.8268781365779
304.971032830944,21.1279371520978,3.98536923178126,0.301072440318911,145.611212731246,1820.45020684212,0.653375958923244,51.2189651335906
164.787291361076,19.9765434086833,6.65587822102192,0.306297298999204,120.89772982976,1873.27518398733,0,0
290.280490145647,21.7147345565648,5.49521067194975,0.351637948271717,86.4258803213972,2360.98424138356,0.664648165778819,57.556199738666
316.438132853021,7.24193388181725,3.18074086362704,0.331648142039508,62.8250742994396,1648.16830951191,0.690025352831387,46.9047119573677
370.595098489285,32.3781381397756,8.54539001654346,0.331088507965373,62.6022927142069,2159.92136965334,0.705494713500889,67.0676052936558
163.012576689203,70.1896950675075,2.05677152291583,0.342498982047832,70.9017164001389,2309.45089802322,0,0
284.231041259844,39.5022550831799,5.92771168680787,0.356514405800376,116.995297967895,2216.90506339028,0.722732239098437,57.4631941060595
214.556807636699,53.7642069174886,4.27829371086165,0.311706619537807,55.0201646032176,2066.97098329788,0.738730319167292,53.2396029561175
380.289431688892,6.65772839575953,2.27029703495594,0.346738335157915,101.768310829074,1908.82745634962,0.699559682328664,46.5283527967139
308.322898711976,84.0050700511886,9.71487120664691,0.298445144850512,108.083077351521,2384.09717490543,0.568318987541526,80.1971041328753
141.954354030096,83.2130207238357,1.23766219002711,0.357373869712738,60.6895018358971,2011.81033828037,0,0
265.713267075919,46.8157134932667,9.35704539289198,0.303136923007117,124.193320056187,1753.41128432203,0.765289979776269,71.9793738548738
183.556871647148,79.4059338966001,5.65877636583322,0.357316438926132,122.084600812178,1683.1992001916,0,0
113.623747376263,47.4720702331074,6.70495811389842,0.364669972122361,148.793666119044,1877.66859726831,0,0
150.828475479051,21.0828645370488,0.64635237717594,0.34665118760075,63.8986789687343,1675.51126417414,0.826333690791585,38.6953564943717
326.071893665656,10.2168180329824,3.1129845400244,0.285600370968385,119.211012044003,2385.5474076505,0.733394332147695,53.6027904692139
188.538728501768,96.5890122029574,3.11906081065842,0.360519070582695,123.900833412865,1876.23588754015,0,0
137.622569512131,39.0394302733406,1.27758773214341,0.313107976129377,71.4555657869482,2285.57186170932,0.788468246365556,45.9984945827325
299.79125596856,60.4134881757899,4.83390854342153,0.336372288798013,145.838493803774,2182.8618666021,0.528828683715937,54.963892412847
170.482865587645,72.8482832067873,5.61605915026832,0.320612971642555,112.679118772765,1661.63073822279,0,0
160.161066518041,45.5065368340609,6.9516746877781,0.378446999648214,105.739961289945,1707.66113433457,0,0
192.352277891674,73.7870895198034,7.4416090377715,0.350065072621664,97.8223463522891,2446.56492428413,0,0
200.176074065023,79.8013376187972,1.68712737128985,0.317591056432462,149.318371253794,2398.63103561576,0.54435213744929,48.2924167006122
305.571203811294,10.8521139099091,4.13728089797478,0.316569954590322,107.834379959713,1914.6912883337,0.728704785357564,51.7897134816968
161.108209544075,73.2824249607063,6.20634845017764,0.362825783682976,59.9634149119501,2216.86657474834,0,0
207.263577600063,74.9903373262009,3.23433177929266,0.32570403361795,56.6555930493661,2260.9153237578,0.536250664742578,51.628750496861
229.88020511733,10.0067244012613,3.75370381835492,0.346961111505831,125.213317996811,2212.03673102716,0.737873265416732,52.2464727764888
220.680907038874,35.1612578638618,9.29542170403725,0.299833687860229,118.661746912438,1619.05048702946,0.731257042457639,70.8172036490884
150.099925557697,30.9955072210556,9.99039659578167,0.37604535287936,95.5446893889736,2046.87491150403,0,0
162.445868000828,98.8322660494586,7.11253224210604,0.285526740906183,92.3604437235568,2068.39721619303,0,0
108.860375006683,56.9981582850431,0.548691260905232,0.288830511372747,144.707606916262,2041.34104611008,0,0
113.13361680082,29.1049132462819,2.4165445737973,0.34848257732877,99.0786062189351,2425.44805454282,0,0
280.95863006626,34.9566701823425,5.69670370466107,0.358787241867532,124.663411925491,1657.26404590862,0.699359995631399,51.8692928935251
381.911782786385,97.6667899838578,0.714819124339963,0.338682950113557,139.422117425766,2460.80109583856,0.804233965564067,42.170500564736
251.849723604035,73.396703400929,3.21835193317306,0.347908685519536,91.2389523822436,1654.87591038884,0.529931632822663,46.8071077849545
203.992843550675,76.4051573662986,8.22585340506883,0.356259002268514,83.9234613227813,1981.88811524579,0.559618971303007,62.4191955224323
357.431686167119,46.7565425642361,7.9649104560584,0.352104045801054,70.6383294043609,2095.06023677707,0.514148482392393,62.6376081778095
188.56462139819,76.6165652413789,3.54549745221617,0.287401931794692,144.093317451231,1739.67184271865,0,0
107.504327946151,25.0146161236962,3.36290036781434,0.293321854446477,109.286607597574,1898.91655951604,0,0
347.060080426997,82.8966764294203,7.60895740935827,0.284959527056896,99.0072255320615,2038.71392933753,0.55825376677736,68.000637516222
378.573739911733,95.2162291939556,2.40248190891343,0.300672674896633,106.204975236899,1641.15169962684,0.723479099106123,45.8219819138848
372.917599655834,10.4251448889052,4.40799826946181,0.361438684683525,59.7096677954922,1699.31612036588,0.648730741519897,49.1570935674482
301.041496822135,73.8082250971219,5.43886747454394,0.357934211999017,114.173363567322,2403.93387359336,0.533359528634489,57.6085498299772
222.358349315166,44.2198579816794,1.98072775927843,0.333847979497419,101.52133637912,2246.3515382273,0.738836501610767,48.1722367409293
117.507928459329,17.4895069400234,4.41347112821166,0.346996878475562,117.965981059842,2305.51410091089,0,0
178.160201435701,56.5194503611236,8.43092593147232,0.352685404766898,148.838733727175,2257.19469188116,0,0
100.709138995988,4.84796309902163,4.15503151486591,0.301388121591749,102.610224154578,1933.69643787094,0,0
351.110687965085,19.9383946332991,2.70019211086251,0.318542399583957,110.457727109538,2427.83989665918,0.676532003706741,51.7239944381329
