100.534543212087,60.5160467756041,6.92469837648483,0.339245318210197,101.834090532972,2092.6584769616,0,0
102.430836153953,8.23507870005412,9.88321129109296,0.322050131378873,62.338970497737,2380.70770174273,0,0
117.647898333315,34.1098738774085,9.06993588275518,0.333041084526712,144.321162982087,2007.68184112895,0,0
340.429484674468,47.4057752821544,9.85843658732314,0.29985846499439,128.429408166048,1940.43556618819,0.531589558209134,77.0030858968241
249.632441052613,92.2715023260037,8.45551996498255,0.363772009595991,93.1457918784886,1723.32530564115,0.557181156535404,60.3931418358515
145.313921873875,77.5355532815197,4.60889445746493,0.311021143946856,107.978062985915,2081.24834118738,0,0
379.342679575579,28.9202225046571,7.28573308988438,0.350996124055583,134.78940993832,1991.49287527436,0.702660282253962,59.822119526769
387.511955613576,16.9095829852663,6.29700728363789,0.313089647581871,87.0364113298,2454.03198036217,0.676820769641057,62.939673330318
174.685943817972,5.40326446693328,3.2174601165076,0.306716180445658,43.2345581078373,1647.65406653909,0.74791562654814,47.3318962905092
271.636549997656,25.4851361460066,9.68562615993951,0.37310351259806,104.396698443062,2269.97049854449,0.679813286936408,68.791575758381
107.59538622027,66.8672520123027,6.00027365518005,0.299734271685187,87.1410248855696,1787.19357115312,0,0
331.784141698045,99.238502179991,8.79389500809972,0.308932953286688,53.2053553385214,2088.79958178188,0.644812747215206,70.0364513599175
133.992620551576,44.1704010731641,2.49220536870952,0.284845907857892,118.310303085811,2318.92909914283,0,0
343.643934929304,41.6499480539888,1.15978713726796,0.368025521118704,109.481922606294,2308.17523738285,0.771195268872647,44.3918429621042
291.867802504163,16.0667538344413,3.30845866293475,0.363560233607047,71.8621591929843,2253.22290528589,0.685990684128853,51.0252627899984
333.21563836886,62.2097756893256,2.7320628048698,0.360483502239696,92.0035571371889,2035.60285654861,0.519995437200098,48.3113164970482
381.372326959313,73.0639988352111,6.23209081098257,0.311223140064486,112.41484413527,1886.16010835585,0.537638220793676,58.2158149228469
174.912308548716,95.3311573192002,8.22762900519131,0.365161591484267,105.590445025103,2052.5082215569,0,0
278.27410577962,26.9041177140497,8.78531720611156,0.282615636835193,149.793157456211,2007.31794881607,0.701743865961865,74.8417090158848
356.523474436219,24.9672815199993,2.60923924690211,0.359518383804464,96.3204548489492,1602.3808992086,0.651355703076683,44.9625337800518
174.201815961196,69.9900168314407,0.797717763421625,0.327177691168601,97.3098694319786,1824.29839122791,0.779914091145049,40.8292696596749
227.913106302453,75.2849960922932,5.20638165486733,0.320225621128823,145.149861063814,2472.6187538961,0.550412057272614,59.325418769276
376.058718008777,53.2956421536524,4.3250136762873,0.298019074574438,89.5637930711117,2033.25893429305,0.51653908182006,53.9857746735618
335.57770531316,25.5855527335742,7.08334514108096,0.293914506703212,120.470376361872,2472.31143088377,0.718919757680703,68.362490393278
100.280074520977,49.9541119106806,6.48241690118393,0.372227187902618,96.3046862213155,2143.70109906367,0,0
120.798026419833,10.125408183177,2.24499247008368,0.331417782646481,148.851756006761,1915.88867473048,0,0
368.557947340034,43.0447710597096,4.61706660999004,0.353290810151447,81.2746367672484,2167.74953979274,0.507242329897072,53.6217667821332
338.428730402161,68.3410740344537,5.88706238616237,0.280915599896014,114.161928074833,1654.03567520255,0.525646675229764,57.2755550026487
352.780616880375,24.5744924665547,7.65376981363328,0.351898854271785,113.934980543467,2429.86685111162,0.706718010158252,64.8796647525839
345.10878602605,7.73397898062905,2.44889431707456,0.373177518280229,122.382332023084,1919.31422675545,0.705413993188354,46.5858987389793
227.338984677518,54.630943935591,4.93484687865568,0.307268873079908,115.468676547251,2344.23520146126,0.753748939946065,58.1006952643746
300.487540839125,37.139957630305,3.13353505216038,0.291707519220903,62.318236433382,2379.86816437059,0.713065989957004,53.2671505659572
254.308129470935,58.5128794929828,8.77527287066848,0.281464836117632,148.825528960899,1698.65832144477,0.808221986471598,72.0068456128273
125.751237296323,24.3202711352638,3.544931863862,0.281963938342904,105.054971965067,2343.37836638411,0,0
366.032905985607,66.7623178098435,8.52411799529758,0.346145373722689,44.4989838640383,1843.76713465509,0.521210857350072,62.2577744221254
174.968050043698,26.5911562454926,7.65133518596122,0.34786083624732,93.6040156872251,2146.86104458611,0,0
324.754218805205,81.9321279259744,3.0849714417159,0.317285871740053,81.1544585975807,1638.11391553749,0.530414601736049,46.9668973736411
373.556997099336,79.4883978327889,6.40991490067136,0.347980620362558,131.329396147536,2334.47118107752,0.588590776208296,60.2066552991056
312.662677982135,32.0711066123711,3.85045565725036,0.352944345740914,71.3387648003551,2288.74865985665,0.701503506951927,52.7624996887912
118.985770566804,51.8441665245071,7.20973578454719,0.34087131932515,126.870697719885,2302.69568723548,0,0
197.370259185384,61.3512863263492,2.95817277192257,0.28736086599684,43.8719645411251,1840.53729957782,0.761646225408721,48.7093649164458
334.138123095392,59.9526554220098,7.6508572724939,0.361797868150525,54.2067299549713,1945.90417648513,0.523867777580158,59.3122795159842
394.575889826742,25.7775660474944,7.04685633081575,0.344890711112536,108.48382970609,2013.49680893545,0.697648072461806,59.7225560313799
304.278808776312,38.2887333802995,6.04405346336472,0.364068007813711,44.9911804021428,2137.94737839599,0.701918842988029,55.8659896596987
161.91782890875,9.45734132514485,9.11016055657363,0.288421533326838,82.8846920744542,1934.1967795669,0,0
201.172557317557,4.63715025613858,4.63944037246887,0.33873261263548,119.718609321357,1748.19206404732,0,0
286.494505171281,53.0795571677266,3.76500201180083,0.365624936007232,52.1707165475372,1929.76799465651,0.51168534496817,49.4348391706075
322.846947472969,14.1907909674074,4.5532729983282,0.346994775725472,145.292776578885,1755.45787727422,0.670063861261541,50.3793278456132
141.303278342985,62.3806948660312,2.72761885196562,0.346371017030878,82.9510127311139,2453.79377875002,0,0
114.836868251901,6.87763036258868,6.97833607098842,0.327127399732318,130.261983631477,2054.59403506429,0,0
273.008354936805,31.7687132561047,8.13430271645761,0.367149474738516,118.45309208378,1669.16893233138,0.716696855334215,58.664125483723
217.682477529741,84.6190841293711,6.19019750240753,0.304212697430919,67.2564098867432,1979.58214714091,0.561574856400398,59.075140383941
368.296105609111,97.5601020129452,5.87396842256857,0.326051628804069,148.493666608741,2246.49437300566,0.737155822033755,59.0629532890363
107.111117817733,49.4929169548228,1.14375972407367,0.374948055500392,124.307349502861,2114.52173079657,0,0
140.079864142241,32.7119048891475,8.85728677535893,0.281810955896185,59.5329365832762,2464.46760672381,0,0
365.560126535905,46.5934054547833,1.05540226917342,0.346535133859374,70.7226707249518,1945.95511837282,0.522561546438987,42.6107098168279
151.265568302012,16.5076303600638,1.08067325397642,0.296347690574681,52.4545252151094,2252.80483244732,0,0
245.819043901235,46.1129658447694,6.89944444715592,0.331735811442863,82.4971610101083,1673.86366990597,0.732106224742118,57.0427986648237
143.505587437793,76.3250326259654,6.08246409338555,0.311775847435896,79.1234048000246,1760.34600565542,0,0
138.240166392426,56.1696662821957,2.14729394007247,0.323674640847965,148.776043094876,2279.32040668693,0,0
219.358531723353,83.7058690308619,1.61860922255722,0.320591042021324,67.5362784636593,2224.5977653605,0.548542727974521,46.9847377123429
248.631460731274,61.5314280580682,5.28214125118879,0.302870776496703,66.818868502302,1958.90327820162,0.525623468593711,55.8885927416251
116.129370728123,84.4831344359333,8.26735559260132,0.33460225972457,99.6091749862096,1900.93853556926,0,0
153.260863757219,42.013896048203,8.99970080836614,0.328180394543426,87.4214473901541,2373.56236152512,0,0
160.79607608851,79.0283943872194,5.02060576564972,0.352700047491951,70.4890249030282,1629.26569118965,0,0
208.015360644329,56.2356500196565,1.77586818299311,0.341533503633263,103.652717576957,2317.75957802387,0.753097290987311,47.7444903742751
275.98575757291,85.7703968250921,3.41905155959956,0.354663019644893,141.054518999027,1966.59208192368,0.532559279692076,49.3543357204147
270.108306979524,29.6550589949905,9.95393458906489,0.326186400767494,71.4684284694317,1816.46699937347,0.728796917666407,71.2815948522421
286.023133259778,61.3206741197418,5.80569960315441,0.284527793967757,139.829425519801,1898.98659919664,0.533571868188858,58.8463167068639
206.305276494803,12.4068579468679,3.40503167136432,0.348772166090753,104.515205372394,2082.31292006963,0.767099475729358,50.3164190412517
181.783630979159,78.0914837570672,5.92037067396162,0.308560093390735,130.580635747721,1921.27801306806,0,0
191.953354542368,31.8092282829345,5.24209493597756,0.280013370121703,146.269687287847,1857.59297405954,0.77798521866948,56.5274412848776
378.699929254524,29.8107811070044,8.62614554717863,0.367477014375343,114.083072781799,2289.12098530394,0.712055150825513,65.8074156213993
190.642798125469,22.3461527983182,8.26784411085341,0.357310280513955,80.6741360761816,2091.88693845177,0.816035575460918,63.2676896427079
312.149173100554,86.3776662296365,4.97541988906076,0.333812203832352,136.94832764629,2069.1155787109,0.541638287228503,54.5135282668151
112.639741808289,72.0653561738901,2.24155320690658,0.331108584498875,78.9217406354077,2258.72752488695,0,0
279.089779481357,56.8913416499377,3.29807898288008,0.311677143057954,98.412632466103,2084.84361984367,0.519227517100642,51.1172867880652
190.170717627556,96.5029281086229,5.95694088869058,0.360081780907699,92.7612018988438,1777.36678646707,0.567175869137799,53.4990983990458
383.269923971221,33.4580110004827,5.9269532582129,0.349194152957473,88.1901860337974,2338.78639170384,0.519381695387841,58.6223525621284
260.872798972128,11.172125429411,8.02598279602231,0.362264397434242,130.4621354947,1950.45188736091,0.731060806783353,61.2243093085172
315.539018181841,25.5242202362723,4.58623989455614,0.292054415202494,82.832472179672,1631.77577367292,0.685493070804039,51.6643927089478
235.150136934578,97.3604301797014,2.75672386552468,0.341904482880851,114.176555726338,2346.14125306323,0.553396238736664,50.7704501127077
134.806090221901,36.6676389162348,1.34483221520628,0.314033882887438,95.9241509774603,2018.95243731163,0.766862373015231,44.9183144265522
352.942030972347,53.3023598227144,2.83780528934671,0.351262675802799,65.5807326847208,2342.61703290443,0.520450538015045,50.7366031480266
384.476793604052,94.202957756274,5.26476385890334,0.375751652038602,145.284019920326,2430.75762295727,0.737256329072415,56.7360860561805
348.97901541427,64.5483403140799,9.98253313510319,0.317890805814413,139.766403582201,1715.93610281366,0.537964014264287,72.5736404489323
382.52963306285,19.5282322640042,4.76759585608044,0.281966150226023,44.9660695817083,2112.10541607017,0.67051767040647,56.1101316659683
330.782891766089,32.5736933350274,9.16574448710991,0.341560043864623,141.290291662503,2338.01938203376,0.731331810473646,71.0090824210293
105.412352516433,11.5506710294342,6.29799240142848,0.326908606764585,100.516046473316,2178.90661243681,0,0
116.839836559526,96.6038706694633,5.83643589288656,0.368005786447682,111.69666646812,1708.84178357316,0,0
189.681579109921,60.3661840125092,9.82605427893185,0.351065860737325,67.6404265169136,2089.42962529134,0.832540177187791,69.6179391465523
204.513632699221,99.1571528635442,1.07833474708392,0.29608077153412,110.866403523487,1696.53078239438,0,0
127.800683121884,17.0002315357563,8.04621385945049,0.302567437375589,48.235182570499,2159.06424643025,0,0
142.88867686404,85.9578406742376,9.62461248853201,0.319207111892978,46.8822682763674,1990.01415337132,0.900992561074112,71.569008019286
228.426673357327,23.1775499744783,7.72954466678319,0.31159665199303,59.5154985581908,1659.53078838677,0.735084571289912,61.5178921383926
190.517486514022,33.3200020034364,8.50944938479362,0.361781739999231,106.730918066323,2311.15819663641,0.811459068097672,65.9141607091304
369.265565149036,42.6202789928607,1.0154160272948,0.282594256218948,76.7412279423885,2449.49583626407,0.522503180275283,45.9673273649683
271.35405834914,48.3102303823567,3.58737901155641,0.291164982412242,146.327758424698,1907.59798802266,0.741399312869309,51.1922105906051
307.091165445278,63.3753671797789,7.36734347356498,0.313762194105728,106.54261314214,1879.71154433463,0.538175749470341,62.1366481272972
149.59989682477,75.1628053004201,2.38488419357472,0.354653926147846,148.103809154001,2413.2526748335,0,0
197.839898691125,65.725974091704,7.7365244618108,0.299275206040484,74.4040094144187,2142.14829324668,0.806559822345288,67.2684830454611
196.073638479254,19.6323244537981,1.06174476005695,0.318098510226984,135.932434045285,2427.7673820639,0.797885515237779,45.3444842773925
319.64002887071,88.8878664192705,4.78330132682778,0.313198698645454,80.9211827399353,1713.59785681829,0.593953519313536,51.9380333457941
367.791444775908,52.7731889321402,8.87659384499631,0.317760602423184,117.556207769851,1998.29466245779,0.530685487838514,69.4053556259782
206.033540083801,34.9652490633789,3.07762380423098,0.375594695987116,49.1800710860981,1964.84748534852,0.691216368943938,48.08673864344
394.685284505966,75.5291486719979,3.48579023151398,0.347755529162234,58.7911190053518,1991.12477386125,0.6002834544966,49.7832964344863
331.75778820117,71.8900677346914,1.87361726560615,0.325117404039564,95.1379086096129,1889.24909122121,0.524766313674582,45.8168822891484
228.326829677735,59.2871997810332,1.80724132292745,0.326507342397732,67.2478562027068,2099.49791165564,0.763198401737426,46.7976880395947
151.547017164126,9.16677845265263,9.93968430286409,0.315805768968731,149.39716119201,1769.48659108645,0,0
374.861836704111,80.3713299809331,5.6749298723184,0.32065163106543,43.455317464354,2138.28558989742,0.607536045965715,56.916424944008
346.850241865029,4.83049884862552,7.96434118770172,0.335453712318252,72.371957211399,2257.60980231013,0.74179284905439,65.3852722994479
220.130480424277,8.64768032936606,8.56915750550385,0.324677509354811,99.8691534314817,1863.3759419873,0.779066888535504,65.8328785148504
377.458723016953,23.0686104503201,9.9618784339758,0.373749576440692,109.87401026025,1976.50166494218,0.703981428190387,67.3348864925741
218.278956973831,4.08054223738577,4.41287646269638,0.338687274628512,105.229167306681,1823.90835008252,0.742559140995768,50.9811330693836
319.180916769108,91.4749534206937,1.55553483083683,0.366236572614289,70.9837264598508,2384.12498934613,0.611258488075895,46.7072155817578
258.176743049628,52.7005710396325,2.80550651927092,0.308163952777492,131.345680159002,2425.8216924153,0.761912031168503,52.2863273776903
223.728952623247,99.3549041944199,1.60332216954689,0.298040158595213,135.854185807127,2165.60564759332,0.557892684980498,47.1578940232521
198.056785537793,8.14188165298004,2.70689274702154,0.317934756806588,54.4645670662163,1725.00955235275,0.742582474359458,46.7619395318166
318.228644114252,91.2473553450192,6.82063432189876,0.303925549043921,110.095972845908,1709.52864986853,0.604295667622959,59.4602430637802
326.181325466683,11.9292901198392,2.29832575436213,0.324593213816892,107.874158619081,2302.13738091612,0.725131847993483,49.6837081845352
199.166201791117,83.4362907341513,7.893205782749,0.376432679713257,99.4616378059237,2459.97225028497,0.572015169094372,63.9933235976346
360.705460165679,32.0672173096482,9.47781706996944,0.351942221311212,95.1492639903909,2195.02286578732,0.716921816922369,69.4447935304649
351.982036655006,67.1818281383127,6.3167508437868,0.345326127837941,113.402878862361,2349.88544967044,0.529034093958463,60.2753943708452
294.482835238062,71.1906512294915,4.32880163090812,0.345441698203019,72.1545857104416,1763.32605642575,0.522263374419027,50.0094064949025
130.453932785783,13.9592716768151,3.19227818757085,0.303074800988529,68.4927595335341,2001.16001979362,0,0
304.53676203792,98.9409845550924,9.56192862159121,0.350419245589726,121.06776622668,1837.97372647775,0.617989554107492,66.9650947989887
244.430616796535,27.4770613839284,6.47767459894915,0.284364746492272,88.6276737284779,2220.24293401916,0.78242321492885,64.2702245086734
286.287057065258,35.9261100419029,8.5805111281048,0.343301914357531,73.3871152464186,2387.14429655149,0.731106313644183,68.1091822489984
189.149413800806,63.2361797014209,5.89885244980896,0.304705868271439,136.627076926638,1802.02810142379,0,0
248.156747690997,80.4305550848021,6.2989238955465,0.296844660706695,85.9000019449869,1768.13681263427,0.545209186499344,58.3515550171642
362.441559190618,8.19919856596982,5.71648216556532,0.349833080848469,117.659018712923,1798.28932380092,0.691363485147576,53.6244540013111
206.583800204192,91.4071932729758,1.55173916793314,0.372246180481996,105.929804212045,2143.06257425821,0.560734339636806,45.4346334386144
124.5923315922,4.03371891355078,5.13386709549589,0.309156066020798,89.2011547093486,1636.1188132569,0,0
399.889303939408,78.0082981328154,8.38651579536973,0.376704163340411,99.1223667168919,2350.0120853895,0.625460586099043,64.7008146750719
207.48258404652,42.7828981458232,6.07144691671296,0.301084276124432,144.844794519066,1931.37355307416,0.760748676537705,58.7003624511465
135.897860227194,66.3061445538314,1.40655739548332,0.359258282194922,88.7473378487504,1821.02922878849,0,0
121.067045609237,25.8840555368121,9.79912459612899,0.306483484640437,80.645135081421,2149.13706339517,0,0
269.582210104758,69.0763455485973,9.98815210422722,0.364339021946045,74.0578797143175,1872.69162083275,0.541779718012266,67.0797360318074
227.536621158341,87.5710448080748,8.42366124387096,0.28289122852318,54.3900642883129,2107.56888948652,0.581116754981201,72.2944708229268
241.898437980407,61.4339046859698,6.26838110687038,0.34722688202489,97.0125454316924,1953.65032260861,0.530341733597909,56.5997705071512
248.074408299218,24.1982523511992,3.58557646948738,0.296947818562901,82.4247234608339,2067.69129164393,0.743915587440712,52.1848390913551
107.156321647066,61.028012037605,8.06566819103096,0.355634194245664,45.1425029478223,2240.01673800458,0,0
193.713466550439,34.0531413039987,7.67888056908537,0.355055645744295,79.8160416310555,1842.43044379423,0.815391573573915,59.4020685376147
330.931854570266,14.1083885243405,2.23864533236103,0.370588399206469,139.567803639587,2367.04226375054,0.689380377817607,49.0247101978039
170.459527252281,97.2064072127055,6.79295107181482,0.280093704711574,117.419035257789,2155.59787744787,0,0
174.582393054036,33.1784105852097,4.351325643082,0.3491273125096,102.371162370519,2486.41578494147,0.773967004981576,55.6345099127664
225.484592420544,4.81288623826283,9.29712339614405,0.372801295857277,139.209481085724,1822.4015646311,0,0
312.302205496503,50.0149628819803,9.13863377116073,0.376111495521493,134.065763656185,1648.81654000353,0.518881370400812,61.0726618311231
207.596561503714,78.6178544426082,5.35022745347707,0.37141357921765,94.8568265986276,2262.85418556194,0.546655578937726,55.5733113446947
397.696547212328,20.9871154776863,8.57915761761746,0.329865773467768,147.789826315695,1995.51950901707,0.698683821297062,66.7788161116586
120.439938393832,87.5397471386515,9.1891859623393,0.310785339183049,50.5602109276826,1856.89131699362,0,0
190.123895057399,37.9546766188821,8.20601668426758,0.280963649671677,81.0096462991576,2383.46581746808,0.879836041617636,74.3612297138132
370.305192148926,72.9501031263094,6.143354670184,0.307503581977526,58.5240648641333,1846.15216221467,0.530108971532685,57.3931519152013
284.695059385464,99.7832350749869,9.03723847729599,0.372078515696916,82.0848458534926,2109.70482887965,0.582125626058099,64.9985741958541
300.397594768672,34.5355200460217,6.08781886151071,0.338440386204814,91.4112619243042,1640.46184364012,0.703347085011219,53.8106165277043
208.307586548607,54.4278246426583,5.93528973796575,0.363991452109554,147.17818000925,1891.42211515197,0,0
222.44517804116,15.3001472088117,1.16989792981427,0.352403955266559,97.3059739008846,1627.82357222766,0.752383710089075,41.6394929855247
335.0448541764,38.5505482308821,0.506485002182939,0.356780216808425,43.6011635909217,1809.60398199693,0.793384937137276,37.4144686557959
239.66459560575,59.1513011319574,3.21811407581061,0.309424283144543,80.8716560068422,1631.49832496463,0.518467850065726,47.4712286747362
312.42964509143,65.7490951759231,3.48446262697484,0.290741297513241,77.820942715192,2097.03515366012,0.522588300593175,52.3309957704555
284.020861796429,47.7374964391534,8.09678854021286,0.288361325544084,91.2374536795645,2441.39265739147,0.789546988161109,73.4077089858618
290.469403437316,56.2502491783458,6.21789113907481,0.284722056545099,135.394653754477,1849.99848219026,0.524009876109468,59.9554341619372
349.029323945447,66.9562633318272,8.98803476401349,0.361461728047124,59.9172993501354,1904.4163292873,0.521688851924539,63.5381482866522
278.024125232245,74.3328633718892,7.39287901217755,0.3356203536877,101.977082930335,2125.11358348369,0.542835638039405,62.5462529696576
201.198189273849,4.04928585969596,3.40512742309818,0.33749617772136,68.7606016766913,1886.05922545287,0.749374921574127,49.0728410023552
254.820670456688,94.7222207822125,8.7400803483664,0.330037076492834,53.2407845070374,2385.90962676829,0.564665595233086,69.6784050617167
344.823581245124,97.6862654668894,8.22232792657142,0.299757241730349,111.166189780543,2389.86177316326,0.663446515890705,72.2162464753727
229.796332016233,46.6048806658307,6.72953529253948,0.37156277549503,54.7196628157338,2282.13152689034,0.733084719099055,58.8066808097625
375.391193833787,17.1706092034443,9.96344366517402,0.34464779541692,124.85021715824,2192.73727635055,0.685472639041966,72.8455843697168
128.421634141982,37.6646893380874,7.63147123490549,0.336542254521057,68.0169200673572,2420.30477405901,0,0
156.365104249027,73.3439619081247,7.11938824062829,0.312914468496238,56.0150842046987,1707.20593248115,0,0
198.66945907207,69.4421857363649,2.91479791186694,0.305021687541771,64.1556429529629,1635.25281813922,0.528914492608951,46.8827484868425
342.575194289218,35.4827348591383,3.32851603107118,0.362787593557055,73.7808767474724,2150.0018531207,0.729159797818434,50.3693141929066
351.141620534873,88.8960370230422,0.645403817659139,0.375479494861132,103.015232577335,1940.78317572126,0.646223610193998,39.0601382542025
234.906205545684,8.31902367115574,5.43566494500041,0.327077877571413,109.193565013431,2453.18543361459,0.765984141739739,59.3256026173459
319.814605728892,49.6831541254976,7.59047498009964,0.377642787898551,131.216638290807,2191.56093447467,0.518464421157176,60.7913456867755
119.906745306026,8.85171224951936,3.68856942092946,0.3684487619553,59.4104225174784,2232.12805960773,0,0
231.770436327455,78.2359623962421,8.84048027812073,0.294201821293298,128.734935003812,1691.22376186664,0.573940339734842,70.1198193580029
200.69709570812,23.774862322255,4.59780664194854,0.33337491008803,126.592461974763,2291.22883224062,0.724979742199286,55.3246580324934
108.321941631019,66.4210764873664,6.87086761700546,0.346288155933892,40.3685469833539,1654.13798271645,0,0
182.932815991622,7.70434179131217,2.94981825202505,0.284122869251076,93.9996597569606,1777.99726495115,0,0
309.713262978276,28.5632065266927,3.75217556711865,0.378983132521566,78.2949068020155,1843.64786067455,0.594220439652545,48.6687815104547
108.404966936721,79.6300103814193,0.991604445178485,0.353828583350402,143.642980923161,2483.26230304223,0,0
224.373844793344,89.775188954229,1.65090644127169,0.293802152492627,110.9295855253,1616.18307750129,0.536768616782839,43.9384826853745
155.665924150225,92.9972406517606,7.85471589628149,0.366389679518335,59.2158000156295,1858.57754903345,0,0
268.024468597582,63.1856443576935,9.24850419493815,0.29004262883374,62.3968131768882,2323.94183626816,0.547564560173907,77.8086201060468
331.556560041625,55.4989422719963,8.69048141564858,0.359907644078477,90.5482144397456,1820.38173814841,0.531169605519075,62.3874932953013
328.70364505642,25.9664877262835,0.926609467655859,0.336015423466829,55.0272538185563,1760.27968462186,0.709432137458688,41.2395819007302
181.516750538451,60.6111072530652,6.5813107162772,0.301995945471029,130.020045600062,2131.9154579302,0.805100023669248,62.3609249978508
222.367885219662,58.2314971413393,8.01200048137144,0.321815074444388,94.441763486788,1757.64581731055,0.784310228426479,62.902949876025
156.209508445033,81.7998785160099,6.6935824182595,0.340124549540061,82.5411319387001,1941.9166267094,0,0
247.371898276331,91.0171343806161,4.00244339534903,0.320822720784568,119.513889090109,1837.88307022707,0.543072737437486,50.6910894472006
295.713342036057,85.3002535862342,9.16661869319042,0.346300792196923,45.0956598828534,2297.70169654378,0.538199195444972,68.5225697948808
332.818027488679,4.56674466803282,5.38335172174179,0.356760403877862,117.572725801486,2405.93650090571,0.730837926566872,57.5375568728692
281.505217475713,81.3445323742026,6.88557508866816,0.300628156422846,126.62534327673,1668.85057342734,0.541466770347053,59.6958787648552
246.812682854577,59.4672256516681,1.38637183311742,0.294389758527631,133.954925829156,1719.38079268453,0.52226063655984,43.862849188743
327.821124732067,40.6229539421244,9.3083548699331,0.35452907122448,87.8536060708629,2488.1231775985,0.756116586173088,70.9226300289764
149.999386993057,53.117891289439,4.22022839472858,0.290946403709355,149.223980540648,2299.29110817559,0,0
237.224900024146,62.7979090450946,7.75821133827474,0.282213716491755,105.369261362279,2245.50761598458,0.820468537151184,71.0335869626322
315.485374932511,70.3663064954154,1.69880116107407,0.292678935629798,97.636088456564,2085.30543322925,0.525852526294959,47.0382167563979
284.813472341325,27.6903348125131,7.42839299583213,0.311733991568638,144.23015896931,1995.65447666691,0.719877953082535,63.8460400849389
321.106961658296,96.8134975368458,8.46153989798769,0.324513954225332,65.8165419968876,1716.39497211012,0.603767769426863,63.7470381347201
122.797554139308,87.8161918115295,7.31727534974357,0.281849303384356,128.697263399822,1826.25595051279,0,0
351.832386144025,26.263639352139,7.19492527139455,0.326893677895483,61.5332426843627,2333.12023835141,0.711340973041187,63.7437890203101
148.610874354763,73.0198604285756,7.24335630010109,0.304953676875644,109.645833479325,1744.8103005146,0,0
142.599039112159,28.1312594704989,4.92146300553997,0.363184283958374,41.0938450583459,2049.35041697644,0.80880383953631,52.3954158058179
158.148459735512,19.2895452692885,0.652896519698103,0.349735023846347,139.335705773826,1998.41870444951,0.810237496797013,39.7995066273427
255.625907538037,29.623553010086,6.24231618443915,0.291979249801004,43.0783948819841,2306.95231735218,0.697958968769068,62.0954804273075
352.670590459476,49.352683409383,7.79643419162768,0.349567007506925,41.3771109499924,1813.70386971653,0.502878025433352,58.9281080424639
145.182059427148,8.98310332310715,9.3167341536125,0.349035837958619,135.077627479266,1637.28694428891,0,0
146.246432506178,10.60590054547,8.74236384553092,0.322452679783656,74.3311551924384,1911.66969215903,0,0
127.08667694023,53.560185010764,0.838712287338454,0.28922191192069,61.9754810927029,2225.80024085913,0,0
169.017675497035,53.3547010100009,5.80960687410475,0.357865671804558,102.29246008739,2391.13430456033,0,0
153.121640260178,80.5492355131523,3.97459251420255,0.354369506542196,130.947389709363,1840.30683588552,0.789061176463834,49.5765340440972
397.944344079358,26.1324948317383,6.42065260002781,0.37581688018567,62.1149912339516,2268.65526152336,0.693676339034012,57.8490417599434
228.672769408073,15.6173528780385,3.12495286071545,0.290005976011735,69.5584305599045,2428.76641103139,0.762591577591637,53.7292578865657
360.18521831982,29.0839872864343,6.99542768230755,0.323494340399856,93.2789557762052,1780.03375227278,0.701000136759005,59.0097598206741
388.668577206788,85.4854555637825,7.03033196865927,0.291848745461408,52.9465793638929,1982.60770552496,0.709249940866907,63.1805266615091
240.356338957644,55.3308892851327,9.98134569524374,0.355166106537862,106.105696442069,1942.56646025609,0.79472576168438,69.0241679802256
127.489158654255,13.5110154892113,9.71962971560572,0.314606925183935,105.349485400236,1669.11620685771,0,0
382.06853346422,74.4846930076169,3.51296477571104,0.341233260534227,97.432762524823,2407.37915306609,0.591248314234386,53.2412134048805
380.562193544703,39.52361275406,5.8466546002066,0.353976650887147,78.9785682264115,2263.78378740017,0.506459459254643,57.4876743888265
237.855723273043,41.0278201195944,1.80298872242889,0.373743496942939,101.628004391774,2264.31915407012,0.738127150152794,46.9718243786708
315.673662180486,84.3287650514552,2.34142968238137,0.29151334670375,143.363156132048,1604.65497522588,0.535304776267222,45.7230826432906
138.091537547588,40.8392408243747,6.79100635289611,0.354270516022126,120.278346112126,2259.91555919785,0,0
226.188822188595,86.4632937107879,5.8434875099419,0.358260412927552,69.0064793730245,2455.85020779669,0.558185786169024,58.7155716566759
355.947640751663,80.4806777681566,2.90222192442285,0.327379317266511,55.9967155591105,2011.89112467928,0.581488322977186,49.0480268061304
265.103978772607,50.9456594664899,9.51981089099498,0.317647312406611,102.974561476749,1905.61999636003,0.794730902677103,71.5956396732065
268.234257981085,18.2879756789365,3.91270905420073,0.291033499175546,125.887259751794,1884.5625730826,0.708540096132822,51.9074209300432
131.898819621484,94.1321893841445,1.13636252426755,0.293518316911571,123.775573876464,1879.80098715725,0,0
228.52714731229,4.2493083946469,1.99129540848004,0.333012806786254,60.295740145244,1992.55087365699,0.737190464432007,46.6012725110355
139.265745812181,30.5163813775817,2.72573478858701,0.3378134223363,75.1046521869603,1981.58809836111,0,0
167.088827875912,4.56066068116053,6.31247626630915,0.356768367025955,105.595038931646,2206.42842563042,0,0
325.59737683179,67.9671728714408,6.07845933373898,0.342532721460707,68.1054951427819,1888.92827244779,0.521106646832694,55.55251744994
264.026098995446,36.4849857866757,3.45655860847946,0.296873949373304,93.1776696982975,2189.63539925055,0.716480734680704,52.7151819228968
305.005868916542,29.4919612767779,2.44796595983025,0.379103338150131,106.49538412422,1833.79256316957,0.663153646719062,46.014964742625
138.684344162062,18.5405291646549,1.66130503229961,0.327879905050786,130.278004041655,2100.75553429277,0,0
322.967360036368,80.3826589335197,1.74015657837045,0.315745092605187,119.900003906616,2409.95380547843,0.5391942716505,48.705719691231
177.108844967019,37.0705513917366,7.81455793591756,0.365642816553081,48.0496131082328,2032.68800384083,0.795932975598426,60.0005479793585
147.374378528403,99.7988251476756,7.87804439401506,0.358700871261177,51.069724111819,2043.88079083415,0.901622798501995,60.9087059663055
338.079941962235,90.1415524913921,3.60308517916187,0.336148711610054,123.127316752382,2251.27196043616,0.619192601080306,52.364266530952
236.220759118209,12.890202893065,6.42911741477032,0.360169837377861,54.001364653178,1735.69996349173,0.714315944517893,54.1548842687049
120.33204259782,57.4744118132421,9.20466276364068,0.359126643447455,85.4378462041598,1714.68003496134,0,0
365.347037479565,80.0198837664106,8.23732551152871,0.343528803331625,89.3954338529321,2028.13656063283,0.594040293611734,64.0114028164068
282.231224344628,68.4095453411451,6.75843577035883,0.280187878974157,41.7043294200959,2174.5076962473,0.529562293678224,64.2563810250538
270.064078743004,99.7351142168095,6.10857457265601,0.33796906788491,72.558890062626,2139.28475682232,0.561744711586795,58.0279894798361
162.115066892122,88.6647243376026,8.51130302352776,0.362453175222758,89.5820210266608,2123.85544986338,0,0
386.170662595224,98.3589608837995,3.80535195573073,0.318390033762612,133.926525315528,2131.5807193563,0.729645021844746,52.6191743976311
320.735413397097,75.5338628248704,6.56678269209867,0.34590246576524,82.185930491063,1941.77381454613,0.530213275013861,57.3798021778441
319.366862182978,29.7794032949333,8.65673698196404,0.287068650431133,59.0440999173775,1776.01477447658,0.731447480401819,70.1805377550143
336.544210893123,55.9886002094134,0.781259245255973,0.31427649589453,98.3805802312304,2283.1540901538,0.547672765528912,42.7391358129678
336.454044890603,98.9552867391185,8.84710886491828,0.330610164142502,108.686201920332,2310.55555239659,0.654991874916288,70.3711965649188
253.563010871603,99.3636091182043,2.15985641930061,0.337073398773497,93.6220914326772,2433.192066514,0.550226776823882,49.8022497415786
148.414946747459,72.9331726750402,7.25175965151716,0.333519146886817,77.5437193300352,1943.43139950665,0,0
356.384979871817,94.0049153635936,3.65326136676074,0.280167866440112,111.802214610102,1935.26979167264,0.70703348263271,51.8988375218622
179.873764478701,33.1855252773,5.86332483542136,0.337387261344086,129.160681564349,1758.41676908285,0.78244457338394,54.1843185866279
297.66706844129,7.76831176561886,8.02503484787663,0.324500204012726,85.8380399100936,1959.14103349792,0.722517369693044,64.3774341327398
201.164640813542,21.1382192260247,1.10000664521338,0.341549857033874,89.0144029291822,2240.97874361048,0.792183865488976,44.2613841788328
296.655378263917,92.1123738837625,6.95291178475487,0.35683084747474,111.493332555453,1663.61380395525,0.550600256415089,55.5776676651211
285.891923356823,81.7824770017039,2.24711643033915,0.299930735586423,101.810631887487,2269.79237439145,0.5388284775416,49.8959860633546
102.127996570783,36.399039998721,6.42739067552709,0.344562283334176,109.521215011663,2173.32412891005,0,0
307.323799536401,61.4739086212509,9.10661252863868,0.327745583366796,140.116536228879,1974.80107177182,0.54882420463289,69.0397468720318
310.920550579116,18.5798593355256,9.37827741889719,0.315562397011672,135.028725290155,2215.35319163918,0.748229241266372,74.2130580700221
335.269890283959,78.7150872766995,1.41030780347037,0.376022951826776,111.139784696823,2070.44610123995,0.545444056366309,44.3772622538884
398.732156122553,13.9524619813964,8.78375614115934,0.326988635534203,127.303040168879,1645.18084768434,0.722404901065635,64.7639419749278
311.945556377582,22.6328288649306,3.79083083148952,0.306161431009543,60.1890480656809,2080.81637042939,0.675328283553991,52.3362931433481
137.328605786706,92.811059686323,5.09643664131376,0.332982302231662,137.510163801083,1911.7974928417,0,0
381.104288847879,16.830841387074,1.23202604909079,0.288220597081157,98.1145141700211,1645.24447041434,0.6411929479711,42.8975046134206
362.871963109538,22.939271152035,0.562940566675571,0.341733868737422,81.9903279186111,2425.21430537636,0.736433845123844,40.1954211883803
148.566419438824,70.2832429960441,6.31605347774245,0.309096841924726,95.8002945820318,1695.45288746232,0,0
270.020449845967,16.5899194699926,2.35945921713078,0.301335737528163,55.1320071291179,1818.48936027496,0.676256307670565,46.9598543646634
139.150245665303,46.9414975309255,6.80513166159919,0.334695532471537,148.734088993861,2421.6005980332,0,0
233.264161404779,18.3372161906132,3.79627143929958,0.283934092448293,99.670899076975,2112.01450842579,0.691089239554082,53.6880893567911
243.739890497556,99.3925653997419,8.96419943602718,0.376812080445059,47.6195701326231,2479.12918410037,0.55984580119776,66.4692531073598
385.06072709556,61.2431562669686,5.49502266750502,0.300751826282937,65.8439836123443,1789.05903064176,0.516936123811082,55.2804668109028
201.140950296175,52.5296081196218,7.40654122571839,0.318584140630937,132.354823936696,2170.40753648025,0,0
238.686197903383,8.13870312408694,9.75155600321465,0.333300062170592,98.222324692655,2305.09750088511,0.798068508133966,74.0381896935125
399.33698303311,28.5237269986391,2.20536969069425,0.317279720627381,126.563255543635,1687.00571517468,0.69022722483149,45.5003082553014
114.773136048901,35.8891334224724,2.15345709016068,0.348533446111094,93.4063684057048,2008.79564982477,0,0
287.075464886394,79.0835476909594,7.66773803618161,0.361468879981338,108.992319849768,2451.85113843278,0.546738325959848,64.3938372433712
257.607670475826,24.8700300013983,9.17707471513709,0.333576727261878,140.756962064104,2172.54384169444,0.790775798630035,70.4102567008487
179.05778543988,14.9946853392945,9.43715767273702,0.329876773637425,114.808570305117,1657.22272134945,0,0
271.859745227041,89.8265930671219,0.532911292916055,0.297927686290526,57.8527336972463,2235.1712976299,0.581710308023216,40.2828054395551
241.242775653998,74.4245641776128,1.777786315197,0.372061786309163,99.0349077003588,2238.42152794167,0.538894853735059,46.7720155916831
243.371037781668,31.6966758359891,6.68827108648576,0.345923545069876,119.312346485437,2002.76633740921,0.709135417196004,58.4409663982324
188.201348087405,87.2960662589265,6.22117981107245,0.304118696874872,110.114136881298,2104.14874505616,0,0
116.318188012592,46.8097514199567,2.41785900503265,0.358735833426636,70.8986974937036,2195.08199762711,0,0
186.562249471658,91.4234643688853,1.38376024982457,0.346175283147926,80.6267247880105,1706.07662403998,0.548308207414179,42.8569785737148
144.44770818303,49.6937408615684,4.7628583962987,0.36246063249382,147.170780202975,1635.67767329698,0,0
325.784985191531,91.2556961696029,8.01134847090854,0.344253351263699,94.7350076158441,2073.72081789528,0.60335680950496,63.5541236051949
209.60193301586,89.0798220632438,7.12191746155277,0.282519380090142,52.6537760947776,1970.28257275181,0.562156722322688,64.4535411194823
274.734993004959,14.9689573136223,3.79940324889316,0.30468417167809,125.242063129274,1717.35041513178,0.667365715793763,49.7284255559589
251.638315814895,4.45883256673816,7.4080649391999,0.352573327490507,149.398867033616,2225.89532711291,1,1
137.852269402222,17.6932971399646,4.33648958376703,0.300063656744499,112.020083421309,2401.38855004627,0,0
242.571549959023,79.5897739817734,4.97110233866795,0.338232443064735,112.491701554083,2136.24704143642,0.548261711219515,54.8718139108791
255.209943748927,87.1646688486478,9.34178969326957,0.320818450609874,128.281770528561,2116.43183918898,0.574217904106991,72.3287619147113
131.334697344117,43.7237302750791,1.10925881857512,0.372550482121091,122.085432348263,2136.07731648439,0,0
258.942683017493,64.5510879316025,2.91793647445692,0.316835636505679,90.6456235969811,2261.67564601169,0.529207507962102,51.3590528123695
323.25341972997,69.8399395350161,5.91744341838721,0.36127763711833,74.1644997822266,2183.95830921075,0.523408090438486,56.6541474352321
203.968108198373,7.27087648564185,3.78785013171596,0.32281523722211,107.702544562917,2294.12081217507,0.749596318304514,53.5621632225216
280.763070511705,65.1468250142587,7.50377155874719,0.307883640293642,136.518563726271,1833.88196921146,0.536711345115656,63.0874335332044
321.509816709428,95.1873008052359,3.28049165184712,0.351885280226577,139.818506968309,2412.4801408698,0.601923309258667,52.458633478571
343.921632706223,49.3684819849967,7.70001841069982,0.307426255854056,97.8756297063401,1937.98931220432,0.523843110224298,64.664354009288
202.24048365744,97.7003589624844,7.37903088388444,0.29823031583643,78.4399820920936,1777.76128358432,0.589069195612487,62.7678551853439
394.6607600827,83.7022897724704,3.94795817129846,0.34353391387683,101.821835348751,2366.07475617564,0.707434458218571,53.9577987797963
178.524051846619,84.3235618521784,9.22364926076036,0.378506784787909,98.4184336358928,1985.4827114133,0,0
206.178841294787,10.3772912156633,6.00876898025349,0.330385116738754,52.340248849117,2006.86143038091,0.751052690378982,56.653108348829
289.527104718604,37.0771693812856,1.12971944841964,0.373958085260736,88.2362364641737,1754.27363596935,0.72048112376738,41.6754012135454
374.379348364536,82.3999362233109,5.49334616379708,0.361704531600611,91.8191920173775,1987.32979605171,0.610064092168021,54.0277917838075
392.707565591125,70.5450719478881,5.22185648415159,0.364094778716406,142.818152396745,2156.34822427824,0.53496444727238,54.8296339849542
268.1048783846,83.896800419847,5.42349266649891,0.313820815248742,90.6673852147917,1730.74610298387,0.535771770614192,53.861665887341
349.267292560604,91.1252494670522,7.74337294807607,0.378176966509264,126.092126356483,1801.157512886,0.625584894399534,57.7752334683348
265.219486646183,21.8399047495372,5.66197751746058,0.324380227646856,76.0859940513111,1797.01868440603,0.736783514409819,54.6541335301314
322.405862407632,61.8541562382782,5.33362143921993,0.376307264311613,142.585488461873,1765.91527261122,0.516857983372088,51.294852512202
140.742115353502,17.1945942527532,6.20747747115512,0.333989077921074,47.7915759594968,2058.37258830778,0,0
151.515122511226,82.4877091098008,4.4976225934125,0.343340440485258,122.942501824166,2199.26549725636,0,0
142.246323350444,50.204186093701,2.98614300101307,0.363434980787209,85.4987132143825,2168.30334884054,0,0
158.805341654615,48.7632818883501,9.23058031158089,0.341447260640805,70.7185935175013,2278.93712043155,0,0
103.501658275222,25.8512799497672,4.63486015613776,0.37308164436342,71.1759414902,2436.45831080237,0,0
285.934271866722,99.4047571517309,4.04381097433137,0.325711011228953,94.3854137030053,1911.89264477348,0.596097869495829,51.113867538279
392.998282326851,89.3406428591889,2.12354661968885,0.318285549558664,109.924543684159,1633.775081538,0.718836576044715,44.9100206677087
151.143981886685,97.5395345529286,4.3065177466525,0.368951524427401,126.573298892089,1746.99552818028,0.839940171986686,49.1635204166247
226.004930473699,5.86697796428426,5.88535433351189,0.305272987764883,40.7655927184119,1717.5598086385,0.73749660001728,54.9090926766383
132.782599613574,39.9898389412914,5.73498957524177,0.373911208210968,59.6122385414926,2083.47707061789,0,0
376.906620858597,8.49828217242275,9.41918567663419,0.340109158396153,111.642311997791,2258.92339757703,0.751117695841696,71.2917369467012
388.168538022029,80.1155633687712,2.09653535873812,0.345754042327539,122.801798071471,1644.17971120739,0.606806821436923,44.399921487899
270.734751695691,52.8964614427533,1.93920193789831,0.342348326764123,87.6782122620122,1830.29243143168,0.516613388695632,45.3352498293283
273.832433436162,77.9459705052873,8.39939681289636,0.314659671994928,58.2285565607996,2354.91978328501,0.547082404943605,69.9084216685116
385.790593735665,60.554047598878,8.52460348492953,0.327149979761011,147.603723368235,1603.77850234114,0.52247197817809,63.2753879330819
206.504677796434,92.8387658758545,7.7018922951471,0.357276274681644,128.123872359755,2299.17164608344,0,0
151.805940176939,40.1116754186641,3.07381504910455,0.298762840388496,67.654860792243,1757.51171101414,0,0
323.829798237085,95.2259680480599,4.08893108078355,0.331153463479272,114.564664791006,1769.91232906709,0.615687315353547,50.0094749838308
204.989919979992,4.817660928957,5.86349572172325,0.310844682926489,79.566981798956,2300.23970000086,0.782966962433907,60.1978973958039
122.178076253093,53.8077685542942,1.31032170835255,0.321991966206178,53.4421087411993,1708.2690563127,0,0
217.115541549986,81.6592588361531,3.88328357645407,0.352773674142944,135.331392497628,2255.92716351768,0.543228098708039,52.620564547472
389.313583034595,81.4451149593921,7.67848523782083,0.328342927162631,124.413192512678,2475.21058718011,0.635895530901168,67.2988582632243
184.512375564109,33.6637537253006,7.1154561096942,0.281423350765765,77.0237425864593,2222.07567738746,0.822960832134605,67.2127273138749
134.633685007439,52.2646992912958,5.05523820219495,0.341597677501764,58.0061340175903,2112.95960025176,0,0
204.592193397612,52.6581360587308,0.759858171059293,0.311852666986197,112.488252409935,1860.59240924303,0.758587418504413,40.9838219158926
224.072439530121,83.9724361866233,4.52256371699232,0.332146096302197,140.322804210658,2030.62579663658,0,0
245.584156953861,50.5921850701934,8.9585083683287,0.326347055611021,49.0769024282784,1942.92692127942,0.752286533928486,67.1158086790617
201.774871452776,13.0166858473695,8.98490596715234,0.363295083060293,79.8198680548712,2449.8832709787,0.849744176642547,68.3278961964884
217.895882635702,40.4623141637033,6.20696406948963,0.338123702263328,67.1188663380907,1768.28522046612,0.735349500974482,55.0706163651875
246.030937127715,17.7378969553465,7.16692848376638,0.31475899526115,58.6088030440991,2125.21694451953,0.702907916366244,62.8707550661024
359.462610583566,13.0217992476375,5.88196979493762,0.291545685619521,89.1362367234229,2346.3672421897,0.680775873048323,62.2602446231514
252.150166443366,65.333395507753,9.00251339085485,0.284755166752658,144.855722148571,1807.10769593172,0.561203847357899,73.8682879967476
265.467779739555,86.4504654381688,1.50698645934874,0.35957881062273,45.020194897475,1814.25044697057,0.537450305751848,43.6008837094666
303.252260534655,89.9296174593175,5.66748511194767,0.369829297230921,60.9299855761345,2161.56980413548,0.547405107255168,55.3887671213174
191.810144128559,48.1097905001959,6.27257580353953,0.363683616900892,46.5166892529777,2008.50269202015,0.69669333853464,55.5210146072362
185.360408269404,93.5983189984279,5.40198260337718,0.368862792455099,49.6061005580857,2244.98442609975,0.556975774335153,55.1813632385177
270.507938922414,73.0830597400323,1.58764580778335,0.378938204734992,121.571394281181,2366.47062625148,0.541167775853446,46.5211038993064
354.814489028589,39.9157648077524,1.4192792586241,0.32034205318166,97.1660987688466,1953.08125627751,0.514699696153626,44.8294315127144
351.009428704612,15.2180285140229,3.86618606306744,0.297308813479953,134.543753366142,2259.88808303326,0.702005444111048,54.5501077732765
179.444712157187,38.0881500994284,4.52847394619944,0.35623039995796,115.25472934344,2161.41226652981,0.818010159281891,53.3157695342052
357.441692483727,59.6778350887385,3.83280212865508,0.308689229784791,117.767092079281,1655.17683731028,0.511156403459366,49.0640436007046
132.299953462967,37.0282971383788,9.76082683079336,0.37619384665701,134.676387710487,2396.60298280261,0,0
274.261132062598,99.5885905004836,9.08837208037358,0.337407269769598,84.5104578153192,1782.83167994356,0.575202200249821,65.7992917631249
189.770755857086,36.597892311781,4.94525447712465,0.363402910990782,97.5848549829188,2022.71605743963,0,0
176.293922938318,41.1469179687208,3.20386620998453,0.369698174757862,132.249497010297,1955.45963621485,0,0
123.272315657867,71.0563993533016,9.97667046876369,0.34653315737504,121.101513097875,2340.83205899727,0,0
176.117793642529,94.329434687702,7.05374452362786,0.374904247316667,103.944086275889,1630.31058978882,0,0
248.330755956048,43.1900091656701,8.35522123155902,0.290803466893248,87.31174075534,1956.57937294607,0.760280590042704,70.0932143149165
105.857250548524,75.9111103244871,6.68251440882186,0.33080470175617,52.034059584437,2150.91734451574,0,0
362.980243132815,22.666506874531,5.71183232991328,0.350054216083455,124.744538769876,2249.4695788737,0.690251963312612,57.4355570431295
151.668573697579,52.5043535975256,8.88520710899842,0.338555861606051,81.789857650285,2305.89828097168,0,0
282.633803117913,5.04814182273152,8.81224132511556,0.300148196525142,107.952501225627,1746.5149558391,0.750371591898771,69.3843139734696
390.354602603051,84.6797017045454,6.43449658738382,0.364506716660752,49.1650676690324,1933.08912560352,0.697789718252285,55.4580883193672
196.466213747162,49.6729866080838,1.59882296250117,0.330483429436302,60.8190581595054,2191.64861612586,0.74363032670219,46.5283243147951
257.745717821854,70.6960187978112,5.20274408225718,0.311698589578314,138.656905272627,2375.67889283979,0.537360743156928,58.8142043917177
371.894112819757,77.1075632477294,7.08777184204963,0.372290101822849,125.524336342729,1637.09339389625,0.581890392966878,54.8659649017546
298.634133593795,37.523045291931,5.74854049424071,0.282115615455944,129.169345721268,2093.85612517763,0.723072237232693,60.5269330223355
304.305776401922,15.216267676152,7.11725912240947,0.310224527797489,104.895167543842,1641.59661545625,0.687125861731476,59.4322466510239
176.339009478561,43.2574735410536,0.546478520879552,0.283954120275445,77.9044236530416,1905.06886702023,0.736293727900712,39.7291573405196
174.927183565306,48.5864515521787,4.60760605003971,0.287165445224714,52.959433715538,2256.11255222291,0.776941903445114,56.6920902181296
213.282461338156,51.828276035262,9.20896493282152,0.372166133871329,67.9454204832919,1641.57723742649,0.754844054583419,61.3111950051799
102.483299533013,85.4686120938,7.44868701526865,0.370598729868298,69.9800478649979,2237.60775838044,0,0
322.267193692244,84.3099292369659,9.32383371917389,0.360805361029393,88.8221668162878,1732.09337687359,0.554476207640029,63.8385179558016
119.932321184821,28.8854331838012,8.09602594506562,0.33902793230994,44.9784491143684,2263.53539010281,0,0
316.455069541514,14.9508541942966,5.95803684959101,0.351672553600816,65.7180246550459,2200.4565650562,0.687570022286162,57.3465727469795
390.283056295995,82.0294141882348,4.6640537196265,0.280323119599034,96.7661083167463,2269.77513149465,0.621983637075568,57.9699445964399
268.13440560069,4.24079399349471,2.55352328294293,0.365332378300509,132.168307457932,1842.29567314193,0.72500593107199,46.5435877511362
346.392561446553,32.0066798465708,6.25553396704658,0.358472074082664,50.745055785088,1990.13550030387,0.697089476578926,55.7740264791329
293.573402001755,91.3173754247152,6.93653624736062,0.284496230596403,123.163135853857,1688.66559614882,0.555659044949878,61.6881971411731
159.451477334906,60.2831020528988,2.74426838860389,0.345166671770342,138.282862167696,1720.23790331667,0.745594707105157,46.3058228901337
262.38473299746,27.2815433514645,8.41706375006951,0.348849307207236,64.6262574747389,2144.42329813937,0.699325194941001,64.805327523091
223.574962136823,70.6670171231311,9.29659798943286,0.292673743654498,76.8937821497677,2263.50382593531,0.863588634291535,77.3026684260315
187.444488922907,76.6864214557712,2.04308976216446,0.371549540110991,49.2741259832387,1762.20488163111,0.532451181489382,44.6145341653528
207.719800889281,7.29363090972166,6.48551050664991,0.293584592097355,68.3874884283097,1880.28355313675,0.759174413171444,60.1731812731978
162.394153971934,39.7731457956734,9.0874692353929,0.331535716753282,94.7949718550472,2194.26827283669,0,0
105.397631476467,66.4855138094987,1.4851500131994,0.307111864491437,81.3554202969662,1886.93089056663,0,0
210.482027902141,15.6011759574047,2.65341901971187,0.283696772711384,60.371030560137,1716.00937204255,0.742193208873864,47.3210380550944
136.40118002353,33.8009014639435,8.6829727488802,0.346697396639227,143.122507256159,2427.55690187332,0,0
196.119826602824,21.4680991918407,2.00816685949382,0.299983139339919,111.939829557889,2237.70586837737,0.774914483090905,48.8513613088841
165.942212435105,10.7327218079273,1.55654548063537,0.368323965210631,104.066830740649,2384.07873358008,0,0
276.813749320469,51.2594881135379,2.54231591672907,0.289207483875114,60.9454655246501,2145.11277732153,0.515732443826536,49.9763516610872
130.191352100072,43.3513826344142,4.07955623924196,0.366793536248093,91.8252628078314,2433.84649128555,0,0
205.895600778672,64.0984077180436,4.04285839430486,0.333919615172512,140.881249928969,2384.53624824379,0,0
142.334609434,55.1082839743979,6.20942547254322,0.350420551692015,81.1044041714241,2037.91613626984,0,0
137.373749491646,23.4284902387979,2.08238652346661,0.307916869665333,98.3091208729043,2450.19799164388,0,0
255.490572960827,30.8202715801341,1.33515586105519,0.341353299391131,103.510237840252,1666.00222745313,0.701476263594362,42.61422208869
167.352091552531,13.7614928950049,0.501074228940715,0.313755435825861,147.333201593862,2178.31547093942,0.883559167573074,39.2908711776911
114.28865371531,11.1492852951083,0.536401396425397,0.316195874912766,132.615806671311,1680.99994739883,0,0
333.649942429006,4.50385627329304,1.60973258544792,0.371349469778717,86.8766902726047,2074.35738146496,0.744129865171504,45.3064936532592
159.839112655178,80.943303896351,9.08529424879276,0.329084751821453,142.48381679072,2193.90055016707,0,0
231.765153680359,13.3273497655989,5.8322655824099,0.296569891373773,51.2363526029329,1889.12383321322,0.722336286340377,57.2154099939485
255.021151263834,44.0677523558726,7.40553285832795,0.371839895616422,149.958625601241,1932.33933464901,0.734271210652924,58.4562261030687
291.887061725164,45.1830028277552,4.47803810724903,0.289224638466739,141.124140044799,2223.50141413954,0.743810389923213,56.4094020051505
363.924081933025,74.4955967695059,4.35654641234187,0.298767889992141,46.9501258966135,2201.9925294743,0.528831580576166,54.799046003329
297.980879175711,65.3962125515448,9.58734657773493,0.337238559723677,143.0440448461,2226.86822903602,0.557983770415042,72.4291390380111
328.353482561015,51.6160385978598,2.84532589251941,0.36080110970463,115.099469241709,1913.20141864488,0.514655523822495,47.7158307884726
359.460287351974,51.4418094090871,3.49714614826129,0.325818835388936,50.1336279675485,2455.13831095583,0.518929640460175,53.5283141548299
306.891242337462,24.4913201433183,6.29915592698443,0.318341743975736,60.7856387781521,1952.87373905296,0.689170052542286,58.1018206111151
289.242828444581,69.1864612918859,9.87503336590481,0.301855251505781,143.774396135612,2162.38527356468,0.577215579411342,78.828128537161
391.598869287587,60.3048757583424,6.27132739848,0.342326630057299,70.4515578279168,2398.00773423656,0.519497229754826,60.3749773050819
124.818473400862,82.0146874984064,5.70651564519872,0.288257875693938,44.212294289144,2042.44718878426,0,0
330.890549531625,75.2711008460117,4.39457633145063,0.325999739785659,83.153860757814,1765.48140459014,0.519554232270576,50.7668531022781
115.749075258453,95.0484161119633,8.36591308704431,0.355263077654889,93.0959309334161,1651.66451839258,0,0
300.627127268033,97.80136661144,8.7755381645091,0.3494078709094,94.1396175288624,2085.10815429179,0.586490733557421,66.0450969447555
359.159284684522,92.2841784933872,8.46529575708203,0.351025370099852,128.372026183877,2266.31028259054,0.641318338466519,66.5313697483742
156.886756194187,90.0502364226753,2.07363192856382,0.289469286461713,149.737333703068,2216.52663260829,0.830227661451328,49.1700696891455
188.552822487511,69.1191974311594,3.50060032556045,0.36277848148336,69.9368963454507,2487.72102258877,0.790081060901043,53.0295411299905
212.711149052823,92.2922997967035,8.13760836097352,0.319559374782895,100.854122668193,2445.28876702333,0.60595676949252,69.6200407729066
114.541436778933,51.8621049118601,8.08032042183927,0.367091132545287,81.6804366626199,2208.5692148844,0,0
393.871679664649,40.9141960384198,8.09958400072678,0.349985786650082,78.7398035764953,1679.25598371745,0.507683423319414,59.7849998003647
146.29845444118,32.6691348316765,8.74266678023743,0.29894825947031,117.013185261463,2365.86154976211,0,0
178.450361132592,11.9932886024586,2.05834129027792,0.312017088082918,143.714310460886,2064.18538680573,0,0
166.804109976653,5.36919869394163,4.19134302826226,0.376554010533773,59.208758352912,1999.83365682387,0,0
131.471956962358,27.6726520666536,2.31835610979358,0.327209542881623,85.603141925721,2338.61713509597,0,0
351.025908217743,26.1244464347127,6.5875437110743,0.350438850253675,79.3916832414313,1828.38609705537,0.701166686172928,56.1864034588529
117.465163103635,99.7572179821005,3.00193206863953,0.30921788480398,146.439619068516,2188.22697408365,0,0
164.074472960892,63.4538440368552,1.82464328392283,0.368479491209026,92.9861136821592,2110.95942732266,0,0
322.833327132702,13.3398839527387,1.56898239889397,0.328058408764308,63.2237997190608,2360.59821654057,0.683351489317407,47.4306802569597
197.141574839932,51.8819950809075,3.42164394003008,0.348238921440264,122.139780099309,2118.30462258273,0.74009530476801,50.6327332996552
386.657145358675,51.3625302326646,6.12343459854098,0.349837988171391,62.4402295218548,1868.41813407068,0.516519136005764,55.0761350506227
224.408042701099,35.0191850688764,4.58897429851219,0.28488992898802,98.2540587076591,1684.56925513409,0.712338180521646,52.4341963201777
230.94814346634,64.6298687194246,2.75775065847263,0.323794898428968,82.7710577914611,1799.55578132207,0.521269459639405,47.3184305532653
249.758855693633,78.0517656005635,4.8970758127208,0.371106621157849,146.911118940912,1976.63793582998,0.536442287515447,52.2221292280641
377.164798181157,83.8645822250049,9.07244640801141,0.32988710540101,147.175154590961,1758.23690979546,0.635239340852,66.6451792248125
161.086844093799,55.7109723155477,1.63415466792786,0.332127418961267,72.3552839770866,1979.31202539862,0.680197632717673,45.4381614348135
290.040402185216,29.7977122445561,9.08417452260906,0.317049493310322,88.9017304249365,1999.23260749082,0.737052786373349,70.2288367401775
168.171237073486,43.9374522667758,8.92516041564244,0.309067423995009,63.2686595890667,1770.97720463527,0,0
221.989159127873,77.4761993171217,1.30405440105196,0.338236120012056,145.649279372195,2316.43778496026,0.546322207776925,45.7638034539511
350.176402960595,17.1957789802759,0.795732528903044,0.319335630968963,62.844999163768,1922.86252183381,0.75704743298366,41.3603595205362
168.016473064317,45.0233228400919,4.06771505938943,0.292502531895637,130.220628335917,2171.02644454531,0,0
152.655200997612,64.3740491080397,8.38059410467882,0.360337389308101,65.2448732069198,1890.72212151119,0,0
399.081641776909,92.4619600442284,5.41813071827333,0.332907922214859,61.8228266966642,1605.8058305563,0.717030006489374,51.6855284149429
136.080509385383,31.2949667432972,3.78178627168135,0.312171366451026,95.2025967139364,2217.82763213414,0,0
339.118300720003,44.866110547141,4.05357172593438,0.318189409283826,146.272963102656,1769.34104354544,0.505674241396542,50.2308566073296
265.336028937543,98.8738034763213,8.34803382308391,0.35690712293071,55.4963712450833,1800.63308586867,0.559349884650991,60.7469789537071
138.827309260087,16.1752737178179,5.34178560161819,0.295845896931216,102.820972024182,2459.54429251888,0,0
232.458917223737,85.8505924934616,5.62273615832761,0.346144208894881,70.6833926837007,2178.76980553218,0.549164887985747,56.5381873870381
288.467509817554,88.5033654888511,5.01485461823042,0.377560943153422,49.9364578392897,2062.13804122249,0.528677332784165,52.6101285540978
112.05892317391,70.7596060757769,9.98336440862652,0.370347836842595,108.572531863436,1947.69390043055,0,0
115.532063377429,55.9324446902985,1.27079981995385,0.358654702615064,141.100433841892,2104.8477858585,0,0
387.017725960593,46.1007224177305,8.82092213426457,0.379790464069978,89.0791802312872,1674.9992090993,0.509325557704896,59.810896306107
320.832648854661,49.1234887180875,0.527508091324967,0.368693246624312,115.652264600294,2468.38429358525,0.868466722106628,39.2026094206827
269.745251841699,27.6624393133923,8.5782169100179,0.307548347891312,100.46095101563,2411.08242787943,0.696295695231009,72.9542863133873
277.346634622939,84.6927721851253,4.54042583369366,0.367228547536099,122.108549074449,1771.71285182494,0.531187168837833,49.8921164168495
331.46777345435,33.5880363605631,6.91773007627211,0.367007949877227,134.035278354535,1936.39481728153,0.707336561454193,57.335205069469
182.614765240379,32.8279536102337,3.36397886449975,0.310168299804887,65.9473664295762,2017.51408012717,0.779596652304298,50.7163703633185
316.032788137461,91.8923829976701,6.51291277063141,0.352563448815049,61.9021041327346,2333.62320537305,0.602399934689108,59.8375624233033
195.867881830438,76.6783174871714,3.22480770680443,0.338450480196885,69.7031062568325,1999.00563234774,0.538027184899342,49.562559620626
251.754848404793,64.6131538479295,8.02821076829047,0.32176096821313,143.741671329374,1974.67292630423,0.546304823441406,65.1387661564304
279.867854993225,78.7713245627393,7.40847049637684,0.346922684268733,127.481276088917,2345.56130866944,0.54695066704347,63.73750649428
306.042164001367,29.3814898681579,4.03630535256966,0.298340269396066,99.3279217358406,1834.84174230947,0.679210573508405,51.5376149831771
102.598710207658,74.664719521811,9.34319083158681,0.347604043394205,45.2348419367581,1854.58327272368,0,0
337.458197749437,71.3443409680118,8.33146960725988,0.345611599589866,144.782340222459,2058.30916651069,0.537152701576443,64.5802469801334
169.502772791196,14.9807991257945,5.58520304047722,0.325178238637144,148.675126548932,2390.42060845398,0,0
382.651281472277,52.7028961556559,0.784875479484515,0.351174030715123,135.207304691891,2263.62391580995,0.547228389045085,41.9129969747665
186.729418733327,15.5410081675011,8.75171476072438,0.308593133038087,137.659606077791,1667.48815300172,0,0
333.397719066433,72.4481019228369,5.46317611427154,0.373006555462947,123.983837582321,1742.97046763069,0.520025121012113,51.5057801890129
233.39151401279,77.5139959915166,5.2316439855032,0.321238893330975,127.8531272116,1648.49427929127,0.542705544813123,52.3389098820198
182.400577555448,17.8642930043683,6.27047361497863,0.363471092651186,59.4593458029345,2092.55881486769,0.769434596512308,56.605052089039
142.48552595199,29.3922878065771,5.57433068843894,0.32943166948949,95.5242081910022,2421.44429467959,0,0
272.359839403441,73.9598199418844,2.90081608572517,0.376771816347603,77.2158605330152,2379.69075867413,0.532411498652585,50.6122301842424
331.357664992616,71.9816799308716,7.47085659649552,0.32000032527497,84.1706511435249,2486.33552478938,0.533986258945238,67.0281196121793
249.876228202638,8.10028814225336,2.40814635045501,0.324254418428789,107.054406959561,2292.96849591902,0.752714278152071,49.9462227069901
135.879400551736,10.532542983157,2.42070221506209,0.30497058766609,127.239577193225,2451.54024263506,0,0
244.930143967531,19.3585159811856,8.38811243940203,0.333963640507768,63.9834720372201,2478.33779171686,0.730356172619201,68.8955079019326
104.155777400197,70.5317678613047,6.23719581806672,0.365141286212357,140.352972149462,2448.71626692458,0,0
323.984731313387,92.3744904315277,6.76761192173922,0.319865509309634,117.921482028922,1678.25916981849,0.598203427973505,57.6380270417988
238.260057876892,37.1198430974518,1.48452019042013,0.376584111186545,129.580225978491,2379.59257052784,0.735767362243668,46.1856723924901
399.208166557143,34.3777076456824,9.82651965832069,0.361528614795741,90.7689577114415,2039.88492524619,0.523967692345395,68.3820110319755
256.697164340873,42.7280366578174,3.39952840683412,0.324568867117,136.813643539005,1762.12723744745,0.712424511652672,48.5737586280874
305.03089540053,50.3535899733359,8.97963610263448,0.379359078860215,144.677929752649,1773.73716161755,0.522611885664864,61.5368739254109
230.799484081273,70.8274890212532,3.9047292679024,0.31136641832603,64.0218576516911,2130.45285462253,0.531786247822097,52.882148927683
130.090252536285,88.9539887023326,2.8018149041088,0.369988815825999,99.2545500107593,2270.40171429465,0,0
124.962923917382,33.2125711235124,8.6489940612003,0.324775418576985,46.9142898683924,2130.27037836599,0,0
337.550771139979,86.0899592522291,9.30318863123288,0.332009332560851,42.1252576646286,2480.01578495577,0.565436469165251,71.9115820099154
144.929096052351,64.2904431868299,5.00721100701484,0.379027192469121,70.5783147598538,2150.17548841726,0,0
136.601205389184,60.7202061873747,0.551788857784295,0.298118293052557,82.0700597622909,2303.6452910375,0.961795140180844,40.7378885122746
190.956137481168,63.3611462611882,6.08661101693423,0.286990422569064,46.7078949753493,1809.09243740314,0.764480921056865,58.0894553036185
102.677309867986,31.7734907940492,2.98787200428178,0.326549528183928,97.0488090207051,1728.50525727342,0,0
305.930976701453,37.6255102709089,9.85004793698997,0.303268449958653,70.4766996970688,1851.83760711665,0.74383197783319,74.7685962468794
304.491737247722,13.8544117339166,7.53216332920045,0.315328151435499,143.076590005039,1736.47916628006,0.680485971421192,61.4285215184991
232.075421735875,94.9958297284004,2.86482551928519,0.28002379962552,68.5969211878765,1720.29169567598,0.542300191266738,48.070829706718
239.837266406225,54.541259105431,8.55265889573272,0.294365580492033,135.15498511395,2004.49679651918,0.78965714112992,71.4359865638128
251.135054670684,44.8101543748017,3.64371474238214,0.325520126263717,130.594055742903,2407.09053106475,0.728881285864002,53.9513276147923
129.709072258394,64.7026448044253,2.39733067636018,0.328709870494911,102.596312962166,2474.67405257431,0,0
311.551676445491,94.840546168251,6.81001294577326,0.345742836430892,104.320301753106,1650.64385075115,0.598605503506034,55.6910415499199
