213.656348185005,42.0956849249732,6.68687751943783,0.347151432116688,61.1608477691916,2000,0.747170445327689,57.854048280753
351.62892685365,20.4323825007051,6.81566800468783,0.310234232263945,116.398234071304,2000,0.684849005785449,61.4813117347367
183.908463509783,66.8141519449635,5.27706473482112,0.29412110231612,79.5231221535021,2000,0.782215286432837,56.7978449467398
235.786068247807,8.62001330785138,0.776556417638636,0.376591900032644,60.3288823065589,2000,0.794339413712813,40.440045793961
197.447420627398,11.3085501257762,7.73840785907389,0.33681404216936,86.2680299028866,2000,0.785056979165458,62.3987241290818
137.059238963114,57.3600401022899,7.98819142675215,0.30094879955149,128.321237752776,2000,0,0
289.428633131927,92.4271448378631,8.35245407366663,0.306282868335554,67.8933389763841,2000,0.5480178298021,67.9485893015832
305.597254097208,21.4111038428698,4.21273943498102,0.289325769728131,115.166576857853,2000,0.653632281628943,53.7099438317137
375.466992250362,17.8147024984119,3.93257621787247,0.347950824207774,59.6001644386766,2000,0.660475618925343,50.7618257978386
330.707594961624,5.72609998430786,3.68741538053001,0.374573409269023,88.1232822830091,2000,0.720024900741034,49.8243128265553
197.998115197975,78.477128527665,7.23877482305334,0.295618097902951,50.3603510411859,2000,0.834759904467565,63.7277724307362
280.567048666312,74.428378715419,4.222936103414,0.346332411095494,73.5621957488555,2000,0.527842835223954,51.624706085176
141.751726063742,86.0450052792562,0.766289769568989,0.359350842418529,120.660793836553,2000,0.828805622280102,40.663751636657
101.697948639046,29.2726926596699,4.84310368244479,0.371043486311175,82.8940238846328,2000,0,0
230.639628318038,64.4737205695948,3.16757225328346,0.331136291711996,89.0004109458401,2000,0.526036248947187,49.6478477412116
365.483704340678,9.58301310358333,3.76607712717275,0.319413510801153,40.9006347654105,2000,0.713211230908313,50.7719456611533
147.624410042868,16.6592899107845,0.972674524166176,0.355877074859425,59.232723707987,2000,0.818446249823712,42.2043759321924
195.609375729032,38.4464578663839,5.53342283965998,0.325907647783287,48.4782797244032,2000,0.714256033526408,55.3771960291252
386.339115103324,50.5615748484194,4.18143740797609,0.336750637818723,114.080567581638,2000,0.516573203478035,51.8085150333382
389.106650120505,12.8318377334236,9.97208465104518,0.313006314279635,88.523221303668,2000,0.69694029623679,75.4110209122309
354.656688232716,70.6517728284504,5.44710518998176,0.307129792965207,112.341853445733,2000,0.520985157679418,56.6802204322498
364.144169455765,55.9472764452084,8.97824078193071,0.353284542420046,97.8212875111702,2000,0.529062221996004,65.7367938239377
203.434779255781,54.7680461114884,8.2540502594583,0.280770551523284,54.2910844995199,2000,0.810929345385267,70.8389556669359
358.575168803956,94.6235400184821,3.61418967846927,0.34430992131326,87.8319770411383,2000,0.730251479996767,50.3475104982093
182.168302431622,18.3095906918095,3.05264860016589,0.300719567044523,149.023634200666,2000,0.771877288657517,50.0730099176218
333.898760639209,67.6529222835492,3.15025576654096,0.344906738251615,82.5086386148358,2000,0.521699464100804,49.2900372824857
267.151207936346,85.2121278164438,7.67868622725523,0.308102637801408,132.02228758703,2000,0.558486199274353,65.3228543017949
118.069010822445,38.236105593927,9.81581773772517,0.367033809922342,44.7546087552395,2000,0,0
281.126324433241,11.631124192465,6.57611564023077,0.320351654208738,60.0820672601145,2000,0.745844657666128,59.2806181008622
325.897047914085,5.4361207403528,8.57078189711214,0.352724000122873,119.091368856215,2000,0.740995124464618,64.2536901230119
385.167721141837,4.80269456684994,8.6050150225152,0.308713351839423,73.1859754243357,2000,0.736707323437989,68.9251353794088
120.051785902463,33.8234904071291,5.7397160135827,0.320467676599811,87.3398539381847,2000,0,0
165.752669784196,26.0646408957225,2.95639772275366,0.308615703127115,99.4543265351953,2000,0,0
321.42851023526,34.7180096284265,4.14491618286913,0.336181459440025,124.92245414781,2000,0.699556377555047,51.7377580932215
297.711776072085,62.3839148106309,5.59008853833901,0.318464549657773,66.9117739655643,2000,0.528100369834899,56.3140524815099
268.929742269028,59.7964931152232,0.877463998273198,0.293172487415578,110.226673383494,2000,0.531595074277647,42.7963677289105
144.793274739287,26.1674403019848,3.7488322876883,0.295427344048978,120.485103169292,2000,0,0
389.828671949467,42.9026328326541,8.13267203838719,0.350814763140083,64.848760347569,2000,0.509778332022543,62.4005712021499
396.844123023269,37.3144208680583,5.15705592478183,0.306963880893216,94.4535169619982,2000,0.506293004908787,55.816035106826
193.719278141074,76.4823339432866,2.99379827315119,0.364790602025266,137.062490816851,2000,0.536345515489566,48.4785640264755
115.497787114605,40.2834353314399,3.24379565163766,0.2976054671572,149.991689433982,2000,0,0
386.406926348946,45.4349820053839,8.26187710943312,0.347688076376275,126.735744672162,2000,0.51306318957194,63.5759306022705
232.620627983533,60.4755218698795,6.09803266234215,0.304292070499784,58.3720817719967,2000,0.770800749997072,58.7357618737057
165.031458768362,61.8694437522474,4.29785489830982,0.344248088451795,110.407675533608,2000,0.773513791700727,51.8538431924442
195.864677212504,7.55587883681357,1.57370022596065,0.314219420121554,76.6062266801973,2000,0.76683103953288,45.6728290863599
377.329988306267,14.2465283129259,9.94476939146356,0.326728677237564,106.413635733537,2000,0.710325118788188,73.20498935455
391.719351601521,53.4295092298902,0.529189627121461,0.350605612114656,122.785184489539,2000,0.57021866230421,38.3709866042335
126.266878852887,92.4022855324348,2.91616170472032,0.316172104832877,134.521885491595,2000,0,0
388.250895331271,29.0425636198819,6.88615662843539,0.311631826418951,45.7746589121161,2000,0.691022960728429,60.5686586770289
282.820254962006,67.931214497363,6.37753647962042,0.354581338827844,107.590344434915,2000,0.538102554712788,56.9517349105429
336.359608004828,11.1819214171423,4.57162446387502,0.359573164522389,86.5050723535491,2000,0.71789404007377,52.0861113575615
378.768792432268,6.12493163883752,6.49247217001741,0.333496893423133,86.3120518735166,2000,0.695692886744885,58.4472167063298
122.188962099387,55.1001641727233,0.822783706521184,0.301869816619189,81.3988426474936,2000,0,0
383.095414217497,67.8284569522117,4.72848353780542,0.319344463196222,67.2616869457872,2000,0.514401627876136,53.7228794338171
174.004148822186,43.3333376415912,3.65977696770954,0.340290810302029,96.6103655597538,2000,0,0
165.450001810776,41.6290193231349,8.0967740882959,0.362074614305805,147.352093180181,2000,0,0
132.609487782682,40.4268857847985,8.61323436492575,0.289574805463128,90.998403050066,2000,0,0
262.694473965459,77.3739772936875,9.39012769237243,0.357829583403473,147.204619678868,2000,0.558643874326365,67.1099741949045
177.020053151381,64.0503279654352,3.33514415458563,0.368418371234588,44.4729717783225,2000,0.748628184336798,48.8607160261332
347.903237215638,28.3317787231207,9.15614798521371,0.364562074436753,101.478358248894,2000,0.71943660332171,65.2448985355117
129.221753394395,92.9965562769104,1.37926681118613,0.372767831796237,135.810168951109,2000,0,0
334.62109524313,41.79988695626,4.31823470907733,0.322312890596198,73.3370445707378,2000,0.510564546812986,52.6353388690471
267.932210476063,40.8517802267212,7.00022373326867,0.369281706665747,45.8406371045471,2000,0.715782206721106,57.1029586676437
100.066005518176,36.5296924778221,1.96554319990641,0.328330108743513,105.752633040407,2000,0,0
260.696683118485,90.8989376932583,1.111431936626,0.283271379128449,61.5859231653165,2000,0.544975467936238,44.3723780186643
163.031889813205,49.8330928819331,1.52692875897054,0.376095536218784,72.932574965363,2000,0,0
274.630075437386,53.9142458706198,1.3957359811965,0.335108446013904,66.6462456197708,2000,0.520518962716348,44.6440595300505
242.359888265722,81.1784193800269,4.33766895623291,0.308996771658822,110.882583243993,2000,0.541891398871992,53.3192398882613
303.444886264579,18.6383949951246,9.86630818591786,0.321420496712889,43.8872548397367,2000,0.716246504714726,72.3869243078338
174.741373818798,25.1651320301547,5.87926057398696,0.312822417991,90.0931254961303,2000,0,0
378.370820859071,23.7388268717733,3.22039189007746,0.359604554531208,64.3387024667429,2000,0.670529028955285,49.0700153223686
302.517054138502,4.2051852575951,6.85336127960913,0.280689235198607,83.3125879611349,2000,0.743184850024258,64.3890923955825
375.779591898407,86.3728694635621,6.34348507551313,0.354035303769143,43.5291566195457,2000,0.69823193609998,55.9509650066946
229.613888375275,5.23872506994813,9.32632858511115,0.340556921486039,143.655968141848,2000,1,1
340.968803704304,5.04112363708711,2.47800784100297,0.346004791155363,91.1475969621928,2000,0.722150451312474,47.7371127828316
236.777629041703,84.6289263950141,0.961785283423606,0.364896203593341,127.350763755911,2000,0.554471547586423,41.9810018800863
326.219830073985,79.2153859441623,7.24331088420979,0.288556647551763,51.8975452153007,2000,0.528191624878421,64.5551867286068
102.587890247027,86.314786852436,2.01509448958389,0.349753886280826,123.884686276432,2000,0,0
398.084470710785,94.016926091029,6.90368051152869,0.31505514464368,146.692710083159,2000,0.734233042644335,61.4692626911578
121.113950348726,5.90271569248303,1.13488662761084,0.356116438867616,50.0069550769877,2000,0,0
152.179535631846,23.638801080912,0.754620169571022,0.293380995636699,81.973826484673,2000,0.818019473552169,41.8855965932531
256.931799318319,71.8009136241022,8.46683424570824,0.352489066577799,97.4315942141265,2000,0.545604488060598,63.8743137446554
330.416868512873,98.1684919290289,7.668012221826,0.282681276464365,40.4405982555967,2000,0.630686198269991,66.828897942854
209.296993284804,60.9604817563196,1.43515260272506,0.321970814144691,143.948438920261,2000,0,0
189.319300744186,59.6995550215699,2.48711542477486,0.366987757805003,90.5584216063338,2000,0.747849459500765,47.3675062084879
146.439736097164,94.6768561241431,1.28813747499188,0.363803232714522,147.900924471058,2000,0,0
368.78532257409,70.8759514179612,8.72970328718724,0.314079031984715,66.3831156804365,2000,0.526248315414647,68.6630522857935
183.13122724424,36.7974331466063,0.695023844432413,0.344717474932006,80.6249835162768,2000,0.832303454805023,40.3096719482843
204.66274244918,37.4975822774309,2.92438304963268,0.320247721948308,69.4015555861294,2000,0.717418332602112,49.2755399837904
114.18070474515,94.1547617145954,6.32795390015277,0.324882614306622,41.5448436422346,2000,0,0
159.957187641531,35.2674193814618,4.97801149326061,0.340235286648208,46.7780336477845,2000,0.779924787158009,53.189399416659
258.83495741154,8.65646854504054,7.54090163426653,0.378584592131274,82.2586136189661,2000,0.732886104658872,58.8464030516196
172.362111322925,60.2552502855119,2.34799234503719,0.287444678039904,101.993506062767,2000,0.75428158068677,48.5519667379541
276.249179362206,67.7040061229725,5.62370474690434,0.316107079445622,66.726584458932,2000,0.530791426696935,56.4883521399345
340.714384267007,76.1852130846922,4.87753244398553,0.301098679712278,105.44963151306,2000,0.529101356712928,55.2834380298113
218.500993818901,96.1626054947622,9.75451839504748,0.321793459440459,138.116298547106,2000,0.608099151477972,73.2250835398575
331.78792010907,35.1355448595184,3.60171544742812,0.316759965431304,113.475615274107,2000,0.699448620592242,51.0945580324764
312.536640139319,78.0349771276802,2.4216866705606,0.359679168493473,96.1608966540903,2000,0.527542697047003,47.3520408118997
399.989639135898,32.556766242138,5.8408703660985,0.334302181007083,112.693533481207,2000,0.51530124905065,56.4688704145368
105.880991586473,90.6978294380855,5.06052700541177,0.351073612079901,123.813569293045,2000,0,0
294.69932806405,69.4587208134967,3.2949528681835,0.332550536766853,76.8417935218321,2000,0.524065895146824,49.8857407531474
260.617748885448,33.6623905185134,4.39143331975188,0.338052197098736,101.063216539313,2000,0.71785158737439,52.373900280873
384.958970527626,36.3126954470684,5.26229333245664,0.302421266460409,124.072610450347,2000,0.509865007774744,56.4863247124782
305.394458426165,73.8988176230176,8.01512340995808,0.348383843699342,57.0154716110059,2000,0.531210716144379,62.0227591880961
243.279085581514,23.0496953307225,1.34715819021606,0.314154193078871,140.260814783907,2000,0.728124400742045,44.8253219061617
191.251055969102,47.1461351889775,2.41148286545584,0.349308332196584,121.856050389074,2000,0,0
230.729586944768,39.839697666157,0.704062936649206,0.377586512503855,139.445659906691,2000,0.7501703833997,39.7846635996725
221.535501895895,25.7733052198311,7.03302125214434,0.350554544732435,107.801070006444,2000,0.755195838881029,59.1095312068742
130.661555108339,56.7871810228624,7.52809912052942,0.339811204965912,110.130479959357,2000,0,0
246.738624951946,83.9182796834107,1.91923258274029,0.297729050633085,79.5911316773027,2000,0.535815229380573,47.0989423155659
329.857644451044,50.9256668081351,3.49029982611743,0.365558864273389,136.915592063431,2000,0.513005378061928,49.6487584935973
245.607227312068,65.9411198112374,3.70773903223274,0.329280732119182,69.5520648022903,2000,0.524866959612919,50.9016263100382
197.931601408383,24.6739852483827,2.24671801669189,0.305723435495178,51.6617237292551,2000,0.714799138723909,47.7325678929264
218.878178456406,99.8549628675432,7.08020086834993,0.300697776958113,76.2775475707494,2000,0.575647713891021,63.138385386706
309.924492758453,4.32265248327645,5.80125885838264,0.372850435237902,98.6892266246654,2000,0.726047751941834,54.567390170685
366.21591314585,64.5459962477424,5.58035757904117,0.358476226005866,60.4419805852591,2000,0.519719466215352,54.3158256941817
324.313037664775,83.0925619202473,9.49045739984678,0.361203576176448,100.222033636645,2000,0.538508527218292,66.8341963593002
140.460850834942,44.887139241124,0.771752225288451,0.293065926144152,72.6351834084494,2000,0,0
134.792158269687,90.3147361084348,6.78225733808072,0.31402724618174,145.69920580556,2000,0,0
128.457864322804,54.3115789028198,7.81209702664778,0.314645376935929,78.7735727188378,2000,0,0
182.98510391614,96.7525055825039,6.61714508069362,0.30280100748045,88.3130647225895,2000,0,0
114.344982985739,63.6053194468792,9.86107744038653,0.379535457322032,132.536953648733,2000,0,0
150.824201643588,68.9641042560388,9.62528540501732,0.303134091852344,77.8599972478076,2000,0,0
389.575538420175,92.7060034867128,7.64810572879544,0.307570219158084,113.545141465348,2000,0.745562142926424,65.1646056530483
154.354342318326,48.0004607875588,1.40589862451125,0.315404541456251,98.8614556039385,2000,0,0
242.149208018045,66.1057409946144,4.98763876741087,0.317331857821493,46.4120346728726,2000,0.523414439764959,54.1722621506648
314.950386715101,25.5164691351636,1.51523552983846,0.333986179646391,73.80964750069,2000,0.6958193221798,45.1206200340498
251.517469094195,59.5874303859177,4.09566274688832,0.334674999943651,94.6888290168388,2000,0.520835761810398,51.6610732981931
268.008174360923,15.550368320699,1.1454980367581,0.290472780630285,115.486282969884,2000,0.753481484421281,44.3918460636971
324.707291571768,33.8021718951987,9.27968908516984,0.328750210096313,149.612752635334,2000,0.731891875382489,70.1006685581097
389.346532621141,58.0403807553053,6.16819153370343,0.318064500679891,111.572751759356,2000,0.516864649849116,58.5051182655175
220.380661001941,22.726360939883,9.82903938138393,0.333411566938377,124.73999304076,2000,0.785550768186673,72.0215897770237
292.643684075157,32.1046390487498,9.28813811322934,0.357264628565972,68.7999234297948,2000,0.736803102706085,66.0496916767379
114.56763088383,27.7503792242415,5.20706773715699,0.336863992923242,63.0005973463563,2000,0,0
364.730855866093,58.6598540169969,0.900422255686887,0.296714445873767,67.0077300451446,2000,0.531057501392223,42.8738774042348
362.900081656631,59.1182480044396,7.14477548659734,0.299707277239078,98.0036873359768,2000,0.523123282934999,63.7319910549338
396.657223990977,65.307187346204,1.1801578869754,0.283035300820514,109.136333444353,2000,0.532219192871197,44.714833165406
217.265699601205,4.02469805773246,5.46816539565775,0.329357841228119,50.7195281205345,2000,0.747265229362075,55.1044172909474
205.066670274642,23.3956532265259,6.50092939197109,0.291951212962627,85.3792548869708,2000,0.741542716263321,61.6087815816079
310.379527260413,51.1061554982097,8.51015732764985,0.335166882973914,146.31479185704,2000,0.525448929794569,65.8110063033945
283.410315659758,6.4372237018639,6.41515997420744,0.317429451257407,113.324986291846,2000,0.720437684517224,59.40574725717
352.459672415457,51.048583436341,1.20550010996772,0.322591400848231,126.246945269422,2000,0.525329342739241,44.0493726791433
380.50466727283,12.4398550421702,3.36844183625931,0.311327367788209,47.9871751732503,2000,0.666771019987164,50.278173604351
394.267641512697,29.4917976812686,8.94647467830338,0.317504686889264,93.6301834567132,2000,0.70616002153243,69.5853068585818
368.175711107332,61.4187639074623,7.50713919674614,0.309973949766109,46.0856130792665,2000,0.518067208000635,63.1699561167839
109.531586567112,19.8438349956005,6.09249060516022,0.368457272814111,88.4621922128246,2000,0,0
124.111776805938,44.5491902851305,6.46446579899743,0.343833759237756,100.796360862053,2000,0,0
210.210110047939,89.9950114406361,7.71760587555419,0.355756837436489,133.830024624989,2000,0,0
132.851380474804,86.0005827391898,2.87909509757738,0.363523924852438,83.7647375393902,2000,0,0
222.316139476489,57.8080794352805,2.59759176639033,0.36225427797537,131.338807844926,2000,0.758701892673882,47.7474725775647
319.472828975221,49.2615381064096,3.20464258602126,0.320136061627073,68.8823211867719,2000,0.511225626925951,49.954392656219
358.101109603887,19.7302169939754,7.84886938815312,0.284553688420477,44.9317388097238,2000,0.683099348133634,67.7028329429008
200.014691855695,52.1363313747288,4.51820049322072,0.282556950657795,140.088490033901,2000,0,0
368.391023833,60.307816572627,1.53698437495952,0.368234307165025,119.614569362335,2000,0.526283828780625,44.7287980742499
291.979343465517,37.6906694319849,4.48652014057977,0.371493752045282,117.132477810878,2000,0.707383755431247,51.4925540948852
229.211646241096,45.2285187391767,9.28696522290918,0.312416542284074,123.874421335276,2000,0.793642440515837,72.2275483976497
345.597196589267,22.353056129234,5.79660326459592,0.357160816225293,43.2945115310126,2000,0.674256549712759,54.3865977112627
395.658904267982,83.9936682568796,8.06637329544107,0.344480708727421,109.42528537591,2000,0.712914096700667,63.1850284534375
215.981358384136,69.9807326515695,3.4730671983546,0.364030646845324,97.6372284508162,2000,0.531221122896207,49.5955709423864
248.328065736531,23.1131052866251,1.38446909991684,0.366407416399812,103.452078265225,2000,0.735218721924002,44.161955623259
284.236178501949,63.9010697881332,1.22619843567414,0.308377546300632,104.388718309228,2000,0.534640774216936,44.5011918516722
224.888884986807,72.9728006460744,5.75822583243813,0.291558570849856,63.9843269515644,2000,0.540371973669058,58.5737128803243
285.795674455089,7.3623953383747,3.99116942417109,0.340908220509635,130.821430467045,2000,0.710210151040805,51.2309066753912
280.615096870747,55.2362926529879,8.16379667188509,0.295955370232919,75.6894683434046,2000,0.535141594908057,68.5729062820482
337.381398438003,30.544372874231,0.889689386073974,0.285062427812603,89.4858643225838,2000,0.724461958109508,43.052510257105
275.77496520361,53.9589500899284,6.46066226166266,0.318116268722259,60.888127473008,2000,0.521176088653421,59.0631032097319
183.348331627584,97.554342967385,3.78180240700735,0.373943986043617,69.627059611274,2000,0.55837953552225,49.9625835163692
242.942440749232,82.8810129606683,0.534892687996097,0.300598523816252,47.075629872172,2000,0.574271614469349,39.5123581038252
233.335962064574,86.5398937512262,9.37196943207558,0.323869320982835,122.893530165093,2000,0.590866600949628,70.9649810106072
209.62544787824,90.3943518058046,2.30858594613399,0.330563400170648,83.7190277228742,2000,0.551529271756873,47.58688963788
370.055227468012,34.466896738674,6.13263986428646,0.299902375570648,109.897345168745,2000,0.522144818570391,59.6959952030918
205.638502413236,88.9093590057122,8.14796959442368,0.342368680913107,56.2686738473041,2000,0.560785256886481,62.9259376060681
262.333116777099,29.9669176096803,2.64968933666025,0.282076558292966,81.2474710599173,2000,0.697795251531602,49.5843349103631
160.371878748919,23.9387200713419,8.68208134602348,0.363475693681937,56.4134764025303,2000,0.834516355490605,63.0137559391658
253.296636751696,23.2511073191942,9.06335333815832,0.314556684686324,79.3883112395231,2000,0.767795287067422,70.4147475285294
149.860075899754,86.8614599224617,2.99883003624099,0.298209113869679,93.8275113911119,2000,0.820808771783878,50.0033352450247
258.499274999211,47.7737094372037,8.13897343709687,0.307619580770896,102.863997962364,2000,0.753254378585147,67.2986422029026
312.282342475101,42.4066371906323,3.83839706550781,0.347821589325143,103.116896720714,2000,0.514248507805308,50.780111736356
191.365619114181,83.8695856852904,1.86697367164624,0.325474652342412,128.402212182466,2000,0.541280151372038,46.4035382725405
276.486114030735,25.2249757724252,7.91573547562281,0.370756750287495,130.081916351711,2000,0.684267843823065,60.6891532228095
350.350278247206,90.4332201465062,8.91460416276857,0.308916391359279,96.4715702482472,2000,0.609679797078634,70.745501800367
367.475384724964,48.9339096734506,8.39299431339333,0.33553557082362,96.0889258056073,2000,0.521864472076907,65.1968303430953
330.905673757516,21.0149548659791,4.21889801941865,0.310604707519817,119.405399047025,2000,0.673480310084327,52.9226665886397
165.881831096725,31.5770319201794,2.3727320640432,0.374947027176089,99.7502164695055,2000,0.750296473317148,46.9073786097683
288.102575479315,55.1943130124723,5.3261919673733,0.356573575083618,139.25846178143,2000,0.521697904420116,54.1720486438565
311.77310169056,79.4877007896837,3.14561363308804,0.33727458791681,144.204050854608,2000,0.527303841424304,49.50104971664
100.83500575489,42.6210542695682,1.48228840921391,0.324375601653249,106.241986822104,2000,0,0
279.33763658572,9.35729744208266,2.29471866262946,0.362357513669306,121.112529446079,2000,0.715886485169251,47.0173456077755
379.755412071343,99.0115736055586,1.76252468029316,0.34190581065237,87.5995723024505,2000,0.739109837279946,45.8660547199312
124.283867412534,55.6435210812164,2.83076306092579,0.316803426465202,40.8071815404961,2000,0,0
168.128310672866,84.9091493503243,5.78741441322768,0.285792475530876,99.1406313559634,2000,0.856911871400201,59.3734215133962
373.081071089698,89.8770100034369,7.4800829791499,0.355498436873743,64.5203901999395,2000,0.713706077529232,59.8918482318955
158.706157291936,70.7919724461017,7.69819638734396,0.379840203791116,60.7403822996671,2000,0,0
193.781920710697,54.9801663847709,1.90325395785384,0.338118151321284,144.55168512215,2000,0.736159216554129,46.2855034226106
299.51129471749,47.4803006045313,1.67578902530334,0.30076245816257,122.455954873474,2000,0.517039672174604,46.3666338367868
164.510832925166,41.4259239446674,2.1004173696075,0.357734558290252,67.4994635786087,2000,0,0
241.751489807753,7.79984977975659,4.65055713057138,0.379328716375041,51.8760600939327,2000,0.736890164153071,51.4186457051314
257.661949149687,25.9462523284921,3.34334936297628,0.31311863161498,149.870543929603,2000,0.670244290745282,50.5995379269731
231.935330793949,13.5077174869254,5.55608669384411,0.354518810936734,115.052726415129,2000,0.722490940312122,54.6095579978768
250.483349369629,81.4618315468006,9.4089533907946,0.355820592418175,92.1709556672229,2000,0.560868234238975,67.0906844430071
156.937116503898,43.8709036969235,2.9392902267864,0.354084626406611,46.3696987019939,2000,0,0
131.100422091974,9.67877349269081,6.15763411573323,0.347433736406951,96.9220502804458,2000,0,0
379.270683990591,35.7313036377842,2.83956509460051,0.37880278017156,101.493851105677,2000,0.507701373178845,47.9788784383711
138.523955261849,87.8832314696478,3.80021290561662,0.324756606195154,75.0568708607066,2000,0,0
202.156531558109,93.8267262026143,6.80196568898518,0.350368343160213,79.9327132092013,2000,0.572293535396488,58.3149025863203
337.152244507858,45.7749867994574,1.03670521250396,0.367922174478461,122.8551716717,2000,0.525438221020766,42.3778536004854
141.558793325262,87.4338480936487,9.9010984733947,0.286381511652172,128.441813356318,2000,0,0
264.054779009521,51.3824052642566,9.16908273916937,0.298873440597454,106.706098193236,2000,0.80379278836198,73.6504950899956
357.411006786091,91.2906378463454,8.04538856558304,0.280615228539658,72.9999775511415,2000,0.646772398943592,70.1532680847695
379.970412378303,29.3094695915763,1.26162321383189,0.367413227199242,116.512580959563,2000,0.716940156191032,43.5331139642394
241.920959394797,56.0907789194751,9.44281452209714,0.335667864030646,84.4774243923154,2000,0.802909253158867,69.3689052706675
180.809058259374,28.7455078971931,5.71005175043635,0.289211464060601,100.874266028853,2000,0.76660151489687,58.8100817617725
156.108613455518,84.3221847375729,3.2918920866667,0.323388770109482,112.820035103409,2000,0.815027785113122,50.0583809420016
306.472012762255,55.9990089131877,0.582868752895171,0.284978408499121,117.758427639032,2000,0.545101841363811,40.4455899288378
136.527773594983,38.6000350260179,4.52449439663434,0.300285972267736,114.12500829914,2000,0,0
145.859602561368,30.1950382267165,9.98968911736553,0.294458754889306,63.9278367938109,2000,0,0
308.106442512672,21.8317995208644,6.93996769634744,0.326521617199515,144.719147944031,2000,0.672458164364517,60.6448730149094
222.856691071185,62.5981118951749,5.64690036988285,0.361311114221243,93.4112060629471,2000,0.770482673785637,54.6189251249402
175.984338002525,82.3142810461837,7.7977666267406,0.291329873514702,91.2790250458051,2000,0,0
190.01913655965,85.4173962738455,3.57213972881672,0.319365721339167,93.7374949241554,2000,0.545554447085299,50.8453299599377
260.3947885419,85.0877071828544,7.09259883549815,0.365608490177476,56.6989480801712,2000,0.538369049115421,57.883382450123
150.028407646279,27.9393006393286,4.01332397749982,0.324109453916561,52.5619905338033,2000,0,0
105.491590066347,54.0151600228168,1.16436756284165,0.379007841529468,117.096087529122,2000,0,0
100.391117494803,69.2980257702406,9.34229696228044,0.317032581373699,133.686971905856,2000,0,0
253.725001302373,14.1436963404328,1.47329876256676,0.358053060546818,55.9388280539706,2000,0.751511795714777,44.6008301847096
372.192238485122,57.8847561669379,7.63110724400584,0.346796367916771,89.5723976758808,2000,0.519531194278091,61.3227256270619
381.66326871605,34.1974734763865,7.94150468421038,0.293990425342184,41.9716552665721,2000,0.729223091934883,66.7254803497862
205.178415065361,41.7528472565213,3.91162552648477,0.289672534622612,49.9368327149811,2000,0.731637063668099,52.4325373215346
263.302422851684,56.8729320088306,0.682991298951173,0.377476346598726,116.902435471932,2000,0.818538732685129,39.5860503571195
206.565798764699,45.8123654851333,0.616053212677456,0.295046201574313,143.161160628977,2000,0.752546042265451,40.5706385897522
254.156088435119,27.6009230386589,3.78566647012155,0.316098616542574,91.4765225047133,2000,0.688038639932859,51.5548605336866
126.429095342721,7.44263731758216,7.40578471970888,0.297497417430274,145.229888285574,2000,0,0
184.272317829795,7.1266633716551,9.14395070806041,0.358330285331918,95.1871166138965,2000,0,0
215.796859117485,32.0393526407938,5.00457436565112,0.356151385976717,126.457645127091,2000,0.688609843268797,53.1574870729675
332.592842154547,71.8805221611244,1.02128674715964,0.300032103400883,115.416398324008,2000,0.537151528372918,43.6174662619919
143.930728791745,36.6597822501003,4.42301439679028,0.369473509836927,81.756137963034,2000,0,0
220.746150774846,76.96075665978,3.75531042042471,0.324812281098292,46.4393794697313,2000,0.531119300738147,50.8216600584418
375.036688741381,81.267971618154,3.406099532052,0.324581940401769,113.009076808149,2000,0.608700035862825,50.4079761499758
175.322139327326,9.96401767445094,3.33876767613926,0.348739218065124,89.6574895265203,2000,0.766776897600814,49.5578712947597
317.923379991885,5.08919547649565,9.75991815786212,0.29129927001752,56.8665101759586,2000,1,1
194.783025396268,74.8469844937809,5.9525242053461,0.335216412163741,47.0084051189085,2000,0.798702364992344,55.9917514751812
245.77990714463,68.7388327485798,2.78691150538665,0.377140829602732,124.633091719609,2000,0.525682711604296,47.8116138580718
294.527073790026,61.6964105793803,9.27555452654319,0.340373185646971,59.8136431634275,2000,0.533704395144439,67.681180051639
301.221432511,92.5898175888659,0.815327322160795,0.344886852800277,64.5474414644333,2000,0.581453785634814,41.3239402626591
235.675233949126,21.5203812884742,5.72424460926648,0.346733649489493,103.771338684675,2000,0.728295580627993,55.5018657073643
106.515160340757,97.491433955699,6.95395836314055,0.324151097132198,111.739864714134,2000,0,0
226.233545963813,26.3367859858242,9.48322891984925,0.331340027546694,64.9179019349205,2000,0.783560018459098,69.8173801148612
348.937243924682,8.57358512970844,9.88392853674232,0.303259875402171,89.8835765646232,2000,0.729740177293509,76.6967952118622
371.680264349717,27.1015725111383,2.13336461967553,0.334827126400708,119.785257336136,2000,0.693768185186049,46.9835172727765
272.591851621807,73.1326523367223,0.52720396909015,0.338671377034165,42.0097213551701,2000,0.57821273475722,38.5686720760035
349.363321746725,38.8907075566263,1.69862920859971,0.362790708606836,101.805779604452,2000,0.744104923348528,45.3504373394159
208.396670775544,73.4015066657746,2.07936373725981,0.363194031254955,101.141090652478,2000,0.534885052816167,46.4526584602908
353.281667022586,61.9558905536287,5.90840899224045,0.302036964788963,40.9405146846953,2000,0.510543779449536,57.5282170831054
363.940466944481,16.0233081265093,5.84673175456885,0.35021909996246,90.6078212988027,2000,0.639766905602442,55.5441899954482
287.027796728877,67.1375132014897,7.70161673557712,0.369075149555937,77.4231265159053,2000,0.538976803401997,59.8565428792636
222.226117552525,75.3321427871291,1.55618866217543,0.306600589749614,78.3331754048437,2000,0.533728495524015,45.7550615442918
176.946889516737,87.0708017811443,7.53259131784919,0.365542846681878,88.7150027705019,2000,0.848648238497214,59.5859119778478
398.880042558032,7.05145157473639,5.47793406513371,0.36183230021904,83.0785316972993,2000,0.691048853906619,54.063703330806
288.920374735202,19.8977686275383,4.9353144349527,0.317173555418643,110.522165579823,2000,0.729253908116952,54.5579912541325
324.167983031003,55.8737624485101,6.12088866354996,0.353565746809777,119.437378290747,2000,0.526388487789254,56.2966621555251
360.243674134651,26.7713469675285,9.85036289861616,0.33657420876502,67.1234414779094,2000,0.721720724428575,70.7634888544084
242.528265986014,84.6959739377098,4.01778515037045,0.312545462788756,118.00947604504,2000,0.542464457677017,52.3888443438791
183.751938460859,46.091809745972,3.12311656437146,0.313352055361046,62.4536539181133,2000,0.746139657855568,49.8856554535393
246.161056128343,34.4038050746041,3.65755734685356,0.32122768544587,88.9122576900802,2000,0.712568173653163,51.0833306258925
108.891893183465,61.1299989712377,8.99180732975047,0.290183645462826,114.028910282783,2000,0,0
169.090453029873,38.1734284468945,7.82215007170821,0.307398186500153,62.5369644913186,2000,0.833508861028126,65.256320884441
262.867759225688,86.257424656039,2.71359757293341,0.283124333842189,125.396928782434,2000,0.539558511775291,49.7918818928055
222.455994700311,33.1813636280095,6.64303997730968,0.345609734533008,45.9206926383987,2000,0.699033601563537,57.4017242291458
324.87698585226,47.2831234526421,0.78909460850293,0.371503200689098,43.2436004674389,2000,0.794840621519036,40.6068500320182
346.36444765749,78.8654477980173,9.77855534451688,0.318225762634892,149.813635960527,2000,0.543104755850715,73.956448811085
267.444329628754,41.9450263416278,1.6127300250538,0.305576507507194,118.089515245344,2000,0.71858960306841,45.9691972341636
268.641494713031,28.2529147662837,1.85685776074789,0.368557784649787,144.146764218787,2000,0.697700857378758,45.7807562892938
277.804139232957,43.2448388820278,7.38603105318255,0.355193937666516,137.387969667513,2000,0.72643264343625,60.0686187690289
268.818115632895,24.4710397161079,3.65293142249725,0.306942436838629,145.455064801025,2000,0.665606162967699,51.5610855419902
246.680870545389,47.2420155948946,6.99716561261899,0.317066771511681,50.9355777258526,2000,0.73703487480652,60.7730652797245
204.097486375057,64.9763148791741,1.46409550050972,0.358509130727926,138.664219602181,2000,0.777465166421824,44.5204410283081
340.363834282884,27.5476141977848,5.76714039204274,0.366359334520766,99.0533196321276,2000,0.704931184915553,54.6467986422079
335.739303130823,87.9108351842014,1.68842307814234,0.346606374200428,130.292613910617,2000,0.598980590099959,45.6038062105652
185.81231123948,75.3779864085856,2.9075517954377,0.308029438788956,123.103033526581,2000,0,0
163.28255670502,36.0042650016912,5.88662196854299,0.301944186192001,137.445657820161,2000,0,0
176.717107326101,82.3956597121855,0.560837650661317,0.333648701841612,129.576679186095,2000,0.865622993831964,39.1132020050978
163.713236256898,48.8334020005403,4.98159505914212,0.343542986756531,65.2468063814237,2000,0.761954501560342,53.4046948113887
266.023594532944,70.015002920719,3.30144813991419,0.284016153559389,57.1363734306375,2000,0.528510222058326,51.1375643674642
259.460873609212,33.3952869013385,3.00566981034399,0.374057931832263,124.164921801953,2000,0.713627801634502,48.4527189536994
194.331469474492,75.1612867973934,5.39521136176622,0.357919782816365,146.029466529957,2000,0.546625361908305,54.0595952330462
346.929679356643,75.7059927140745,5.22622146083034,0.320641487335005,138.987018723784,2000,0.533810213416348,55.249488801282
122.599023393957,73.193277294062,1.10231931892575,0.343371607554927,62.3527421556581,2000,0,0
222.8340462689,25.4711328761491,5.08014605613837,0.336057759255414,57.0698545980046,2000,0.73237539023368,53.8470705689501
367.246566161445,21.9798953814884,8.30273374921882,0.315680618108497,91.9514636462772,2000,0.701234691307822,66.9501702635995
358.320373276296,56.8311604677878,6.74932667807507,0.301969283208108,139.734718455084,2000,0.52492808922874,62.0094564128681
168.045966456755,73.3501979055026,2.32555794079022,0.379474427958172,61.456111899691,2000,0,0
170.960192848448,4.08662314184821,9.65514858994458,0.350478896534866,115.588979798223,2000,0,0
376.187074329463,23.8140195858416,9.61804108951798,0.332644985050946,90.1940772579558,2000,0.70869702887534,70.7052921056147
292.353410272737,75.9462992639975,9.22195074412195,0.322611209592405,128.368278367979,2000,0.553004748310781,70.5765873130041
185.063811284584,99.6338157632331,4.18747562620431,0.301586944648523,108.128682910435,2000,0,0
134.899854421284,24.6897738253469,6.57066108130122,0.361897208952891,87.4162464313849,2000,0,0
310.690092075043,27.7612492458425,8.31427821509286,0.321831880809678,91.4167300400101,2000,0.717688858549253,66.202269409793
271.345500723521,37.0295467346871,4.5013436285529,0.290289763250368,142.745227917876,2000,0.711896307169476,54.6996946864515
137.613376430734,18.7964376231788,7.35916665794028,0.368365806281767,139.90663709749,2000,0,0
150.502565380299,37.2275690274807,8.40652475505941,0.341443930694909,107.301469369117,2000,0,0
314.54390545347,59.9276393655669,6.87168652750342,0.34222517446085,136.412279748123,2000,0.530185319279891,59.259398370898
108.170605790832,49.4432046684684,5.71843490443566,0.310517305887964,75.8688181652654,2000,0,0
181.302992444062,89.8084856956923,9.6731892943184,0.348773431503872,125.03443495516,2000,0,0
386.895177996803,17.1537305686977,9.06703701609034,0.323502256347174,78.9432574681569,2000,0.686347732028915,69.1514506312158
107.257023904121,15.8401274061336,1.709975338579,0.353314427465146,74.7983699806759,2000,0,0
335.067959788547,43.0794848787036,4.80702313509838,0.342907556380939,129.135037622031,2000,0.509706607511486,53.1448065149215
332.420059909188,72.0714377429607,3.38906954405136,0.372426771432228,98.6130664467902,2000,0.523553404097182,49.2538232616991
128.931292831715,89.562680010923,1.73164120147003,0.306658404151908,80.1282329462873,2000,0,0
312.128443409911,9.427319057287,3.57594566420196,0.281022398182092,112.151518074216,2000,0.699175573699975,52.2586439697645
113.133651984261,33.7523152675233,4.04651533641619,0.353081820499827,62.2110104810721,2000,0,0
118.235647676536,95.967535539023,8.63261318984798,0.362166148847221,121.463087623351,2000,0,0
333.828176448059,78.359821779965,2.19220223073284,0.318411716811603,69.4376639268214,2000,0.532897180291377,47.4411209633762
329.616793539464,10.2715129122177,1.44860556493755,0.312726884919423,66.9779738005553,2000,0.732858726981337,45.2959402264626
395.293202403597,7.49795701997519,0.631729702968348,0.370319155668702,98.1900463398364,2000,0.767532499257446,39.1959348328528
381.455689162222,93.2051606032697,8.10724535089253,0.327440235911012,129.242582643459,2000,0.737362310952002,65.0507983597944
318.146032071029,40.5657801484835,2.97860897150077,0.373266175807331,87.2045776717474,2000,0.732002829426441,48.3646390063609
385.697953851135,6.03262675164162,3.99379378191947,0.346940172621415,110.460690654203,2000,0.714105763710218,51.0677079102834
138.743138707201,53.6120585095362,8.18582257470264,0.292421689868827,60.2677114248823,2000,0,0
296.917603497866,95.4199726682054,5.81751671659545,0.326302451197583,114.273331769339,2000,0.563948669538224,56.8478559176021
216.307852696628,93.9178528182549,7.91194960993805,0.314451882116186,73.0695006992585,2000,0.574925028373559,65.1349189951718
262.528680643066,9.90787848620242,5.10336996495761,0.361760956407675,148.468899795147,2000,0.74874398165562,53.3478725438537
378.048873242764,92.0491817166912,4.69216877508299,0.332661429295505,90.2344231943832,2000,0.720944907072823,53.2141664593057
365.238269677897,53.6641465859486,3.77121589685604,0.289825054919661,78.8053277792371,2000,0.518980699724278,52.4135192491535
167.699548851661,23.8374741201821,1.01416289145457,0.3261444131014,104.93889107709,2000,0.784821094198349,42.9850107846721
125.116427144226,65.1416081584448,7.1222614287854,0.37630422875951,136.630062739179,2000,0,0
164.840828061236,88.3687355830648,0.639754027251125,0.325407236111773,129.445428857958,2000,0.85824408806423,40.1571392096935
299.959713401057,45.2721017044362,4.56758385210762,0.296340256738543,117.00620310625,2000,0.515507391633305,54.4636019067914
233.760472516646,93.6067645442419,8.92433652663215,0.337981045141644,149.13969036392,2000,0.578785987232865,67.3815480605014
248.171607132414,56.4229101086868,0.513674183778226,0.375690022139162,65.05110070137,2000,0.847199219464012,37.674972962294
313.859444520911,85.0636540927721,5.21922008648193,0.366018339650215,140.694652649964,2000,0.541264593415178,53.459387337158
197.027759140142,78.2457314721119,7.68413252256478,0.288744450979597,138.160954502306,2000,0,0
348.225345828337,67.5158522909185,6.9670310918813,0.366901455408851,137.759767271766,2000,0.525329744579076,57.9101920087589
341.980096114106,93.383184100022,2.20262381765933,0.374802834177176,71.7720143685497,2000,0.623813196394628,46.4914415663929
193.566063558115,72.2405210879893,9.94157206907093,0.379067806797705,75.0261006893745,2000,0.847869277642984,66.5168384169677
341.339972804107,26.9228554645576,9.01968539508487,0.362428573137371,97.534851626134,2000,0.716790295428236,64.9127562946353
107.769976560896,72.7457671483607,7.15766376374782,0.304708193026372,141.538992314505,2000,0,0
348.262426503493,28.0031971294684,1.46760807804581,0.306892769576493,99.5279846821933,2000,0.710273614462764,45.5013535764262
249.804970104718,57.4029057548943,8.81245965096356,0.290441689299729,116.864688317769,2000,0.82171348716926,73.2120616069641
130.222067897612,41.1443450845358,9.23889990425151,0.309804276140092,52.2070537251188,2000,0,0
272.052603617969,66.0256260694946,9.2153727496064,0.296575929003356,107.537425324636,2000,0.55154013803321,74.3062193376401
146.271834940742,99.1729569935708,5.83540284728184,0.353980041566567,71.1707360626647,2000,0,0
372.614862114331,79.8865612452279,4.42447486797855,0.324974000047584,52.4765965777462,2000,0.581526251882571,52.5983930219379
315.966545960385,73.9484991679039,1.45802054430055,0.354754149019159,135.719476913067,2000,0.533122148247251,44.5544196374882
143.594403857852,84.8642898909583,5.56640351936312,0.379866702084236,115.669493201967,2000,0,0
161.424124046433,31.1155811320059,4.67413899120272,0.364244996913497,55.8521445168531,2000,0,0
251.731590730879,49.4928539654389,6.49708752859394,0.337453552170799,125.787603093005,2000,0.76466868820787,58.3419632614489
188.360945108085,39.805226398313,2.53328961899267,0.329538701597504,83.5897778104752,2000,0.721286135346792,48.1016196217256
295.342959152157,64.7776269919567,6.55236232791019,0.303558597438171,75.240676021081,2000,0.53519982561308,60.7537200827507
129.899356818791,35.3704957204006,9.7178086103915,0.295703773868895,134.22786888757,2000,0,0
328.275329005651,66.0128022743591,7.18459858773754,0.352059473839912,140.109080112649,2000,0.527131276005795,59.6209869122199
190.278801895866,80.0811862445749,8.96434947438637,0.340113857673985,70.3983856915868,2000,0.860259309444688,66.6555829610275
149.298824196656,89.4733580787852,9.42603926101529,0.331692868663052,133.642691356763,2000,0,0
177.997825928928,70.3739951614938,9.5443380307074,0.365463731657265,45.9987309659754,2000,0.805734918617206,65.5840565350813
390.768235474238,25.8584503504625,5.38757015393791,0.308861419810562,111.378924720409,2000,0.694538453390793,56.4866311181458
159.644197614238,24.6019005798297,2.17463793036392,0.330315711361612,136.207728684702,2000,0,0
368.807969905056,44.5757347212373,8.32415132183411,0.29050266632821,52.6153897629069,2000,0.511169747985344,69.5825046312687
149.388513234028,78.9176702426974,0.927155623996985,0.313564247811802,140.966363272752,2000,0.796390027630427,42.7043859353685
244.882821803935,80.719454515758,1.75716125161978,0.345187728172731,107.188672759811,2000,0.536652517901367,45.7292193613808
378.201321190127,62.6989988627773,9.48126350847871,0.368640742784683,44.5509108371759,2000,0.515753592198771,64.9787038209821
140.558129323438,20.6226766516307,3.18430776362457,0.357336956288696,43.5806837006866,2000,0,0
332.877876717105,23.3050793262654,9.53564951704959,0.362696073756059,53.5631180801249,2000,0.699002623974526,66.142351914243
296.022791573544,86.6096448151148,7.0584046769525,0.328398448302056,134.992101491982,2000,0.539415549147757,60.7931248198657
317.168395868279,54.6002007359207,6.94822314524451,0.309175801205103,98.4591789205481,2000,0.522759981565502,61.9157884817673
153.973249901538,50.1817055472554,4.14919622179847,0.326029643547112,61.2486407685937,2000,0,0
212.951643081266,4.50062081462757,8.76819671958897,0.309326566556363,48.5533541167874,2000,1,1
310.523315236417,77.6838744750249,5.7378411127225,0.316318602734602,70.9041019718111,2000,0.531454533716073,56.9487330908255
227.050010523993,54.4913249667538,3.39345373894547,0.34118536491054,50.8536525490066,2000,0.752200332774076,49.6416203174127
174.96557283281,47.4355819849895,8.53432485764554,0.322744727291459,137.896225725792,2000,0,0
360.850731167179,97.7582964932547,7.95571128969902,0.373173364993629,134.890477079421,2000,0.734191230856649,60.5266274998935
305.077692558885,38.6498695584847,9.74781033197924,0.312904269465184,72.3647917882791,2000,0.74459268683059,73.9451322121995
299.774600985444,24.8495865426368,9.80300266542773,0.35571943362359,53.2558664430594,2000,0.696941969894564,67.87997890847
109.030849335621,51.185048570092,6.2063074265544,0.301005830704894,121.561719840027,2000,0,0
291.793551054886,89.6167809982066,0.597823400252148,0.311033859841711,67.19931746322,2000,0.581426367108441,40.0190156021881
116.124393081585,59.5086250026846,2.98116332012546,0.307188809468751,46.5976116685958,2000,0,0
319.721622043272,29.1854620526729,3.4926492703151,0.349513510801852,79.2718313697571,2000,0.694875475357799,49.9463409882258
394.499341297353,31.2958350209868,2.65568941014738,0.29728241425366,87.1661226678637,2000,0.716026035955413,49.2074259519877
308.533529463524,59.7457344513454,7.41539938002092,0.333181228346277,94.9391461822658,2000,0.534747918003943,61.5909157014911
320.628962603805,81.0944787864239,6.6231534990719,0.300235388933667,120.983064149436,2000,0.53338630551214,61.5070196281716
272.345216397351,6.86933638698828,9.45031563527631,0.296083184503607,141.141905837007,2000,0.803520347543537,76.0987756375011
382.815165916435,76.0777345413721,5.57459158816924,0.356608263753564,117.886010137379,2000,0.581471972358893,54.6885784156583
128.245755036654,43.781617775953,4.69505279120411,0.372353451878934,127.984893951933,2000,0,0
370.937366122449,73.482769748811,6.55809402514785,0.302366980240064,131.988988180286,2000,0.538381720789379,61.1882450530399
250.197051422496,66.6642834815707,2.59339233140082,0.297309977881763,44.6356035653465,2000,0.52048588019197,48.7117909735692
201.775306484322,67.323344614265,0.936767084112067,0.360935509539179,133.74478262259,2000,0.801657916673974,41.8894985732825
355.683876195587,96.4886348539787,2.50040059017366,0.341000994093578,84.978831713757,2000,0.729926340673668,47.8739866386079
107.811527633322,54.6933617852048,8.71246052044901,0.358353266956993,102.507949505341,2000,0,0
164.150688749574,5.58582441724251,1.57118449246037,0.335287355546169,41.3934676627418,2000,0.784269572959581,45.1480106960604
247.969064625102,83.3465368106811,9.69773863780064,0.310114899295594,126.618571709203,2000,0.584773425192103,74.7658298622449
366.765236763171,65.5650431824619,4.37733780149206,0.338788639792495,94.2178665857685,2000,0.519891744755984,52.2979793592704
314.89773091072,63.6265261213674,2.21307699419678,0.296964870040742,77.0458654369521,2000,0.521488268178038,48.0277996359507
357.555123835175,72.9837354781334,5.78336212724526,0.317681380598,98.4820128710931,2000,0.523580483764338,57.2024468088703
224.725447683206,57.0034021792772,4.4779808727949,0.371111782129061,128.030059551255,2000,0.762359692913055,51.605357310507
128.067771178675,10.8453177985454,8.00410381779503,0.322471059168629,115.518711391012,2000,0,0
108.626235057287,59.0874424376337,1.21192911879726,0.364482668925328,129.717488590406,2000,0,0
256.792956176799,11.3450903391428,0.729686083330318,0.377367605233568,142.904438573209,2000,0.765928676982556,40.0227632556744
253.843119170367,77.1614262591166,8.47461584451152,0.335760494740171,107.049042943052,2000,0.563127764773308,65.4866110896888
333.567031657201,8.26861951623899,1.66953327111079,0.348689284076471,89.2743330197226,2000,0.710354064599502,45.4575178013127
341.538333363056,96.4160811999715,9.60960941550989,0.334351789157694,122.14749688604,2000,0.656326523193829,70.6411068790595
316.769803352046,40.8738615644502,6.28763504392858,0.355540778297255,68.3212926443988,2000,0.51927308244877,56.3462651903637
328.862695632381,99.7242383480568,3.02403532583851,0.343865577264878,84.4000372828447,2000,0.712038564396424,49.0310519903217
201.410097559897,77.89597246632,7.1704467467591,0.294756107763486,126.298045979119,2000,0.839524091735382,64.4087310459118
275.196342944457,13.3235178248362,5.42165771083639,0.365001975890065,120.043082995639,2000,0.739552752116369,53.9577308884879
337.482475774411,54.3728669720442,6.48713424524199,0.293227597592541,115.214542505953,2000,0.529453768291618,61.586664808832
149.626801078672,87.4828512042473,6.36187471864066,0.349016991971059,80.5264956227065,2000,0,0
277.289011733234,68.3859735851253,7.40143344641136,0.374491104551001,60.0707368347539,2000,0.532216255521655,58.3272885419124
382.021661422458,11.7853937715228,0.880174360977964,0.326271489836329,89.5298412679607,2000,0.69778800704193,42.1458573076892
235.218659359871,92.9658145030953,8.16714192399096,0.291206231758404,129.628005626087,2000,0.581377269423441,69.6994818098145
179.722132791737,8.83603824955041,4.30927027116744,0.286090551868867,56.9458191178652,2000,0.783722042852045,53.8839059013581
377.028765909701,99.2850333036318,2.0833682043836,0.358873968322647,42.2802615388179,2000,0.730901433652702,46.2121291517551
154.739965692574,72.2629558516649,9.10745880740352,0.280329354749492,128.920860899062,2000,0,0
397.41876065756,87.0117371628395,9.0300382161539,0.340680462017972,79.0775156021456,2000,0.746255552813049,67.021864269724
314.448323977546,21.8054746715969,8.4936371715818,0.316226956888429,65.2323781399351,2000,0.68904906393709,67.2908312386815
259.814344685789,71.5121755189102,6.14478619926401,0.320757903627153,129.420820372616,2000,0.543472479910117,58.2692187083753
185.22495341049,85.323755658521,4.51363560458025,0.321094724908351,51.5875372227039,2000,0.545855321133538,52.868274331188
136.907795273314,27.1409229596673,5.72815568840231,0.323070809282587,68.1268091069389,2000,0,0
139.818071003608,17.9159310838755,5.56866296109992,0.364279118070508,128.74405174685,2000,0,0
321.116076229228,9.78363810722365,7.37283590230775,0.352835706098695,74.1123261128266,2000,0.70343976206086,59.868696740665
204.279586756294,66.5911872754492,4.10262570733372,0.371357355934379,118.989837614162,2000,0,0
213.978495109151,12.6784703865196,2.81391994053186,0.359533852122332,116.819536778832,2000,0.736601239343091,48.1809988285095
225.338590620164,79.2460359872578,6.86304460408736,0.313497632939508,71.4788378356514,2000,0.553824278409331,60.9694593450757
346.873718681705,59.165126858922,0.811552222827147,0.300363162480626,62.4332877288478,2000,0.53626341327033,42.1780115032785
285.022500674732,14.5292866411281,4.23987344477918,0.345048697130026,70.1533499518281,2000,0.667289264351132,51.6185658727601
152.496166458968,74.8489182883031,7.92270856410253,0.290999701065876,57.9287886310309,2000,0,0
126.732610547927,45.309353838336,3.82903146206723,0.369428719867383,69.1245980700196,2000,0,0
174.604317709059,69.5140914168406,5.8131452746734,0.338444284416912,52.5263323776857,2000,0.780716426568607,55.6716997004614
126.620376606903,81.8621916535792,3.54961180127146,0.359294463276103,101.010282000134,2000,0,0
154.280040962142,89.6419741034071,9.92476469227161,0.339469981203126,114.478179182417,2000,0,0
156.058957007701,69.1430348904712,0.736219989516611,0.297981441326663,89.3315178811518,2000,0.795658502468188,41.6330279999573
190.90502286601,83.4002857215254,3.11121182240128,0.288040111914506,94.4132757963528,2000,0,0
287.122350666535,97.2647766245779,5.24747787207896,0.36437278111053,144.297808290415,2000,0.557613171956317,53.5966948642186
326.725277236327,76.8484315117719,4.04970703874174,0.29567972002448,62.8229591425283,2000,0.521586593990373,52.7768333311142
256.407198087193,61.3961686268543,2.60225524410593,0.286005670403661,131.934900504453,2000,0.522850465321157,49.395626489308
301.701877601573,95.862910742878,4.24962752757302,0.338633736564007,73.3233274865743,2000,0.593038565651787,51.8542526305082
195.110960952777,25.9349712219779,8.15414052838232,0.327131493303526,112.465268239527,2000,0,0
188.52762434128,25.2032261105548,7.95822770467095,0.326827963768146,93.6853607961184,2000,0.774225912132458,64.2225837690284
217.025301018204,98.6912336674897,6.70221039447191,0.371844457940719,45.7190836074132,2000,0.550451660248862,56.1395800715075
194.810890425175,54.7880193941405,3.97043257442001,0.296373472866303,93.8498619881419,2000,0.744622954664408,52.7471220404499
226.485512870931,28.1207654299192,3.78767507947374,0.360443038927034,111.978025083648,2000,0.663556694796902,50.3654183932288
240.293208825125,42.2560686177012,0.997765184957741,0.347017581508239,83.018197150573,2000,0.746188065627108,42.5129084935834
170.498242434116,25.7426722976413,8.69309689720656,0.372952120053225,69.2562968877138,2000,0,0
372.493630675551,34.3413427861476,1.17038356340026,0.335816787379274,107.636563476155,2000,0.74776852901699,43.6411177109234
342.559275336864,71.2733970012861,7.0608189692538,0.300310209828348,86.7309625275545,2000,0.533910012148483,63.2138907872917
383.573246277712,65.4805443420941,5.92562420965182,0.30527880826735,80.235477643331,2000,0.518315989780471,58.3757276143896
345.493473781762,15.4887611713474,4.60592485289104,0.342042670399001,44.888051835911,2000,0.70986906722555,52.1673367061229
171.612745743303,33.0711521723716,5.09174752891699,0.318325846913568,96.3462258001352,2000,0,0
279.088439047927,62.939145651798,7.00923355014595,0.316558507149925,109.473567336293,2000,0.531520967718341,61.5470094861115
262.986467636886,87.5989100248833,2.44394409112366,0.282934648662928,143.803071674686,2000,0.541397944889939,49.064023093355
330.587023800397,82.736178013134,4.03931937949523,0.357754987787461,122.558944207365,2000,0.539200494019525,50.9886568969277
359.266634848142,41.0968593790003,7.72292868505976,0.303873183533185,136.885435405044,2000,0.51706126719947,66.0082545816441
212.928065424115,51.5809512608418,1.52552572870868,0.346096662451113,90.3146364819659,2000,0.734849375307437,44.9453041244566
341.770817755534,79.9601688487475,6.53846880698056,0.35544130990051,104.162508539233,2000,0.539009050834109,57.3631934667677
311.208179949749,26.2494527982968,7.69543866432198,0.353196631211636,109.788965926503,2000,0.704955798699695,61.1650205845988
305.833976188954,20.2445730581248,6.60010989202728,0.363008909213776,67.1074584408694,2000,0.654366428326045,56.8870647192847
171.883170192049,28.9772165346249,6.84751928025379,0.354435919047724,54.018774673626,2000,0.754611909935895,57.7507649656502
140.267683465259,98.1152080993372,6.10871181516888,0.34395985093041,68.1712112364742,2000,0,0
190.496347369241,57.592222481154,7.56545865363898,0.289993728732357,66.2392906594573,2000,0.81406764260113,66.2918330458673
137.287410924068,68.806658227084,4.93833826122151,0.379930957148691,67.8608016143826,2000,0,0
217.943760388491,69.6307318419702,1.87340363269354,0.322989638178001,63.5755611977649,2000,0.5286248436522,46.4549076385761
388.050544821215,64.2631975629444,3.56361796616467,0.287690803062583,127.133670109056,2000,0.513931942690314,51.8672244645851
168.541911765508,11.2595567224007,8.52481257822882,0.354663272211657,91.6185220895939,2000,0.860868459021835,63.7591392390589
186.13156446962,49.4032772996156,6.72681380926274,0.379962050622386,47.9438226740958,2000,0.765043475661565,55.9769389140511
315.656401329889,38.7296380094147,4.2651145258188,0.334701166668277,45.3247290737754,2000,0.719302428196803,51.6251094656698
143.033482887528,63.2443426863891,9.33135954230762,0.33921585919812,113.127667916587,2000,0,0
350.967311036214,64.1008643023901,5.43735456422596,0.295858868895904,52.9045815206789,2000,0.516792511511718,56.9093326701287
327.012702216688,34.9071550417989,2.00505240603922,0.343241942513568,95.1595681599049,2000,0.704026528577539,46.4856480439627
339.306279327938,84.4334632337199,7.13155307465731,0.334446379904916,109.193900177573,2000,0.568445655863148,60.5410294759225
367.132565167362,22.0899796605756,7.9286760586892,0.309076111966174,65.5885948116317,2000,0.696083902956302,65.6586238317525
361.8644618108,4.55201472314202,8.5021761369885,0.345281753093928,145.430039904852,2000,0.73630036086192,64.7475706101896
104.501082295166,25.9954422694152,4.86037363030309,0.37936736990576,123.03101723877,2000,0,0
266.221839938852,56.9600050847862,1.30616698303488,0.331260931153699,83.4354652782828,2000,0.525673172546795,44.420246891011
330.263465184049,37.8581747463016,1.81951853455254,0.300968826569022,72.8086166230773,2000,0.729669923229964,46.787107929343
122.249727840306,21.2709007812486,5.89708729650954,0.34284786201157,138.532846832533,2000,0,0
174.132764790106,63.9796633219529,6.40855547871077,0.3484723090983,83.1243582301291,2000,0,0
241.163158275172,32.8981746416212,7.1822256765538,0.326208774638481,41.3109421632022,2000,0.710965917960821,60.1882014415788
243.070322521851,34.7615166916484,4.49433416748323,0.288623774288486,54.6938592862166,2000,0.714027874003172,54.3405334550486
363.142450189568,53.3171385313301,1.84052261982225,0.378851273195537,111.072830864659,2000,0.523917657010959,45.5478362407352
182.317990161177,56.2697122808978,3.4991924970172,0.283923413112506,101.405392907621,2000,0.758892425444148,51.8231900304155
136.793507550906,5.86261400838486,7.32897649894993,0.354702912771413,68.0970750021807,2000,0,0
171.740282811104,17.319587487674,2.5110221592558,0.338311442489023,84.0769287791074,2000,0,0
178.833318178323,18.907649106177,7.52095908541703,0.375800578017112,59.3654580660939,2000,0.817077861755203,58.5767870035235
122.370130029067,78.4034025692748,4.27027025146076,0.321522891247769,124.137228561456,2000,0,0
297.284136462348,25.2828472845147,0.678636688248032,0.33161527498104,127.691838387574,2000,0.703620932753668,40.4137776351713
259.42085675399,53.517730343506,6.6503156812817,0.360176400797131,93.4769066354712,2000,0.755706370458748,57.3051877608538
301.385644425775,27.9011796239382,6.50960689933711,0.320937262365064,48.908223859019,2000,0.69842923044121,58.6989829598839
251.188560325526,68.6779257627131,7.36823009937199,0.296491228546072,109.11722601471,2000,0.544114541921557,65.0440840787608
186.0741235832,66.758734462359,8.12159413521332,0.336655561764136,146.502226643793,2000,0.818498378230047,64.0937529224726
258.912354493489,85.5569656609738,7.03007386754254,0.339614767185487,95.7943913464614,2000,0.546864726313179,59.7654142361076
374.300929477269,88.1567200672697,3.1344850043421,0.363795600150775,93.0057220269955,2000,0.707423512764053,48.8887076551381
323.676236538687,94.9793343554922,6.69324912083662,0.379216940838584,149.931572401415,2000,0.596388640226298,56.5019937970104
252.888601886747,82.0549328413592,7.75045265339556,0.315004530607326,120.226784147131,2000,0.556334490207976,64.7211362292832
364.448872826682,12.4911368156663,3.28560927011694,0.280013303057501,92.256409573849,2000,0.671585680492259,51.4413152871486
371.834677734074,34.5013021731885,8.27981667032464,0.286337248844245,42.0646564071123,2000,0.73427903006085,69.5530272225205
241.126126352939,15.7934725901375,1.21259764440154,0.32724184704743,97.4173531863119,2000,0.757462563521785,43.9992294995368
200.262397541026,72.5470285629618,9.25549872879554,0.378387357221971,118.230544133598,2000,0,0
202.752116615733,48.3318566849418,9.96149188130552,0.283966748518157,47.3185336558908,2000,0.803340153032649,80.0600262759012
178.298524679815,38.5587801587104,4.53706407629133,0.317276103967509,48.325211247725,2000,0.808587905817995,52.9653534985234
171.335494531454,81.8446867230202,3.04824505278632,0.297425623641573,109.975740164935,2000,0,0
209.882591690662,10.3000438546194,3.01121555313902,0.367535637971477,86.1980478464032,2000,0.735196525430226,48.5939291890728
186.539229050433,23.4450405912733,3.8084709076389,0.343466717078042,86.8898031016934,2000,0.712705249684402,50.7906298394829
394.826641899599,32.3809238170968,8.00925021462204,0.369574390534098,100.099095283513,2000,0.5220639500273,60.9707850671754
