251.936949333927,77.3301984571793,6.5183634610816,0.357468729873233,47.3719107883116,2400,0.546181821976564,59.6334373878267
303.890611641283,44.1379228349752,7.60710359524697,0.328726122601943,103.336992326038,2400,0.761280522059325,66.3205383488147
147.350153791284,35.9090624143744,9.16453544704679,0.286633328613211,131.627456576949,2400,0,0
238.081490315554,46.9817600887825,9.99680801861748,0.332105323794326,73.020925415566,2400,0.7872587272107,75.6979442651944
148.978695067365,38.688180791184,9.78709630641404,0.322231948352204,112.574528762462,2400,0,0
223.0784505474,49.3277380984001,5.01620964864998,0.337822802736466,55.1125465625677,2400,0.735732439973585,56.7397319289574
277.543343935713,44.6224206326116,5.03715743076903,0.376840773388253,132.457496638515,2400,0.752401541300725,55.870730002835
350.650106671485,95.0764389102411,1.14002465882875,0.376451767086095,130.716719438508,2400,0.663070115782015,44.5221906243185
369.602588670501,95.1664430968373,3.42244613465861,0.379707108647301,123.279601933026,2400,0.730873411087258,51.9462429198877
142.89100740185,49.1726912505596,9.38537682293367,0.33153942820778,140.421730970387,2400,0,0
267.672888566235,40.4564891566305,7.07869698232113,0.352574152668787,90.4573037691413,2400,0.730149483718952,62.502940904057
219.342620846807,37.2993041152358,3.25422597859323,0.294747443231712,119.3234162905,2400,0.733465936535044,53.9142936809632
192.774110918543,52.0149390218407,4.63168758409102,0.298929295154434,116.388221458539,2400,0.767489150403243,57.8448597262741
322.465601019796,85.799758864339,4.0365372034166,0.303933222979387,85.4306586263245,2400,0.547884629878132,55.7790680406846
392.307308595946,11.537257399782,5.20069949292481,0.37313263458806,139.711229719342,2400,0.676487917564324,56.4079600710684
208.213155874688,56.0380476743234,1.99050783565454,0.288297539849694,134.314055773082,2400,0,0
254.501094538411,36.477348598838,4.75534718987528,0.349838444115534,66.5524243591056,2400,0.705218098382337,55.8209437856997
334.909935892766,37.7887062672758,9.31747791341638,0.299089427105542,102.737550888101,2400,0.740750218992469,78.0054579986167
303.018737401272,75.2517441096864,1.29960068281865,0.363389779640827,95.5769939201197,2400,0.545708637227813,45.6578302734481
180.139983693311,83.9360327832605,4.08992568586297,0.313064901828834,144.038778780571,2400,0,0
285.863857037399,73.1070980335537,0.982843335822853,0.361090914634039,41.8725988312943,2400,0.549297228552196,43.6995646890837
187.160227870966,20.481603446696,8.3292278086446,0.363233558442602,74.4667336364414,2400,0.800981332965727,65.6352170363012
139.557921982752,98.0427787625898,8.16126661921081,0.312587282527556,145.948443820418,2400,0,0
325.939552068427,59.4569964265661,8.48087719494911,0.300524060547044,133.070663515382,2400,0.552464695367214,73.6701494142604
289.991253389999,50.6729682474497,6.77765163411796,0.296621517468059,50.6107269180173,2400,0.522211895826036,64.9941598351791
257.532594055049,43.5380924622937,9.68505754814211,0.372037902513435,44.2856588277487,2400,0.740694650029402,68.6005089336577
306.246798232857,13.4181531000746,6.14844715527837,0.350792226540241,139.60182259229,2400,0.735367359641892,59.9489382544173
237.687251590295,32.1620456369244,8.88578854381287,0.292207209055784,101.579594194166,2400,0.825112611962844,76.8024990109531
154.11358766242,40.0499019751426,0.978084845527163,0.343686345011585,132.365461779863,2400,0.822660172579938,44.0961702326601
384.057916367603,81.4997906668136,0.68752726035226,0.295073144359221,75.0991725371234,2400,0.63213562863415,42.7203243156874
106.257949499727,5.51454754969541,2.45549925217665,0.288217968277804,98.1139031947305,2400,0,0
270.50092038357,27.2629471061065,5.96491460294819,0.35500664878846,62.5769115106983,2400,0.699846165356284,58.6480958179106
398.69524407183,71.0907392624324,7.79389053581995,0.299451386556725,41.524898352794,2400,0.535330554505453,68.5427398896487
151.852687065705,8.41828016476451,8.81349081353312,0.280071440097693,143.763337446763,2400,0,0
254.365373997544,80.6888642509681,1.23365246663131,0.282161735560894,99.4663169152126,2400,0.544285430932382,47.0578950211563
225.458432303786,68.4996122039549,8.55403081684427,0.321714550218601,50.8294852480504,2400,0.81525908576818,69.7814300254227
378.519182975455,77.4856901396931,9.46215826586623,0.338851699642034,90.4264849890132,2400,0.559387681531678,72.6257987786536
251.20788743523,54.9618362817774,5.51023441378826,0.28466857495168,122.772082783784,2400,0.773268141956731,61.8841001157019
308.713681141464,99.2745346035714,0.990171309847054,0.280372654576964,99.2657099475465,2400,0.622260460976639,45.6297031151295
211.728798285323,22.4442391553674,8.97902483098755,0.337321909741028,141.75080293109,2400,0.786454498395576,71.1265206981948
206.750979410933,46.8033439437938,2.02356232461416,0.315639952696275,83.8295775516434,2400,0.738634475866673,49.556715735721
377.747108515904,65.7356177447421,8.07700527451175,0.296766272099577,58.1050436710279,2400,0.530262610799003,71.0511649637293
315.314261668992,69.7235298279641,3.46392509731961,0.342090816146029,132.640438068551,2400,0.527736476190916,53.0596396694016
345.295941339639,92.3077457051457,6.66959474793454,0.334767883985913,58.5630546606333,2400,0.633272791088196,61.8397805159692
249.181223492839,91.1347767947978,8.82747929804356,0.366228116877283,133.584539507031,2400,0.57602285124701,67.6936609843993
269.155677304873,11.0514057362585,1.8950099768672,0.321566419848884,132.425374538759,2400,0.717780254641738,48.9850866360053
316.336432249037,66.4136053338743,8.79088441414086,0.285108001023864,93.9899677013297,2400,0.554411407847462,77.2974685639869
296.502345137599,51.441102942221,8.67567983750775,0.379660459349897,125.267434250973,2400,0.533882425209424,66.0971067526585
175.832295896918,33.2375337615095,7.62016154727892,0.284411702579467,132.56861107301,2400,0,0
191.918155068272,74.3023853906822,6.8445031868909,0.292622575445567,84.3030192914142,2400,0.84269783770625,66.4084163721103
246.901215034052,53.7200970018506,9.47541788524747,0.326399450979092,102.063197819584,2400,0.792138826970958,74.580080003415
385.575861610779,70.18338927216,4.29047453050719,0.361409533868284,97.7888365421383,2400,0.532660259777298,54.5179646642987
291.444602971869,81.6908922788734,4.71110806841229,0.321859287886227,72.5242527534725,2400,0.538414571813425,56.7934848161139
299.863339126863,70.7038523010792,2.56835470486609,0.356317448759363,140.985819907833,2400,0.531767381362343,50.4432512070107
380.307350779931,16.8964468140488,8.09408989702689,0.314797307749571,84.8915294497259,2400,0.678525653863173,69.4305056817914
399.544870396478,96.3473251271462,8.79548635908474,0.315177825330243,139.659374253431,2400,0.762467923999283,73.1912785709032
229.56323569796,37.1432979761605,7.46527922227068,0.341135076796625,93.9200760843851,2400,0.760470012991274,64.6515193498634
327.151452792074,35.8698444777045,1.74749052033905,0.374528376580785,85.7566237959522,2400,0.72123720952217,47.4016865780264
239.912122193528,69.2552961977518,1.37830007211831,0.298250223898091,118.352360683432,2400,0.534437210350643,47.4029672515835
298.679864986668,19.5021782681826,1.35622434573156,0.292002128453477,132.183611513589,2400,0.745916233609108,47.4442575806476
127.92804983756,32.253717884078,2.34441685307351,0.326418781417437,61.6680482814351,2400,0,0
302.003272453571,68.4359623420403,4.70203574161039,0.377682254183477,135.162139860268,2400,0.527333131886853,54.9392775266424
186.822377439305,57.715082469649,3.55537589899721,0.360303142243139,108.876737779411,2400,0.757015795445361,52.708776572967
171.16601187163,32.8471866103309,6.58137379204062,0.296043078799272,89.4449876685133,2400,0,0
179.316918947744,97.9689880385281,7.56990499163765,0.359936341239584,113.893190150698,2400,0,0
389.770727164332,60.8003701441176,3.72373406632429,0.351936562362549,52.8565105016089,2400,0.518774597358205,53.0386830490231
333.203286262722,74.7361036167159,8.26833239971564,0.311366516446101,119.826980393222,2400,0.54957472298678,71.0865830548398
309.752082886703,88.7996844322632,2.95472461001912,0.294296363802238,51.1299731701246,2400,0.545029659105167,52.635488571952
393.493937530666,68.6182849394588,6.30850165867368,0.37914164425354,102.937122630776,2400,0.534366932642252,58.9181843488168
304.026188514373,55.4450581818304,8.62474420997803,0.358223859126953,121.929986962059,2400,0.53417129975944,67.615611187138
159.777311410325,29.8689840862681,2.18003095234647,0.331489631279649,140.614456589465,2400,0,0
256.469651672926,69.7630430346541,5.28511436509214,0.318766731517496,136.437853003267,2400,0.541628202155764,59.0151884080089
245.108676649495,86.6051864745423,7.31396396099392,0.306802335538855,80.9745952644649,2400,0.562144633324157,66.9035231737179
243.873103023938,50.8451343477515,2.70606226013925,0.339529330913811,119.744259835603,2400,0.759894863026459,51.0504238878926
382.594592298828,91.910943944162,8.18482901492761,0.290747665070289,82.5235655530062,2400,0.727982398286808,73.000046579217
276.934602604049,10.913156575504,5.97926987293455,0.348576850159864,89.7667103749406,2400,0.719901667792438,59.3931500311406
148.616024516725,51.9497236712275,9.80806626306557,0.301109565405415,66.1737485445754,2400,0,0
388.554570659199,92.2022747444149,8.99562897327189,0.369801777113432,104.706420875237,2400,0.742873832249144,67.802726602848
279.949375685269,52.2499741541326,7.74045378909723,0.341693604504211,41.6820926228644,2400,0.520423469353657,64.1317336829454
329.425110553539,51.6239400103178,8.95383222421264,0.283679603346515,85.6121550938371,2400,0.533731036653178,78.4165012606856
273.654554740883,31.9752672370032,3.62914375856156,0.36626942546792,82.8058586431862,2400,0.713028640620121,52.7884219991604
304.871589812418,14.204229472691,7.42014854420057,0.293941441603342,55.7320153133185,2400,0.693090779030599,68.2590457822352
345.004172187008,68.90077270541,4.92438247563635,0.303365971175001,122.092615550105,2400,0.531869721130577,58.6935021787865
166.053022816338,17.997093250916,7.54639806479425,0.318175097072445,76.2158584669695,2400,0,0
176.645480471653,16.0677847595417,5.77678765225518,0.300478800445382,82.6960769216641,2400,0,0
277.061843476322,47.5683419405286,4.46947702879376,0.346400644950884,148.411169848528,2400,0.752301674520488,55.512596512437
151.951176892132,58.850776256394,1.0644392791696,0.29247792159304,109.795113986138,2400,0,0
295.289391694045,96.814753520803,5.20794588244816,0.364960639610123,85.0765247069989,2400,0.569810409418723,56.5963577890375
317.36765592659,60.5617079113702,5.37181625680649,0.350272710074699,66.2164660701953,2400,0.525446045437451,57.3229418256202
142.193660761027,12.2826872255074,5.38047937817772,0.310357012689315,145.810150151373,2400,0,0
230.873547840915,39.7282102490208,5.30063337321738,0.356054752411932,56.0392207309626,2400,0.735673717879194,56.7189483972391
163.477284057968,6.52092535114209,4.57600664069633,0.364810711281472,84.675702397363,2400,0.807246116837863,54.9743512509357
185.641477009746,49.5814932223136,6.69819845501234,0.307455940938002,99.2008277352243,2400,0,0
301.860297996096,96.14201540027,7.40726776654651,0.332545087550581,50.9835107506812,2400,0.575486165710167,64.3043520808763
326.464074699926,98.1780802470534,6.82568888611227,0.281338712209802,104.422379395225,2400,0.629463410338195,67.7690707662945
207.881334466761,19.1602000224991,5.16334592401381,0.354817508482388,51.6457147488565,2400,0.763143029612596,56.3113215727622
277.720900742475,31.913055416283,1.39134602900106,0.376926414361053,105.997593750315,2400,0.727991722199013,45.8445173038924
152.972219363185,97.4096228712495,8.21322902600346,0.37761491725473,93.3378609791747,2400,0,0
175.150132056625,79.3634780082684,4.32464702339645,0.345842597869034,129.836249423577,2400,0.820726225661406,55.0210943091276
114.915824427447,63.4233589283955,4.08592422525815,0.323189955401459,103.895769943917,2400,0,0
151.244154915782,84.8310454546246,3.52700764018587,0.281081158123645,64.126411966616,2400,0.823391364015991,54.9273632653555
334.750867098582,70.3150191210377,4.43889290528943,0.316983370478972,87.9895821209591,2400,0.529974089816892,56.430085869589
118.354161821902,92.8454752151075,5.3684515255162,0.349382621690369,88.2174094593925,2400,0,0
127.832477423726,97.7988885858431,3.22271452524149,0.322019386522569,135.569788823221,2400,0,0
234.288358089675,10.4885182073338,5.01204870493313,0.303724693760497,122.642169645179,2400,0.743319610370254,58.8328941149663
103.26281275461,7.28895324352377,0.746857618726035,0.375887231399193,84.0020677313648,2400,0,0
152.828126850209,73.424684122822,1.84471733724045,0.304550351932342,58.7223498824419,2400,0.794537763835694,49.1101764229802
393.030964544183,66.6277261109453,1.65549130271246,0.283823315270963,100.255346172191,2400,0.535421045363754,49.0593104685734
263.68915909877,50.095551274989,5.32554295574922,0.306234355922246,42.2399608043957,2400,0.74835231847404,58.5338530617068
371.417720166353,59.2352234720888,9.50321516185751,0.362029788150637,53.0483957235118,2400,0.520257437002779,69.4212719025453
392.114887457652,14.5667469799406,3.95621818329917,0.360560549579682,111.312984156983,2400,0.717485161641479,53.7698091153389
136.01677655127,83.0350345147138,9.51656770981425,0.292798933612675,94.0450440387478,2400,0,0
101.61749578216,41.0128427688588,3.4173106393833,0.29304400638959,149.372183700141,2400,0,0
104.108130583892,91.7960083243369,2.6381977558745,0.286435583529626,114.385191827393,2400,0,0
391.867175083988,84.4530474695648,1.54753937380389,0.364404894774674,146.6046087329,2400,0.643491891700808,46.8861310467843
209.985271847556,62.2471245882587,6.22167795008716,0.338274649919207,136.471151001375,2400,0.790293128417305,60.7489584678885
238.490404476045,14.7699781829879,5.6935336677667,0.314704460795868,119.269265580183,2400,0.768466407508112,60.4449899162115
233.098477612573,28.1867608707879,6.22417059459025,0.35668651013609,48.5812750435165,2400,0.764528703217705,58.8768942814826
160.230001396004,7.1193161544709,8.02983785921165,0.347908297106644,89.3822013967365,2400,0,0
244.561922472859,20.1523168647642,0.662109408374089,0.307318931859765,40.2081400534888,2400,0.74587155969792,42.0709780895136
304.269039365482,88.9405529121353,9.88997081042693,0.341220700155294,116.627717249233,2400,0.557721139720934,74.5318525844449
239.116061482035,17.5361447679933,1.27952041875309,0.328168911670856,125.418375953957,2400,0.769411419438838,46.2624209093491
229.334134677083,86.7520023700275,9.13355073354131,0.299982029230591,139.834297496347,2400,0.595281800050315,77.1044773347546
169.664647901957,87.3137521305819,2.7959541552952,0.338476252399566,79.1470438392691,2400,0.829527582496947,51.2930026922027
355.823929452401,90.2795831740085,8.20394064205657,0.367134302132073,100.469723293133,2400,0.640118169377904,65.1530276241954
378.859692674013,5.44744597801125,6.31472512561837,0.354296676830068,113.72085912126,2400,0.714303635248712,60.0931541850749
196.684580556122,81.3483027962823,3.16041964036398,0.366137848976651,59.7471114330691,2400,0.543759558919387,51.4594550560907
390.586493214659,22.9353293491179,6.65525638834294,0.331719707852694,147.967423689731,2400,0.700319968852663,62.7519232896582
362.737926615583,7.98273651648672,8.98751755339616,0.314878399639541,40.428857140399,2400,0.707429297979431,71.8794037106978
343.333422388973,20.9913732519585,4.17779484116602,0.298428243318524,62.6439101574339,2400,0.678305957690161,56.1359876146776
290.588899802313,58.5436589310556,8.77667502651749,0.288345250362452,91.8884542668052,2400,0.544160652773135,76.6171171160038
347.597342981335,79.0790035267805,9.2963913002845,0.326897029226811,101.682247503548,2400,0.54034025259741,73.5631085880376
113.21666639981,80.1348567168357,9.25978853647368,0.289406342278752,68.2677642408524,2400,0,0
276.092442916209,38.4756669209646,8.90972957007537,0.338541684423506,149.437837702209,2400,0.748858994480619,70.7092857360238
396.927319747255,73.2528987151404,2.5529402694221,0.365192921617036,89.9240260444886,2400,0.586682197926916,50.1678186171789
178.028504344774,36.7588606663275,0.589856984674307,0.284167243913771,45.2778560521442,2400,0.820011282001239,41.8715313474147
131.58329888055,64.6472220287178,1.33968295228644,0.319645713203406,118.17481454341,2400,0,0
174.468393623017,48.8980245173537,7.39295109975939,0.333061253458206,66.7654673522715,2400,0.765452453999841,64.6360584765111
198.779885530515,26.2957721827951,3.47528003779995,0.344373824143746,73.4092292257148,2400,0.743935302094499,52.8993436322272
266.481340682161,46.2729059677113,2.52013318699958,0.291037888934474,68.5883678701902,2400,0.752922975502573,51.7753496270345
191.162486799944,66.5425161072382,1.63470584033917,0.356743586636737,49.0771141242727,2400,0.781460613934853,47.2415071787609
310.983139754008,83.6297796609461,4.00111133585203,0.320743923549455,103.053924543347,2400,0.533264277062432,55.1168582654322
235.121727493822,73.2881358292452,3.72625634167972,0.283647725904243,69.7198234241085,2400,0.536654001261685,55.4966840761993
351.153027348566,22.621421601984,6.26810248146014,0.286160484045184,43.3546063685308,2400,0.688115469034514,63.4226778983837
175.565060240077,61.2223015955171,0.575587276982675,0.281296089572589,112.187672515228,2400,0.803809147004102,41.786287876941
342.829254164876,80.0159496953558,1.29410681065385,0.337226917700514,106.752482148012,2400,0.555985847429863,46.1314080274808
344.492240297715,77.9956770709793,5.68702137516915,0.357207333870847,61.6880756494639,2400,0.537666258565765,57.8497390084289
177.284153262039,29.4878615918782,9.7142262748397,0.288867328518801,117.488185047216,2400,0,0
318.293946517751,37.9643306223124,7.74416184096511,0.286259914138628,74.7042591951351,2400,0.728420244652643,71.1779179849772
295.807321949941,75.1986919620952,3.87911529112462,0.343600745358318,87.5457407464048,2400,0.529606486434827,53.9257043470094
333.468409913356,33.211474953916,9.35294195201129,0.371314612743226,82.6013314730876,2400,0.723260955459317,68.6816662268028
323.945163033686,47.6693278704176,9.56446498531965,0.322431376656316,110.087493518481,2400,0.534694908880418,75.6605028785298
399.314280787751,84.5499702484988,3.71241068240944,0.359414786482721,126.516061103749,2400,0.72333001860859,53.1088999064487
328.456060353986,98.5190672313717,2.94173959271072,0.330659759020853,105.81645264997,2400,0.632643260593998,51.8923841822073
360.725539545643,64.4165781382002,4.77004931714228,0.306195577172445,113.513928165262,2400,0.522783364259642,57.908896787384
206.891192599483,22.3176674419522,7.56270301029553,0.318896539370786,105.353934444271,2400,0.762481804095603,66.9846822628576
338.678285822175,11.0926603687054,1.40895514216598,0.328061341653193,57.8354648654293,2400,0.748951079012863,46.9188677064069
390.263362036075,70.8190895665794,7.90630677463999,0.352356748812715,44.3458740455568,2400,0.5305229803032,64.068541806093
172.028417299895,27.320065044573,3.07902166395101,0.337782312489676,55.0460033761087,2400,0.736530963733701,51.8792273403478
231.50166407475,68.7698740229664,1.74125051079242,0.327365767771107,71.7045040133646,2400,0.535365662620643,48.3578100054755
399.151379890302,85.0172741887958,9.5847304079848,0.305619778575389,123.605370522514,2400,0.655987905720842,78.4874191852534
282.383506861498,75.800488321997,8.28635402103494,0.343940225565053,86.4685956176019,2400,0.547366972551979,67.3262730952137
104.825910831848,90.6466102977605,1.72378284113628,0.283867567645472,56.2207601943309,2400,0,0
385.814227958773,28.6625200247781,7.49580652040123,0.285933544091735,121.628655124032,2400,0.717084799148152,70.6735955711385
115.85902664096,89.2498823730766,2.80895506760642,0.354328804235424,115.717237316053,2400,0,0
389.485747553654,9.40651677297079,1.59199736332375,0.282259528508279,111.639363615009,2400,0.736050960967819,48.8247324254166
228.06625034047,52.6237819118975,2.70127189024711,0.34451454462504,100.405802120293,2400,0.740661225763191,51.0101808004883
352.87931423984,61.2709273651065,8.27459882288827,0.369734980394812,68.0250964736519,2400,0.522635926198624,64.7710120335108
362.17181556473,95.3513048060213,2.36807416188308,0.370995034796998,47.1877938617467,2400,0.744739909869055,49.2727201340865
247.577069448007,65.8460458707488,8.88078850426871,0.310332456086971,83.2838051313864,2400,0.556309557438396,73.6626302957884
126.95831473206,50.8731627507543,7.7273383814171,0.362706792208609,144.829692859461,2400,0,0
250.799308864152,17.6279209765682,8.83252939124749,0.336405982371506,42.5263175445329,2400,0.706125863229106,68.8686333219263
286.733978505215,32.4457770091084,0.7263960074149,0.373700976056664,105.557480620431,2400,0.756446866976991,41.3530523645482
280.075931299852,79.1428706887993,2.78402714277646,0.360778283377542,136.772433006055,2400,0.533798443564993,50.796021675608
272.490581767703,77.0093992463828,4.44428630687863,0.308190510243767,104.666578270535,2400,0.538586824046708,56.8835638186307
298.369870892125,6.37894417506726,4.46493623456354,0.379781438086768,120.11506388839,2400,0.735573812019784,54.4284356950754
220.217587694665,85.2730264174008,2.79417413043588,0.352980668774087,120.142678852974,2400,0.553951630645499,50.9868697335083
110.974644729714,90.7409877520138,8.84112809604883,0.309289974535251,82.3541531046959,2400,0,0
125.731450651894,70.0561583294683,1.31170716441076,0.339008374956677,57.328126891389,2400,0,0
396.151778567398,8.92047793795496,6.82116352063958,0.355582357708614,57.6543657814203,2400,0.724915376012629,61.0043828934402
180.553746178563,52.7791636561718,2.88397056804824,0.325728385551095,91.3188692785097,2400,0,0
112.491705326906,70.9593620087698,1.59737591666556,0.284383110038198,43.6698051080047,2400,0,0
319.803001687587,8.4952743087781,6.20401954946381,0.375742535150576,121.174826560233,2400,0.717789481618881,58.7416708675617
207.693471072773,29.4297168611224,9.72594921665309,0.328638604245448,123.22507898616,2400,0.844101801230239,75.5636931857383
326.56042480217,35.6977801431911,7.59591648546698,0.288368911518529,90.3449444868415,2400,0.733423928153112,70.5144371128828
332.276239506368,21.456102470962,1.59383937813793,0.285011009476705,72.1435814796214,2400,0.673785202021655,48.6762268909591
108.372663576464,49.0144012921848,2.14868718091802,0.342588361310826,55.6199567702461,2400,0,0
336.86593038176,92.3265868433731,3.58874154343042,0.311298821426789,94.6535786432357,2400,0.627864135052807,54.2863210130651
370.42703212411,9.62955085809615,1.27789735104545,0.354470537811193,80.3216242632941,2400,0.754474592576163,45.7000592205442
384.481116293335,32.5921404107533,7.76172238542618,0.335992244296979,125.885831971247,2400,0.741354446641758,66.3828542725302
377.807363031803,82.6745914357638,5.35584645036841,0.351293360772656,55.2773891279412,2400,0.615998008955028,57.031420003431
361.511071327918,90.0356779120778,2.11125902871802,0.344069889425743,122.514763766249,2400,0.634904377880882,49.3395330299744
348.062155659072,80.9232464834278,5.99381743998543,0.311463951441156,109.56596871781,2400,0.548472792183808,61.6698289264566
369.734461780683,7.01416468695345,2.52440452668807,0.334163266602846,139.408888993874,2400,0.734257505184797,50.7951681380431
269.36306739078,12.7749287259771,1.98170874688195,0.360655785342949,120.3189545295,2400,0.754752746314259,48.5907157548079
360.639690786904,92.7034820792537,6.1563834462344,0.347857611997209,52.7577471341359,2400,0.714962554721405,59.2953719332766
162.56024204018,54.5513471733768,3.27744301467856,0.377436239211104,135.470878462348,2400,0,0
333.299122773941,9.21853786572184,5.07446952151824,0.345525359675826,45.9868912136536,2400,0.69477006542365,56.2194099440606
229.760495147987,80.9727115492028,2.40399253766409,0.304631476339984,40.2907649159688,2400,0.536014845906633,50.4390131926392
287.690518827485,74.7655910249462,1.44354469151047,0.325761752939632,74.3275906334225,2400,0.539732545382206,47.1592679449752
398.261228081965,14.6631597305616,3.45292567735255,0.305009771767686,83.9736734906418,2400,0.640957389620025,54.0641358261139
142.433401759142,80.8746228765293,2.42934592273883,0.357070730032504,71.9831598553675,2400,0,0
213.282132857831,73.0377617009333,8.52201505538649,0.332366006691558,113.231576092052,2400,0.850760231315373,69.6572089238084
104.708004006082,42.7893594552484,7.19973186518608,0.290838764672878,69.0754742825089,2400,0,0
257.447110482762,91.041695406389,3.86117985516352,0.34898940091249,148.174174718542,2400,0.550744270928119,53.8785484655197
284.706502389453,18.0646377934402,6.75128009704629,0.345665701470295,115.937381480579,2400,0.725702043849459,62.0674403018868
144.328827235257,49.1116541161014,4.22898004922295,0.371405498007527,115.306841132923,2400,0,0
132.006108648968,56.145851740141,5.5825269671838,0.329237343942628,127.226629055674,2400,0,0
385.353813732752,64.3511380329389,1.85195857639695,0.326957706525693,46.6219571699698,2400,0.521039363242166,48.5128989486954
367.31684743357,9.8479582157771,6.79194010556118,0.345793701987502,67.4034782735894,2400,0.729943038545482,61.7296162583549
336.688864320176,6.92084436783388,4.99032041230317,0.374168065011499,96.9926254440043,2400,0.708069766906457,55.7072323812647
125.552743623115,16.4731629323377,4.65565191633275,0.313402571566843,135.081926081889,2400,0,0
107.557141328534,59.0035531261974,7.88427098609852,0.28241059652794,149.686778938807,2400,0,0
347.435442561058,63.0919684581975,1.55389986277776,0.358269494389999,107.961978953387,2400,0.530325612975828,46.9301697551565
144.518948941661,80.3270418634321,7.1475841646148,0.288671458380011,42.314010592193,2400,0,0
374.553998666781,96.0468576745899,1.06569824704648,0.333549715730701,139.082095774973,2400,0.775268017394087,44.9144772270773
376.74160780995,24.251580842665,6.0019230188028,0.36071983871311,126.941476655457,2400,0.684535115289884,58.8898816216163
131.692261906937,49.9200538891956,4.11222184809284,0.334637589522537,96.6993889010923,2400,0,0
359.546426394434,91.5967618328084,3.98355515280537,0.361534586695466,123.502281053412,2400,0.702584108207701,53.8196371887569
224.340746806319,45.0837737889103,7.35844208633463,0.312364840481869,108.205657031563,2400,0.783252473527695,66.9079731939102
141.006242937938,34.2532936513344,7.1968580897133,0.321025293934225,87.0513282534215,2400,0,0
335.382579340852,30.2842861198917,8.0742738892877,0.327751638869738,67.5856016563928,2400,0.715633182826148,67.7070262698224
139.98244576385,83.7990344957459,6.02562255780825,0.306447423340186,63.7215851604059,2400,0,0
249.076280404776,71.9550293025716,4.82387481296205,0.358953641560129,75.9723075518911,2400,0.535525203123477,55.7705393595242
325.611395128883,4.7332571408485,2.26885528370776,0.329736684531074,79.4559592004318,2400,0.737537613273656,50.0926510516799
384.707244105114,66.358295516073,2.09239209228337,0.342302791037096,85.5927598521296,2400,0.524514435519874,49.2692438833271
380.142071460942,82.6635198203255,8.87622380256478,0.331367803879381,97.3221378718077,2400,0.602672096013416,71.1610104475469
198.419425512027,68.5410002008247,4.59263882112158,0.365776321560165,139.517144823488,2400,0,0
373.939166123144,37.0046835537527,4.47102888483852,0.361260619731908,52.6792135915851,2400,0.508672821957588,54.4663652099814
286.305835529226,96.5189157454948,5.2138698887083,0.329849587785577,60.2269740280268,2400,0.555445023252784,57.6851650091477
290.674814669752,57.0796072394313,5.67784671945757,0.367642623847325,92.0037156327245,2400,0.521864191586286,57.6346312463932
282.039837214444,59.996045608271,4.58558736369234,0.329965713877276,74.8836006641712,2400,0.524871250634699,56.1372986641277
113.574213867182,17.0557799755593,8.03783086712788,0.376272994141112,142.170985857457,2400,0,0
298.95304285017,54.0200587425076,4.52190654383012,0.28707271484594,136.09021571079,2400,0.523699038144629,58.2579632676509
388.333905125809,82.6032803419967,2.58499241034872,0.318625861105317,148.534056111353,2400,0.623939989802491,51.3386038979554
374.062929757836,65.8846538861963,6.66003634686925,0.33884453825708,62.2460605913606,2400,0.524279746196264,61.5773669013508
228.144533909944,18.2031857655739,9.4644379767974,0.302121678039353,130.332959755609,2400,0.830557258307211,78.4929637207987
198.30646421976,56.7479703401309,2.39335038627915,0.34758260323491,108.497317936068,2400,0.748612518060299,50.0098575757468
136.604783390915,95.6904381191904,8.03967734704154,0.346208845302684,66.5847634192698,2400,0,0
321.838175926544,12.5476846980421,4.28058299785848,0.356376207951862,127.552892548078,2400,0.722750798702089,54.5744344948877
197.320714406522,46.7569925973851,5.23260034524807,0.359201019840665,88.3845120770585,2400,0.700633241645095,56.8047308849992
108.737111807191,80.298280466191,9.29990687058572,0.341396867316381,53.9232106267354,2400,0,0
316.520414665265,21.078054408448,4.4024354832328,0.362238997160059,103.294639020809,2400,0.658813750502117,54.6847507867804
300.564669862286,71.626869281775,6.54772563004204,0.309871501392913,53.6775799752977,2400,0.530716028563908,63.0753081327802
257.127315470685,46.5718744538508,4.35557216356036,0.306035283773244,64.7623053889187,2400,0.725005905765617,56.3611087160151
338.503500209197,82.9603401996297,2.18442023428151,0.285832510662948,91.8358053051162,2400,0.560535501130909,50.9073067762018
366.066034264206,58.9388407256801,8.7370750150061,0.35252488535876,94.540270158381,2400,0.526851987401992,68.3302500867417
397.192640537174,80.8358052257088,9.00295520238208,0.325304924030633,62.0052297474955,2400,0.635642039784951,71.7145561707049
223.657994607411,31.4689874869722,5.30801953108955,0.292375423401738,53.0314911910667,2400,0.678075133212578,59.8470765145417
172.672852407481,56.3974651431369,2.67402948031193,0.350897256493911,116.24254183389,2400,0.758120316575615,50.715579535004
140.849435358107,67.5717725507036,9.43942211284026,0.378041170787219,148.666407923523,2400,0,0
233.961996715488,22.8266772705672,2.39921514173699,0.324629540193057,114.202681411758,2400,0.730888949600048,50.5273877852228
348.825156921832,24.9418547798253,6.91603291596286,0.297817484098802,65.5014980867311,2400,0.705338402896517,65.9567203137512
300.965058002708,20.2745396522716,4.99599656637549,0.280925575864082,130.974468630545,2400,0.660094284694366,60.2047218569929
193.932366012402,98.8115174145386,8.47818482931217,0.308303149917297,81.2846186239017,2400,0.601955293653353,71.9018104774619
214.259333278476,29.3836148535807,0.713584087595655,0.325355033118623,118.269378678724,2400,0.793252403115934,42.2604139714894
154.49205391554,40.791967263182,4.7940241078476,0.284116995272095,112.799645426714,2400,0,0
209.112711750356,51.3617055364075,4.54173241589639,0.285508430901942,42.6834705145868,2400,0.73635103823529,57.2269730048703
177.715951449734,34.9185990024786,0.89506330522151,0.284506860998937,73.1318986017211,2400,0.790795049564701,44.8375728534431
217.358041563332,73.6161634324441,9.41603529765828,0.345082318470735,139.042613102668,2400,0,0
157.924893410171,50.4310326476307,9.6872860183576,0.283330212239425,114.342786385015,2400,0,0
239.985292457654,65.6264249238442,2.76972194398111,0.367246923400481,73.7567568614307,2400,0.530043163256735,50.6682707191456
123.356516150616,25.3307200348878,4.09960625187981,0.299671171237614,104.506981810771,2400,0,0
179.83479393735,43.0546017664038,6.74454983469106,0.303413279087251,81.0643396880647,2400,0.856795942089745,64.9069857328083
245.31983666158,21.9325479309278,3.43704767938097,0.289454461524832,58.9954787917871,2400,0.725194002391851,54.2668790786825
233.81993280354,61.3507884142129,9.46833250296046,0.372625085369789,44.1925138489476,2400,0.786115859140832,67.7912373317398
106.059656429357,32.184134272275,2.25676556018662,0.296832918018207,147.718559047113,2400,0,0
148.235027270951,14.3706252120905,7.3308138183123,0.315937259254519,104.897132446503,2400,0,0
295.098321359001,30.6446819615604,1.50788458629609,0.288157021279662,109.031487390476,2400,0.718529778878772,48.3327535877898
273.841987695978,84.0831712768591,3.51068660557248,0.339422141631009,71.2744777627435,2400,0.540153868802909,53.1120958486295
155.452206488096,77.2756443528497,8.0212660807834,0.319801627880651,138.701376308553,2400,0,0
206.304502192396,39.9035994803119,1.89142807779274,0.32780357580286,89.2136400507103,2400,0.733879152569669,48.837610555539
286.484227469049,62.7496362213051,3.52112874697361,0.378279419160079,67.3509639662024,2400,0.529921749005587,52.1549766988049
256.004668087652,37.9110411366674,7.76639201565058,0.297046233328001,44.4255736316863,2400,0.751654206065299,68.8718044308548
349.584913872338,46.6968470672736,3.36003402864412,0.374851414640669,53.3222717771234,2400,0.509995838177902,51.6468953491834
130.006895760709,30.399386825345,6.53415989568735,0.326781370605284,94.9920520842123,2400,0,0
386.518280342143,46.3139017127472,7.47110076681775,0.374794723361877,118.800392384412,2400,0.51902551654171,62.4951954853492
147.015752196183,8.36674261954841,7.30477708183031,0.313837681180019,75.8315524640888,2400,0,0
319.128071631667,12.6990907344793,6.81202711568358,0.36985565739607,41.4634229940806,2400,0.716716366238149,59.4354868930962
397.041522781444,37.435266425189,3.84863131659407,0.283365316301707,113.417801829622,2400,0.508732935774844,56.1825160524517
244.285635390173,25.3618451154375,7.61510957473437,0.351188002096624,61.4439989098621,2400,0.769364559242409,63.8219591799967
242.721352143279,76.4047791840017,7.87600799065222,0.366806253532641,98.1835078689542,2400,0.554372431062746,64.1771631891361
281.497257661985,53.158089000218,6.98386262769604,0.30971362998595,141.642921351817,2400,0.537143936578906,65.7750737240656
386.1816503111,11.7004952844686,2.2377038551763,0.341863726685032,91.7919977481136,2400,0.680508138512485,49.7386974121954
185.785236759936,42.8571295341739,3.42729293013595,0.377917141650991,135.312931583349,2400,0,0
376.428313224154,30.4675287073539,3.51520203866302,0.330864746029301,87.0030996642072,2400,0.697781481136863,53.3697893041715
177.50165161782,77.4909967013158,9.97028260620294,0.362599776241372,137.240862129045,2400,0,0
331.479791779923,88.7673934745894,7.98363544489967,0.349258242097218,81.1814491111512,2400,0.585242580648141,65.6802299511563
194.953872971517,87.6985067384326,7.21173463736197,0.283768915962771,54.6847265188083,2400,0.635850795115587,68.4635347150435
182.744895224335,25.6923671345463,8.4132955818169,0.2914352777493,87.8681475791199,2400,0,0
144.11334772981,47.7918748533523,4.02647351161516,0.378322102839304,83.6552787714187,2400,0,0
393.753892613412,6.94585479522102,8.38082288738553,0.30579443498105,147.768876642556,2400,0.726234524691142,72.4911821254998
118.737083550131,79.8355187851428,7.77127061913347,0.286988882508924,147.593249907954,2400,0,0
321.321499016325,43.7118917973472,6.60866434013566,0.281873221193278,74.4207234528788,2400,0.526444312720799,66.4231746591469
193.430800713176,65.5307975676182,0.763534592984491,0.330120030590884,142.083066914365,2400,0.798637405566483,42.6415202085044
302.492791845226,97.6176055123198,9.99213294888295,0.301755677164501,128.196077104928,2400,0.622319510478816,81.5443449069044
290.466689545378,41.3357546995856,7.8378115600672,0.361492471079648,142.572124100164,2400,0.736836178080941,64.4968844720151
135.067783916914,72.145197206447,3.6440633063385,0.336700235494955,109.387853687921,2400,0,0
234.914281866898,48.2876816724397,0.854110924321267,0.313788755936673,80.7075320447282,2400,0.762158578037932,43.8075727161622
184.985211075216,47.59126396291,4.9160786091268,0.331902171470848,85.8122394430473,2400,0,0
138.967133029053,28.5173946229819,5.92193129257437,0.322541660701235,120.627303311921,2400,0,0
263.877178742892,21.6248767426467,5.43229964984587,0.33411678361483,111.263028334596,2400,0.732568073144184,58.6367996003121
201.357637225421,66.9486191408011,2.96860223981945,0.377033250269361,103.830690303116,2400,0.782358116815603,50.9270372541316
119.427992121114,5.55578885808257,8.20768208726771,0.287474338109388,129.681978761001,2400,0,0
124.647374992371,5.31206453865108,7.69149976537762,0.284726953013791,56.3649753120755,2400,0,0
225.670295225994,44.7439565697509,7.28258856958857,0.307916949316175,69.8544894962804,2400,0.765540598545686,66.5742970921654
317.776106431228,36.2820956038071,8.3187123363082,0.341543663860853,81.6877318718421,2400,0.729533376462942,67.6003093683676
350.518744271627,38.1107265055953,3.73386359124617,0.321172815286648,51.1854349635115,2400,0.514110006448396,53.9453748545693
225.152876981561,28.6183600557278,5.12319004169463,0.350743379249488,122.016201339161,2400,0.781694070825348,57.0365122040874
306.61337836547,44.3552501277251,9.8258061935979,0.31997907571645,76.489209057277,2400,0.780707442533315,76.690962763505
233.413797164955,9.53215142998475,9.54217305493381,0.292568537081814,105.906177336661,2400,0.830578048508864,80.4316236668709
165.643279033084,95.2667622137473,1.94984457865627,0.316024459682706,138.052439811418,2400,0,0
313.18540876363,8.54393690153291,9.93227359584236,0.365053261117144,72.3359318814486,2400,0.748842379130902,71.2956667039914
226.141692386069,56.9271848533932,6.44599929222198,0.352219374670935,122.313087969641,2400,0.775392746940512,60.6180537873978
372.342650864314,55.7691903378832,1.2515069751928,0.336350234578198,93.1676409335911,2400,0.531469540691605,45.9427852349663
290.863414632398,13.8705029786689,4.72342120086932,0.308551982573319,86.4061277792672,2400,0.732095937388416,57.5543097636384
216.896075679298,27.4849983497242,3.44832559543734,0.338218579364895,130.962767418385,2400,0,0
208.064736049146,42.0404239703909,4.77108340942628,0.32008775390788,98.5446947960204,2400,0.757816616221452,57.2383013707626
151.688297390966,45.6612117037585,3.10537086457099,0.29787839105442,93.1125916494821,2400,0,0
271.556748001941,79.6007959493393,2.80691146547919,0.282629087415561,134.198286084727,2400,0.53816852313028,53.0032293512793
304.342110290893,85.8845161064206,9.64305383953771,0.372304616776945,54.1537725039875,2400,0.539370863580573,68.9197963124015
280.93161675831,94.8450703948004,8.46450182194718,0.365943657189246,53.3975359152515,2400,0.544402003470995,65.3030418962257
381.868196650034,17.3564341765028,8.93291363495801,0.368100773948383,54.5480401793407,2400,0.680578961118862,66.7728317033043
325.199702756895,23.3586478940393,9.42487566413351,0.356038789266442,113.694384174531,2400,0.716662747193379,70.7455826062198
161.752771923084,16.143432675502,9.6113976686156,0.341063834413242,147.409777209212,2400,0,0
282.944777875626,48.4218642007466,1.08146910280743,0.300057143124066,105.216667867752,2400,0.771226270914911,45.7430280036033
309.482226031453,25.1008358561114,9.23169138145871,0.305535460349299,86.7661154729626,2400,0.726194146032709,76.1329279721285
353.812752249966,32.7371623395768,8.77140970666336,0.281151998312403,40.83554374509,2400,0.708894016406186,75.8371393947461
250.946908959969,37.5286901897725,0.576135071979787,0.314680510200273,138.245014797092,2400,0.769428467480376,40.9367548637787
356.231508392805,63.80807046029,2.83235564989634,0.355619412059563,147.082679113287,2400,0.521937814127146,51.029006451921
300.750065104635,68.1781332436501,9.45516936734036,0.30866103186071,148.83913509938,2400,0.564210917239355,77.4395784873656
135.841447521346,98.3288322013093,4.89792236722019,0.280434500526035,141.145014215181,2400,0,0
378.690315799033,45.4735925638658,4.75687764721065,0.283051404733322,60.5792587832624,2400,0.50886714889067,58.7806236679883
102.069087475657,84.0477071610144,1.15676779926787,0.349409328314799,102.322808529966,2400,0,0
149.722311580878,23.5896158171696,5.26457362890901,0.3075024531376,95.4819996222037,2400,0,0
287.936712498309,43.0060867561195,4.17603664817667,0.289928886024405,134.76539393895,2400,0.751159496043938,56.9607450369241
160.511744248554,59.6711329102734,3.88312363838798,0.319131494867074,80.8437705355811,2400,0,0
300.452233192547,96.2438340439294,0.550434272283191,0.342967326394247,138.799014672328,2400,0.634845345862913,39.9267881973163
265.39593032047,9.30012540209238,7.7841677602789,0.314805915848298,108.592638875749,2400,0.757063862573873,68.4461879594867
332.099997975599,11.129485717191,9.75033190094343,0.342659230653731,125.117336419097,2400,0.765385153892337,73.7797148328781
182.435854043232,91.2289111882344,4.02395737881658,0.344770084914005,121.369018433882,2400,0,0
176.073233675433,71.736456761641,4.6415688202045,0.372724941034531,146.78185525222,2400,0,0
377.647705185104,85.9459644073746,8.80039848299263,0.352129140457915,127.435549939182,2400,0.642081431044282,68.7601550097606
145.487485364931,79.4389638904814,1.33079873375548,0.291475508882806,91.1595445290615,2400,0,0
167.227003329683,96.3930122693453,9.65254887723561,0.348903920942868,124.455284623603,2400,0,0
270.083235799764,41.8646100317071,5.40724595499461,0.303973449948305,146.568638610623,2400,0.735199345168386,60.2904729877105
296.955983202526,45.3586540622781,3.64800844101818,0.368810651738519,68.5016485393459,2400,0.578621850751513,52.6762315468276
187.087120143381,30.7602916376613,5.12720344022092,0.342495320239214,140.300286921675,2400,0,0
259.219534211224,53.1282265071815,7.29706978440542,0.285494965499737,77.2864023589071,2400,0.788665032351977,69.2333605345538
166.679951321018,5.17942105716607,2.29771860315271,0.350136448245075,60.5567146587934,2400,0.797285944634885,49.5979961921038
268.557997142798,88.7158322852737,5.77855164300785,0.323952628657788,88.4242211523068,2400,0.551337568992718,60.0365247823292
211.788274164759,36.6031759683058,6.34246909211762,0.303601223152031,123.97957166731,2400,0,0
250.443058336645,24.1836929946114,1.94028346036288,0.345863903686774,140.344022186065,2400,0.756002286140914,48.7280563827763
236.572390019494,32.611394133352,9.60378267836229,0.338916658088825,96.0376614801918,2400,0.72501582219192,73.3185681516497
377.175307098788,95.6054645356979,2.49884851642766,0.356406748692233,81.7038138030998,2400,0.737519165018561,50.1824166300038
380.976842058806,66.7252414194448,8.84732280679967,0.313528342945417,124.886155186691,2400,0.538401204278191,73.464312577129
352.035033551287,32.287017372552,2.72804819247383,0.353736977602796,61.3541421024787,2400,0.703350811946367,50.6854348679075
129.826980441022,35.2344796928222,4.86857737772051,0.282978662312019,93.2309095556021,2400,0,0
344.222528839113,47.4945529956945,9.1834224000904,0.290757333427792,104.559822292438,2400,0.535444291198349,78.7738983963024
187.70622897825,89.8586611279075,6.06524394640931,0.368859982883083,133.888658613027,2400,0.56755001635338,58.6873770467538
259.641546937856,36.3691789887882,0.834720022325297,0.313605393023349,115.830332081054,2400,0.737095209038621,43.6507590313506
130.374435754871,40.9830462817332,3.13807873188943,0.377993109431453,61.9521038938667,2400,0,0
240.438670546685,79.7576430985382,2.91096900345046,0.339061291348991,142.265875613475,2400,0.551094913843847,51.7243489680958
192.37019299508,68.2485165898729,2.5418859415974,0.305684699564513,106.326099582035,2400,0,0
283.928363099992,4.66115513676834,6.97589812219602,0.315839972054766,113.818638347665,2400,0.756119717967082,65.0871594853127
208.922765997211,13.9162297977145,5.66909340406023,0.329028984796123,81.8697758975556,2400,0.777139347567363,59.3548725150239
281.926617767401,29.2346276447322,2.43551009729507,0.308247507343967,76.7083383781743,2400,0.705964043605944,51.0741610219894
353.545717820632,31.0077585357372,9.87356497487668,0.361385790872558,43.4093258863843,2400,0.703493061359373,70.3623352212648
354.006458582462,16.5907800388087,0.740736149667915,0.30679551870301,89.0158949070675,2400,0.756520215201581,42.9653612900225
264.399932579352,52.7331981737178,6.63893084275158,0.299147925979722,130.422308804308,2400,0.77507002297493,65.2025445023072
289.225682894031,50.483653956028,1.41260415803284,0.354884644764555,113.602274879946,2400,0.590239569027426,46.3626700106103
196.537859984175,57.1808551704608,4.20539251449215,0.348108477422737,149.21156617948,2400,0.754572413955995,54.6445955936954
122.041780290062,94.132574178705,3.609853004424,0.350199455404973,106.509367455186,2400,0,0
103.064721544841,10.9052791790128,1.31895391739189,0.297107366478881,97.8604342821373,2400,0,0
288.719968220922,13.3694257680113,3.08203369542327,0.319732953989145,46.974280862228,2400,0.727908195601817,52.172247634078
247.306730980672,81.6253927354881,9.11855000171678,0.343182007215064,114.899752526812,2400,0.5824372286969,71.0158393766128
112.971381384349,54.1277736732932,6.98012845813361,0.295580259373284,85.8452118586853,2400,0,0
265.482816547663,42.7639276918793,5.18541706050337,0.296916475699394,69.0383957168339,2400,0.730203740247891,59.4985064666135
204.994307693915,17.5187141662676,4.90605342927515,0.362493071985496,124.242242541371,2400,0,0
105.829332321059,68.0745460539999,5.65416529176846,0.363980401180904,136.562015844441,2400,0,0
290.345697134127,30.8277247001114,3.70072491701347,0.368684107351664,101.18356506355,2400,0.7114600061646,52.845539084335
265.178050090568,55.1589329268283,2.24254135200899,0.292108711116975,90.5225747639524,2400,0.523574071169208,50.9138695725939
227.601232977587,8.08391448752488,1.62287290548849,0.343744612558993,142.428317432864,2400,0.765102911974969,47.5892525860167
337.013504008261,96.8427939563441,6.05360179712728,0.335903066930859,48.6664140843952,2400,0.634229967179898,59.5174477517274
148.311301524896,93.8632542077969,4.00843246491538,0.366879377338913,80.7580564442166,2400,0.860971060129069,53.5643090253133
323.508696059031,55.5521694452288,1.19592562940152,0.355361075768416,43.4932263131585,2400,0.530169844691335,45.1388191349796
248.881990436483,65.6440708376805,3.69551173576509,0.283228280533164,44.5790990159405,2400,0.522703688721621,54.8639025751144
230.17105997803,85.1655144260209,6.11349528316603,0.36669054590758,112.261145996001,2400,0.558036450144379,58.8980817447118
300.2292628789,88.4310169186839,5.23772793320305,0.327546033752785,97.0735132022113,2400,0.550251989369459,58.2318447436137
397.827913625077,10.0091501547277,7.89665690164417,0.328854501810311,102.274838599428,2400,0.72236150363223,67.3310055159733
393.690262819138,11.9830980734964,8.34969285775477,0.331881885152335,71.5288528157394,2400,0.680985986121085,68.4148169796208
399.570018907293,24.3556710650281,9.10461943955631,0.320006073033853,116.727030926792,2400,0.713686080783193,73.8597730602316
258.375545955363,57.6716136113745,5.88329259743453,0.319523766305936,110.396598347588,2400,0.535341577103267,60.8635064133376
296.139826584931,58.308180591907,0.83838935086188,0.300878946195123,119.649291141141,2400,0.539551002379793,43.9818644613957
339.143897295806,31.035124896526,9.64604257952616,0.290855549899785,108.66148207603,2400,0.74658057623087,81.5988387056959
168.639012828935,25.4148060068153,9.12294886680809,0.351630934582614,90.1393968011204,2400,0,0
297.886617486705,75.9810625729744,1.94821609447868,0.282331684137758,121.189457015007,2400,0.535185959469312,50.205342832825
257.971161574302,44.0742481042149,6.83075477807271,0.379639071874185,148.059390263987,2400,0.738524536958023,60.275985240202
173.524217540534,54.6666750976178,1.03920131033104,0.287605690882856,99.6698971821909,2400,0,0
236.09856117856,73.5894601540756,8.76201419398418,0.32053010933265,125.657683844905,2400,0.569347530351819,72.2450052454838
285.321901895598,99.4182448538077,5.86812765259516,0.313992891717707,148.858719396169,2400,0.575130298377324,61.2525179581696
295.457162121189,20.3647563928466,3.50593337301331,0.344809202654236,111.816285361588,2400,0.739137872674722,53.0916126733406
292.938361215103,51.0160619593862,1.49416991167156,0.329577034278909,70.4484096154842,2400,0.524614403332958,47.3043296598637
372.741639424099,51.3097773670311,1.00563409203833,0.282537043088767,106.848798859698,2400,0.535844471604129,45.6972802213245
280.881152741918,45.5600478366479,9.72956574001491,0.284264819148825,111.666479185069,2400,0.785837069298436,83.4759346969926
116.261794793615,51.8654929988259,1.37119731163119,0.321928019150513,139.774009030833,2400,0,0
227.767497290451,99.6159479729274,6.70853490584345,0.327648705867811,108.761183259964,2400,0.579950999230626,63.1239342117752
245.944827459218,13.0954527392255,4.06783125216484,0.375633915966335,143.498835756068,2400,0.723742514303769,53.6590072590924
186.250178292855,5.81042771362496,5.73273564076749,0.30967854504777,68.4599272700288,2400,0.799554580760198,60.603678792004
182.593354592124,98.9293239458574,8.54438666945294,0.345336376970606,62.9224929922685,2400,0.594248916383904,67.7149231758416
273.4060288821,95.6487331480562,8.08943083906866,0.346291993883104,89.6824031108119,2400,0.555534088298984,66.3464051044234
261.336471856066,80.4420674552677,7.4231580147276,0.281210428617402,135.982571760704,2400,0.566180234571008,70.8959827514446
209.475285775707,12.0820775298571,5.89207857007082,0.351772614919795,78.4172833425711,2400,0.788049703602397,58.8149531471651
265.110756874612,45.1653644788252,4.23747297764222,0.327934477450157,51.9636092109495,2400,0.718998256917211,55.0001146113272
127.253075830157,39.2666431350944,8.86517017627516,0.289005234102824,124.419201704318,2400,0,0
187.420811855211,98.9849591649006,7.60194208624654,0.326181687132018,138.349107153771,2400,0,0
251.482483785122,94.5031893816072,1.12660015413662,0.317483548878628,61.3027695412976,2400,0.556585066878882,45.6209348003534
267.258090668385,5.9430958944898,0.842286292846445,0.375069262147175,116.115856037993,2400,0.795804814309242,42.4061067211424
231.183983908307,50.9655800719836,8.56570234050183,0.304490197567643,97.5184762264752,2400,0.809794715001668,73.1889675121773
255.700455373686,90.5215128769249,6.07200445192696,0.360233640176102,134.394859141293,2400,0.553360802109694,59.1132006526274
221.437789743581,19.2332221702704,6.75895814755818,0.371241132387241,73.2655704102521,2400,0.782698257867116,60.2061880290296
145.073096824172,28.7976124956887,6.08504951960212,0.37157708343723,73.9735113089529,2400,0,0
361.427219891795,18.2941325023444,2.99211432379148,0.302759951590335,65.1416567779084,2400,0.653750612535824,52.7043332977245
207.781929374599,72.6861728617907,7.02278854664517,0.314128228702399,55.3017951802746,2400,0.818169561999259,64.4312764326973
272.955582745976,36.6928498536613,9.06963954639292,0.281995848488547,145.297972221739,2400,0.784830891519007,80.0650959739799
275.346284053584,15.4215576404454,4.19094658857514,0.322920911402214,116.996018774673,2400,0.680549430403329,55.472689351053
287.499827924146,26.4499828293641,3.51986847224529,0.363272299900865,128.633899582227,2400,0.696292248788529,52.6732461719095
279.770256664429,85.6450035139632,1.99235143147152,0.365448211568536,99.6963457732499,2400,0.543170994854822,48.5156432850341
310.781854953616,80.7954594986885,6.8994020670049,0.288541762593099,130.502873748837,2400,0.547898502058751,67.5438969910906
314.313520087547,23.1540017915026,5.46209832319818,0.377053958192693,69.3245565812072,2400,0.686621802623915,56.6270079525385
226.612494104433,43.4785548254337,8.2212182915213,0.295280868213274,118.152288416389,2400,0.789401009669442,72.8839998209627
156.463218868998,30.5989433145183,5.34991871934128,0.358724069747874,133.3183494285,2400,0,0
106.623900736001,62.5303691990625,2.26185788322843,0.330434098509657,49.1845506024085,2400,0,0
224.049343352981,69.0512521918693,7.86881040206576,0.35267334927632,145.829485612539,2400,0.81594704785641,65.2905369752772
356.702411153785,12.3956157799138,9.19062021482303,0.359315904358687,118.819408839256,2400,0.691168436200849,69.622693908976
358.711058990821,43.1484496467958,5.79438472316059,0.375483437476887,47.4829161378606,2400,0.504928522694818,56.9199963437138
337.940591664067,27.4251543375812,6.16205861378145,0.340889732366177,143.327680496621,2400,0.717935604095517,60.5330434019691
264.199121725871,94.958608097687,6.3495373817017,0.311116812934244,145.501794945407,2400,0.555637288165017,63.055976690198
303.827659279792,39.417856555383,6.63387650056646,0.370552758251586,83.524661805543,2400,0.715867345019098,60.0030909173044
299.445884608248,33.6144790369195,1.77241864209937,0.316393265184006,104.094267452226,2400,0.718141248236557,48.7169866399937
340.598086530539,14.8372094674113,2.91952355327708,0.292084651861589,130.027543689952,2400,0.703120679162709,53.0333193379903
139.148663003068,67.0174477264044,7.11149091101192,0.316712811421473,47.7603891699368,2400,0,0
152.291715807876,52.9234806671577,4.2000734453844,0.324520123001637,134.939890027193,2400,0,0
307.766953809606,31.4537378068451,5.75086995934278,0.350697385068679,60.5019056809887,2400,0.72022109130153,58.2768926820603
207.25859601048,75.6059088455431,2.3802094615462,0.37041935516218,131.786947767583,2400,0.539216485801918,49.5191260009751
287.600360785545,95.4412043838607,7.96325257406359,0.291087651168463,132.301120960853,2400,0.584972159785544,72.3873828963334
345.792402674456,97.107094984827,6.36085460898749,0.368282228054794,96.7102236429473,2400,0.721291629133495,59.4530078883934
178.976862828149,83.3254718974821,2.68603401271218,0.288948852961852,98.0429317408865,2400,0,0
356.857672517799,23.7250927992871,1.3150097687827,0.302070782942126,80.460833078754,2400,0.706727306546909,47.0059913286267
383.332981173801,80.5021170808672,9.83699986615583,0.280895617193475,141.262114750288,2400,0.606965920773387,85.2980065493402
241.403875026051,49.0314958265358,6.60663826860348,0.320816493925767,118.56364306385,2400,0.753991400322338,63.3247561048914
200.080724030485,17.9383738686475,7.44972360309046,0.347221486514032,148.723147365398,2400,0,0
148.078988049786,41.980803489737,6.31084648306246,0.359854009173407,146.19139231982,2400,0,0
339.061740642106,11.529254785717,9.78239989549123,0.332186405584194,50.0628574088609,2400,0.746508966819854,73.967487026778
338.116693455216,91.4566766957374,2.89463818902592,0.335309495184674,81.0098482001719,2400,0.626266511081175,51.6988363368614
303.105510955337,97.8557554151381,3.18896818936741,0.329643306811129,99.0888165778726,2400,0.605387600671679,52.6552295793865
167.475597136424,72.165176417492,5.6492779004297,0.373844657880213,48.0446977276458,2400,0.790439043614373,56.7048952118879
201.914582021268,28.8522644724103,9.63115906685886,0.370159997722021,119.250551812917,2400,0,0
114.444931277847,69.9224184311846,2.93017817643153,0.338034567278907,78.2708107461533,2400,0,0
151.046282040245,14.1076045605528,5.51629294879024,0.331795921945581,52.1077373296692,2400,0,0
220.469612868158,97.3414642509318,6.013696979231,0.315551218639155,143.0205263944,2400,0.570986039452125,61.5133834195634
364.895239470824,68.8528505391455,5.06587443868212,0.297388302159251,63.8209077820338,2400,0.52050027093422,58.9845998006736
295.740931511114,16.6794656060948,5.05572302333609,0.344190886268856,41.0301002651977,2400,0.68440115125075,55.9855436140035
200.721136476115,13.1418275002161,3.28117674763033,0.295157943477992,135.391279417857,2400,0,0
344.145399444206,8.3776452799503,2.20829376614778,0.293587697448641,116.680129514996,2400,0.706681968332861,50.8020204124996
174.319804361803,60.6353989031498,2.73619847475873,0.290345425169509,59.153698266575,2400,0.773570301860095,52.2187197996777
369.29480936898,84.5275128422961,5.11592162946567,0.363700560726781,59.5680736218491,2400,0.617108564501093,56.0545393588897
188.29925592661,79.0460596670058,6.80681040348198,0.290577157326427,138.313531957531,2400,0,0
285.403513105222,99.9786607635165,0.849043307615179,0.316671893572331,48.088664378226,2400,0.59560618150567,43.6838815141754
338.402552378606,63.2272753744087,9.59065181753288,0.356782391785696,46.8965751594869,2400,0.526145792354986,70.025135460155
109.608127372081,40.1146108759868,4.71965391256213,0.3677973424026,42.4004658865574,2400,0,0
360.004042800047,6.17707186700284,4.60327731449869,0.287849352693105,103.636632617159,2400,0.73344113166368,58.3259617045025
395.491310567263,27.972143292498,7.6230128819542,0.336303510523683,76.3384155454513,2400,0.700137069038833,65.3150523577869
292.086188459269,70.4591505221686,2.85235785515952,0.315227877051921,98.6725421348368,2400,0.530550607776716,52.1296552429573
215.879079249695,45.9674556870886,7.58099091798926,0.297764917452233,84.7992757834986,2400,0.784340438075232,69.1170856093793
317.206619837481,21.366841412695,3.23957269397631,0.364302885959609,110.636541019221,2400,0.668600100057789,51.9424431120211
372.914291662545,57.7644963556774,1.07109114340895,0.339149173920076,111.00005725349,2400,0.536511441659292,44.8120765881594
252.694489132477,61.8886328297765,6.29255071693201,0.363086995499579,78.0032747638247,2400,0.532590696153756,59.5117316382122
155.229476571732,82.3387018768326,4.15775296450242,0.314926149909285,144.966453815907,2400,0,0
246.04945249072,50.7366224011068,8.29721941234396,0.371071594663789,77.1314874073081,2400,0.756164152041583,64.9824179467269
120.353411226647,92.5082499079693,0.949660337486312,0.291812052011766,115.784198496041,2400,0,0
371.571857266084,87.1353739064977,8.93721309779594,0.338987429160937,42.7631809630571,2400,0.628719873237716,69.0380381016929
255.912752491313,55.4696646670745,1.24283417616733,0.344029817834915,134.333473185085,2400,0.780083071862603,45.7200463351786
177.153851698231,56.2767980154742,8.42955457520235,0.285896133737417,77.3400634907147,2400,0,0
223.817100973307,70.4977302696152,7.1755982674647,0.362839903145875,140.797352932987,2400,0.552572306413176,62.3233145303193
386.046429874149,70.6109972845217,6.21092732462648,0.376105525772372,67.5458010980164,2400,0.531353281435224,58.4311392846281
294.184423799937,23.5748499434658,5.34208310271764,0.356817101666889,47.8183907485364,2400,0.672029270079484,56.5961568643213
327.966871050074,50.7528292687074,2.88572033683302,0.329468261588424,71.8183429429022,2400,0.51739352001421,51.7093328077028
133.496035278745,64.7483063688211,7.24661878204101,0.339199213739286,73.8964958756541,2400,0,0
180.902987612802,93.1541841460462,5.59692819902458,0.317740770384904,109.712172217931,2400,0,0
339.937103512568,21.2835764024736,8.92884793265697,0.294998755106541,104.608841551337,2400,0.712055972308842,76.5084194850313
325.466684278811,87.1536659420596,1.81023586486768,0.310010268859023,117.955442100418,2400,0.568569943836232,48.937702977758
231.61378795608,32.0246256931098,8.78677719828981,0.343284930246971,55.6950501803475,2400,0.696399752067831,68.5929181957363
303.662583225909,60.7248755771373,9.82229722834619,0.325625676074846,78.3477345242209,2400,0.539956104446296,75.8536897088863
302.884191413448,17.8269449680855,4.06187194633655,0.367575343016751,109.924815091384,2400,0.712238866902192,53.8196069361373
155.589889796953,54.9043607410257,2.33680739880451,0.349646987055093,133.956761965238,2400,0,0
103.525865949791,13.0007003321514,5.07104467657112,0.340414296589317,92.5710282179228,2400,0,0
108.488790743265,40.5023622220901,4.64627337185934,0.320299978130526,117.826992148236,2400,0,0
129.570806089779,69.8128916218845,2.00618613889659,0.328014105477624,50.1936020513411,2400,0,0
349.913678215036,7.24081190397886,9.39732473775128,0.309626961911095,45.4870466210873,2400,0.716411206177117,75.133998947285