9.999999999971925790e-01,6.721247709335420595e-01,9.999999999999781286e-01,8.060219158778636483e-14,9.999999999999588107e-01,0.000000000000000000e+00,4.429759638326367099e-01,-7.563285821243522777e-01
9.999999999997746247e-01,8.065746009509745558e-11,9.999999999999984457e-01,8.998357614586893760e-13,9.999999999999871214e-01,0.000000000000000000e+00,4.429759585057806426e-01,-7.562297218511387920e-01
9.999999999973281373e-01,1.169566804469284319e-13,1.709176966624426086e-10,9.999999945581908856e-01,9.999999999998417932e-01,0.000000000000000000e+00,4.429759400992699936e-01,-2.533156216274708994e-01
9.999999999998582245e-01,9.167383792064786341e-13,9.999999999999981126e-01,8.405384776377918810e-01,9.999999999998558931e-01,0.000000000000000000e+00,4.429759522000573102e-01,-6.909549832672484682e-01
9.999999996429345117e-01,9.267001788345459341e-11,9.999999999999866773e-01,2.009695700478247860e-01,9.999999999999916733e-01,0.000000000000000000e+00,4.429759569981060463e-01,-7.406227788051665817e-01
9.999999999983849586e-01,2.230098716039972769e-14,9.999999999999839018e-01,2.867327260752003948e-01,9.999999999986315391e-01,0.000000000000000000e+00,4.429759563547104873e-01,-7.339625630759299968e-01
9.999999999992341682e-01,4.486274571610996847e-13,9.999999999999443778e-01,6.645725162051212553e-01,9.999999999999487077e-01,0.000000000000000000e+00,4.429759535201547305e-01,-7.046201900813843233e-01
9.999999999983623100e-01,5.421796503190108244e-14,9.999999999999996669e-01,3.239786482766615627e-01,9.999999999999360512e-01,0.000000000000000000e+00,4.429759560752914438e-01,-7.310701103218569807e-01
9.999999999998726574e-01,2.402507673174695418e-13,9.999999999998154809e-01,8.965601611774516311e-01,9.999999999999170663e-01,0.000000000000000000e+00,4.429759517797823842e-01,-6.866044379376362583e-01
9.999999999993112176e-01,2.900997032536262582e-14,7.502988437190545312e-01,9.999999998375472821e-01,9.999999999999333866e-01,0.000000000000000000e+00,4.429759482809084159e-01,-5.723846019420809617e-01
9.999999999980084819e-01,7.301264022898746606e-12,2.450927921373485807e-02,9.999999980656192333e-01,9.999999999998731015e-01,0.000000000000000000e+00,4.429759403665315953e-01,-2.637383359168258279e-01
9.999999999953489427e-01,5.035457263704048449e-11,7.369641042601542402e-01,9.999999996977643191e-01,9.999999999997445377e-01,0.000000000000000000e+00,4.429759481354996753e-01,-5.667139258432697391e-01
9.999999999989320765e-01,4.811456285030520596e-13,9.999999999999994449e-01,5.277260610134709706e-02,9.999999999998931965e-01,0.000000000000000000e+00,4.429759581098803300e-01,-7.521314941562758927e-01
9.999999999981307175e-01,1.039564064424132356e-13,2.303503646156017381e-01,9.999999952185680829e-01,9.999999999999988898e-01,0.000000000000000000e+00,4.429759426111269938e-01,-3.512734641410123482e-01
9.999999999976519893e-01,5.548798021221690605e-13,9.999999999999811262e-01,9.216348627211972122e-01,9.999999999999932276e-01,0.000000000000000000e+00,4.429759515916718571e-01,-6.846571807540390298e-01
9.999999999986342036e-01,3.530306507502248789e-13,9.999999999999860112e-01,4.153729397740648643e-01,9.999999999997801758e-01,0.000000000000000000e+00,4.429759553896510660e-01,-7.239725905240322890e-01
9.999999999975599518e-01,1.377960577491687165e-12,9.999999999998098188e-01,1.617673039166460658e-01,9.999999999997195577e-01,0.000000000000000000e+00,4.429759572922016275e-01,-7.436671577857288939e-01
9.999999999997190026e-01,7.192394011684917011e-13,5.210917348625758727e-01,9.999999977509662630e-01,9.999999999998825384e-01,0.000000000000000000e+00,4.429759457815181101e-01,-4.749129356787410439e-01
9.999999999993028910e-01,5.936308098111442345e-14,9.999999999999854561e-01,6.052135853639361018e-01,9.999999999998498978e-01,0.000000000000000000e+00,4.429759539654656852e-01,-7.092299001619183363e-01
9.999999999998726574e-01,1.975660900669080467e-13,9.999999999998154809e-01,9.901154313931365136e-02,9.999999999999179545e-01,0.000000000000000000e+00,4.429759577629956424e-01,-7.485406596994911288e-01
9.999999999996876943e-01,4.762003810992435025e-11,7.244678989557696847e-01,9.999999997472083235e-01,9.999999999999693578e-01,0.000000000000000000e+00,4.429759479992347315e-01,-5.613998412931745507e-01
9.999999999998873124e-01,9.652555993259440668e-11,9.999999999999887867e-01,5.188541485954021315e-01,9.999999999999760192e-01,0.000000000000000000e+00,4.429759546133345549e-01,-7.159364220031537718e-01
9.999999999997749578e-01,3.628965496376291840e-13,9.999999999999950040e-01,5.308786850703792748e-01,9.999999999999992228e-01,0.000000000000000000e+00,4.429759545231264362e-01,-7.150026176673728306e-01
9.999999999982513987e-01,1.126379855140885509e-13,5.820874192169761541e-01,9.999999982936921272e-01,9.999999999999990008e-01,0.000000000000000000e+00,4.429759464466458962e-01,-5.008517079048032672e-01
9.999999999995927702e-01,6.660607262700646900e-12,3.504271966336877098e-01,9.999999951864476655e-01,9.999999999999921174e-01,0.000000000000000000e+00,4.429759439205055993e-01,-4.023368407299067195e-01
9.999999999977394749e-01,6.672846154155331695e-14,4.655840018834046523e-01,9.999999971429829326e-01,9.999999999999342748e-01,0.000000000000000000e+00,4.429759451762336764e-01,-4.513079469453641357e-01
9.999999999991123767e-01,5.315139972523593603e-13,3.419189927617092284e-01,9.999999983180175578e-01,9.999999999999900080e-01,0.000000000000000000e+00,4.429759438277278139e-01,-3.987186769237659467e-01
9.999999999999996669e-01,3.700234466303328663e-11,9.999999999999996669e-01,2.628153332176075274e-02,9.999999999999836797e-01,0.000000000000000000e+00,4.429759583086164687e-01,-7.541887442363278682e-01
9.999999999993973709e-01,1.422607596076983057e-11,3.099345411599012667e-01,9.999999987794935263e-01,9.999999999999920064e-01,0.000000000000000000e+00,4.429759434789531380e-01,-3.851171013829212120e-01
9.999999999999898970e-01,3.664025742045630141e-01,9.999999999999976685e-01,2.875477633779155440e-14,9.999999999999799050e-01,0.000000000000000000e+00,4.429759614096667741e-01,-7.562836146103434354e-01
9.999999999996876943e-01,4.762003810992435025e-11,7.782398612951086925e-01,9.999999997472083235e-01,9.999999999999693578e-01,0.000000000000000000e+00,4.429759485855914170e-01,-5.842666834358417605e-01
9.999999999981392662e-01,1.401710695521352340e-14,9.999999999999839018e-01,3.392498871136349070e-01,9.999999999999504841e-01,0.000000000000000000e+00,4.429759559607265307e-01,-7.298841727945876157e-01
9.999999999895247127e-01,6.736573356828030056e-11,6.952082160900256991e-01,9.999999981989612374e-01,9.999999999990909494e-01,0.000000000000000000e+00,4.429759476801723439e-01,-5.489569897841674040e-01
9.999999999993534061e-01,3.743766014576903935e-12,1.001553900466767566e-01,9.999999995187223156e-01,9.999999999999734657e-01,0.000000000000000000e+00,4.429759411914150347e-01,-2.959072877985252648e-01
9.999999999999242828e-01,6.110882813870942729e-13,7.028907090406871783e-01,9.999999963994979923e-01,9.999999999999847899e-01,0.000000000000000000e+00,4.429759477639461651e-01,-5.522240150780087786e-01
9.999999999999854561e-01,1.620852484674432565e-10,1.992602775495631584e-01,9.999999998753394959e-01,9.999999999999712452e-01,0.000000000000000000e+00,4.429759422721049056e-01,-3.380522220351446228e-01
9.999999999996980193e-01,6.746658730376517596e-13,2.134199829959347317e-01,9.999999971945574551e-01,9.999999999998969713e-01,0.000000000000000000e+00,4.429759424265095613e-01,-3.440737199745683705e-01
9.999999999977043919e-01,2.290605750587202957e-13,4.027400178390320717e-01,9.999999939250958647e-01,9.999999999999913403e-01,0.000000000000000000e+00,4.429759444909510679e-01,-4.245831746516642857e-01
9.999999999997600808e-01,3.743766014576903935e-12,1.251915385699852168e-01,9.999999997639394955e-01,9.999999999999990008e-01,0.000000000000000000e+00,4.429759414644218740e-01,-3.065540566752454898e-01
9.999999999999872324e-01,8.175204090845685446e-14,9.999999999998132605e-01,3.998718926296149223e-02,9.999999999998478994e-01,0.000000000000000000e+00,4.429759582057966050e-01,-7.531243871216729557e-01
9.999999999996914690e-01,5.189650811194528320e-13,9.999999999999854561e-01,4.796186612655009562e-01,9.999999999999954481e-01,0.000000000000000000e+00,4.429759549076793812e-01,-7.189833808840034868e-01
9.999999999981307175e-01,7.272982868809025693e-12,2.449851663698046911e-01,9.999999952431317674e-01,9.999999999998692157e-01,0.000000000000000000e+00,4.429759427707122832e-01,-3.574969993588766881e-01
9.999999999999874545e-01,1.136176990027570066e-11,9.999999999999986677e-01,8.560942778292900401e-01,9.999999999998392397e-01,0.000000000000000000e+00,4.429759520833576047e-01,-6.897469472068570306e-01
9.999999999995239364e-01,1.450234647678919316e-12,4.167799931959588755e-01,9.999999990317529619e-01,9.999999999999972244e-01,0.000000000000000000e+00,4.429759446440500459e-01,-4.305537560638456052e-01
9.999999999981209475e-01,9.957722579978828193e-11,1.467285676456909771e-01,9.999999952628200184e-01,9.999999999999699130e-01,0.000000000000000000e+00,4.429759416992726240e-01,-3.157128048677150245e-01
9.999999999988842259e-01,1.085586837089240822e-12,7.454937309876700224e-01,9.999999974381527101e-01,9.999999999998770983e-01,0.000000000000000000e+00,4.429759482285110517e-01,-5.703411997764932240e-01
9.999999999999649170e-01,2.814699856469603356e-12,1.383749691935067250e-01,9.999999972510748014e-01,9.999999999999926725e-01,0.000000000000000000e+00,4.429759416081807122e-01,-3.121603880113593688e-01
9.999999999975960341e-01,6.977940987364795366e-13,2.009524217777147737e-02,9.999999999126202299e-01,9.999999999998879785e-01,0.000000000000000000e+00,4.429759403183986533e-01,-2.618612406528991743e-01
9.999999999995411448e-01,1.601163588197753005e-11,9.999999999999965583e-01,5.062859479196225587e-01,9.999999999996663780e-01,0.000000000000000000e+00,4.429759547076212445e-01,-7.169124463442088091e-01
9.999999999999134026e-01,3.900633838636974600e-12,9.999999999999764633e-01,5.928516063608600950e-01,9.999999999999963363e-01,0.000000000000000000e+00,4.429759540582053345e-01,-7.101899096902010156e-01
9.999999999999862332e-01,1.358288152189548297e-12,9.073883018720183546e-01,9.999999962961284572e-01,9.999999999999849010e-01,0.000000000000000000e+00,4.429759499938914491e-01,-6.391878150003992287e-01
9.999999999991238120e-01,1.441407123226539479e-12,7.013350417718544616e-02,9.999999979498799263e-01,9.999999999981110665e-01,0.000000000000000000e+00,4.429759408640412399e-01,-2.831403049950288464e-01
9.999999999979777288e-01,3.778866780019210575e-14,9.999999999999896749e-01,3.107857986098609415e-01,9.999999999986461940e-01,0.000000000000000000e+00,4.429759561742642182e-01,-7.320946438032002179e-01
9.999999999988775645e-01,7.924948839250069624e-12,9.490803388798880746e-01,9.999999970692428075e-01,9.999999999998632205e-01,0.000000000000000000e+00,4.429759504485225041e-01,-6.569175980343472387e-01
9.999999999979497511e-01,2.989597486255045385e-12,7.349944989278528462e-02,9.999999945598393447e-01,9.999999999996020961e-01,0.000000000000000000e+00,4.429759409007452131e-01,-2.845716934011303101e-01
9.999999999971356246e-01,7.059948791207184529e-13,1.599039712318207351e-01,9.999999971429829326e-01,9.999999999999342748e-01,0.000000000000000000e+00,4.429759418429438655e-01,-3.213157223179837763e-01
9.999999999999886757e-01,2.908777818753216840e-14,9.999999999999992228e-01,7.845452612741702358e-01,9.999999999998392397e-01,0.000000000000000000e+00,4.429759526201186848e-01,-6.953033178853983420e-01
9.999999999983268939e-01,3.678470407198595023e-14,9.999999999999812372e-01,3.905959513247170278e-01,9.999999999996338484e-01,0.000000000000000000e+00,4.429759555755281020e-01,-7.258967278322602246e-01
9.999999999994096944e-01,2.441570478632730810e-13,3.964733282792017310e-01,9.999999971290677303e-01,9.999999999999945599e-01,0.000000000000000000e+00,4.429759444226158971e-01,-4.219182279375016664e-01
9.999999999972486453e-01,1.053866141605483196e-12,1.589606161368353754e-02,9.999999990273962247e-01,9.999999999998677724e-01,0.000000000000000000e+00,4.429759402726086703e-01,-2.600755145753562703e-01
9.999999999894246816e-01,4.978542042320728511e-13,3.283037265909107272e-01,9.999999964006021091e-01,9.999999999999318323e-01,0.000000000000000000e+00,4.429759436792600757e-01,-3.929287053341016245e-01
9.999999999997746247e-01,1.730150962260601899e-12,9.999999999999777955e-01,6.186042423277335889e-01,9.999999999999871214e-01,0.000000000000000000e+00,4.429759538650089312e-01,-7.081900053128696859e-01
9.999999999995743405e-01,6.965307737147765089e-13,9.999999999999966693e-01,8.718832870535926372e-01,9.999999999999873435e-01,0.000000000000000000e+00,4.429759519649084099e-01,-6.885208005435304868e-01
9.999999999998588907e-01,1.642575819033784155e-15,1.844223844543341484e-01,9.999999960485327355e-01,9.999999999998653299e-01,0.000000000000000000e+00,4.429759421103050543e-01,-3.317423213283042793e-01
9.999999999991004973e-01,4.146318998803683047e-16,6.581000792848311631e-01,9.999999983276378623e-01,9.999999999998470113e-01,0.000000000000000000e+00,4.429759472755264160e-01,-5.331765371061921721e-01
9.999999999946196372e-01,1.377960577491687165e-12,9.999999999999832356e-01,2.184287745177453388e-01,9.999999999995969890e-01,0.000000000000000000e+00,4.429759568671270409e-01,-7.392669277191553645e-01
9.999999999999980016e-01,1.609448703156817506e-13,9.999999999999777955e-01,7.457630556419159173e-01,9.999999999999448219e-01,0.000000000000000000e+00,4.429759529110629535e-01,-6.983150757074149118e-01
9.999999999998029354e-01,9.082673463013300094e-14,5.123467115870427024e-01,9.999999973703191936e-01,9.999999999999843459e-01,0.000000000000000000e+00,4.429759456861579459e-01,-4.711940633060601735e-01
9.999999999994115818e-01,7.059948791207184529e-13,1.679740119974151846e-01,9.999999973089837013e-01,9.999999999999636957e-01,0.000000000000000000e+00,4.429759419309436397e-01,-3.247475544395223013e-01
9.999999999999870104e-01,1.207612147334723466e-11,9.352287612983412046e-01,9.999999977509677063e-01,9.999999999999428235e-01,0.000000000000000000e+00,4.429759502974778829e-01,-6.510271334300391510e-01
9.999999999998947509e-01,9.080791462843864957e-13,6.992107806243743617e-01,9.999999987686559733e-01,1.000000000000000000e+00,0.000000000000000000e+00,4.429759477238183196e-01,-5.506591037671432209e-01
9.999999999999110711e-01,4.046618907624238159e-12,7.411040336343711621e-01,9.999999977336528900e-01,9.999999999999887867e-01,0.000000000000000000e+00,4.429759481806435639e-01,-5.684744552262120942e-01
9.999999999997944977e-01,2.643787915283971866e-13,9.578097652417871810e-01,9.999999980068917660e-01,9.999999999999752420e-01,0.000000000000000000e+00,4.429759505437125822e-01,-6.606298376852551835e-01
9.999999999999938938e-01,6.122780814468754434e-13,5.639857855355251415e-01,9.999999977639026927e-01,9.999999999999631406e-01,0.000000000000000000e+00,4.429759462492565136e-01,-4.931538821289166430e-01
9.999999999995144995e-01,2.528206075071054879e-13,8.887848948396593896e-01,9.999999997858177725e-01,9.999999999999943379e-01,0.000000000000000000e+00,4.429759497910304433e-01,-6.312766068528504748e-01
9.999999999973976372e-01,2.910412459485552428e-12,8.269283934020005278e-01,9.999999980437008773e-01,9.999999999999992228e-01,0.000000000000000000e+00,4.429759491165158325e-01,-6.049717672103299693e-01
9.999999999988865573e-01,2.521528704718819944e-13,9.999999999999756861e-01,6.322167269766245656e-01,9.999999999998939737e-01,0.000000000000000000e+00,4.429759537628880084e-01,-7.071328837167906167e-01
9.999999999995485833e-01,6.572102429880783266e-13,1.190115658874583704e-01,9.999999978943990842e-01,9.999999999999987788e-01,0.000000000000000000e+00,4.429759413970323356e-01,-3.039259872161942377e-01
9.999999999974258369e-01,7.920518485682112474e-13,9.999999999998150368e-01,2.484006919773695810e-01,9.999999999999600320e-01,0.000000000000000000e+00,4.429759566422775685e-01,-7.369393613683478117e-01
9.999999999997822853e-01,7.937818005764813392e-12,5.006818999054789554e-01,9.999999991006492950e-01,9.999999999998360201e-01,0.000000000000000000e+00,4.429759455589589168e-01,-4.662335336366473237e-01
9.999999999979258813e-01,2.861262212436145466e-12,9.885205627236550718e-01,9.999999992192470932e-01,9.999999999999745759e-01,0.000000000000000000e+00,4.429759508785987010e-01,-6.736897842159553784e-01
9.999999999993534061e-01,2.922681633631016528e-12,8.197335526997036326e-02,9.999999988908930826e-01,9.999999999999303890e-01,0.000000000000000000e+00,4.429759409931489644e-01,-2.881752709929062961e-01
9.999999999998436806e-01,5.509639492408536248e-12,9.999999999998154809e-01,1.122564525297837790e-01,9.999999999999650280e-01,0.000000000000000000e+00,4.429759576636322915e-01,-7.475120833510379148e-01
9.999999999994991784e-01,7.501657852189071025e-13,7.871582492675059939e-01,9.999999982875114046e-01,9.999999999999329425e-01,0.000000000000000000e+00,4.429759486828420689e-01,-5.880592803047958173e-01
9.999999999999609201e-01,6.973191514070172739e-13,9.999999999999995559e-01,8.271061154279909511e-01,9.999999999999611422e-01,0.000000000000000000e+00,4.429759523008269251e-01,-6.919981168716099473e-01
9.999999999992221777e-01,5.923234726057562830e-12,9.999999999999950040e-01,5.430927032619869976e-01,9.999999999997937206e-01,0.000000000000000000e+00,4.429759544314968434e-01,-7.140540985149798070e-01
9.999999999993860467e-01,6.336158420851977442e-13,9.999999999999699130e-01,6.967274489439169161e-01,9.999999999999971134e-01,0.000000000000000000e+00,4.429759532789283027e-01,-7.021230946069717538e-01
9.999999999993430810e-01,5.565802497148802337e-12,3.640207092636664199e-01,9.999999988648837768e-01,9.999999999999346079e-01,0.000000000000000000e+00,4.429759440687360827e-01,-4.081175613618445164e-01
9.999999999987504440e-01,9.269095566630546198e-13,6.604936822126716844e-02,9.999999947461775118e-01,9.999999999999803491e-01,0.000000000000000000e+00,4.429759408195057535e-01,-2.814035024913782435e-01
9.999999999989076516e-01,6.122780814468754434e-13,4.923999497496112099e-01,9.999999977639026927e-01,9.999999999999293898e-01,0.000000000000000000e+00,4.429759454686483244e-01,-4.627115858951470484e-01
9.999999999991349142e-01,2.921284247625399487e-11,1.816442315498710824e-01,9.999999997969456489e-01,9.999999999999948930e-01,0.000000000000000000e+00,4.429759420800106207e-01,-3.305608952320487903e-01
9.999999999998521183e-01,2.576635210117721328e-12,9.123750621399553951e-02,9.999999977843274657e-01,9.999999999999940048e-01,0.000000000000000000e+00,4.429759410941699338e-01,-2.921149055645558823e-01
9.999999999996602718e-01,6.620141907678361377e-12,8.502793892391448116e-01,9.999999988160880315e-01,9.999999999999921174e-01,0.000000000000000000e+00,4.429759493711469265e-01,-6.149019149909150661e-01
9.999999999990254462e-01,1.454844589160479162e-12,2.633272816444521269e-01,9.999999971417536937e-01,9.999999999999948930e-01,0.000000000000000000e+00,4.429759429707240126e-01,-3.652970912360006261e-01
9.999999999992215116e-01,5.923234726057562830e-12,9.999999999999942268e-01,5.791936076473178652e-01,9.999999999999817923e-01,0.000000000000000000e+00,4.429759541606676509e-01,-7.112505658275275477e-01
9.999999999997351008e-01,1.664449411669070807e-11,8.370182285358321872e-01,9.999999970702481145e-01,9.999999999999927836e-01,0.000000000000000000e+00,4.429759492265405441e-01,-6.092625288133547423e-01
9.999999999985206278e-01,3.368216709238758041e-11,7.703311388775214708e-01,9.999999968846084997e-01,9.999999999997499778e-01,0.000000000000000000e+00,4.429759484993507357e-01,-5.809034530973539168e-01
9.999999999998335776e-01,1.595130584919986739e-13,8.019369544321486298e-01,9.999999991428683010e-01,9.999999999999974465e-01,0.000000000000000000e+00,4.429759488439965476e-01,-5.943440112280390375e-01
9.999999999989246380e-01,8.647825083641066440e-14,9.570852865503007290e-02,9.999999986644531047e-01,9.999999999999874545e-01,0.000000000000000000e+00,4.429759411429242122e-01,-2.940162339942099523e-01
9.999999999989259702e-01,6.736573356828030056e-11,6.274437990477956806e-01,9.999999980982405834e-01,9.999999999997847278e-01,0.000000000000000000e+00,4.429759469412348216e-01,-5.201397742766383780e-01
9.999999999988032906e-01,1.976662996837683970e-13,1.562300698486789319e-01,9.999999992315228292e-01,9.999999999999830136e-01,0.000000000000000000e+00,4.429759418028817453e-01,-3.197533740596251173e-01
9.999999999992902344e-01,8.905385798133883650e-13,9.999999999999984457e-01,3.550733273788760358e-01,9.999999999999871214e-01,0.000000000000000000e+00,4.429759558420189869e-01,-7.286553522775068847e-01
9.999999999992983390e-01,7.501657852189071025e-13,2.257032856529566645e-01,9.999999982875114046e-01,9.999999999999636957e-01,0.000000000000000000e+00,4.429759425604528622e-01,-3.492972663366987751e-01
9.999999999992561506e-01,5.548185958405243621e-13,9.999999999999756861e-01,8.837148968389916259e-01,9.999999999999934497e-01,0.000000000000000000e+00,4.429759518761476333e-01,-6.876019785547077268e-01
9.999999999999962252e-01,1.009466341164076541e-11,4.336368585672693565e-01,9.999999981542990746e-01,9.999999999999272804e-01,0.000000000000000000e+00,4.429759448278658418e-01,-4.377222369292624871e-01
9.999999999996912470e-01,1.659726708373915625e-14,7.743421285012422883e-01,9.999999977646625293e-01,9.999999999997093436e-01,0.000000000000000000e+00,4.429759485430885824e-01,-5.826091498744115915e-01
9.999999999993549604e-01,1.314459904430824837e-13,3.550307364368516794e-01,9.999999983745772036e-01,9.999999999999729106e-01,0.000000000000000000e+00,4.429759439707048885e-01,-4.042945227648203632e-01
9.999999999997222222e-01,1.657147203941773851e-11,9.999999999999978906e-01,2.589354278913068019e-01,9.999999999987161381e-01,0.000000000000000000e+00,4.429759565632459539e-01,-7.361212523210528547e-01
9.999999999998558931e-01,2.768315899797673680e-15,1.042945104321058580e-01,9.999999997390357498e-01,9.999999999998993028e-01,0.000000000000000000e+00,4.429759412365500970e-01,-2.976674729838674205e-01
9.999999999999835687e-01,4.286197748530891251e-13,7.286875796126360827e-01,9.999999991112541453e-01,9.999999999999746869e-01,0.000000000000000000e+00,4.429759480452482578e-01,-5.631942852734742599e-01
9.999999999993879340e-01,3.119495379742039793e-12,4.083254387868118784e-01,9.999999971290677303e-01,9.999999999999917843e-01,0.000000000000000000e+00,4.429759445518572925e-01,-4.269584073966666837e-01
9.999999999994930722e-01,1.728770382056330527e-10,7.562110922775278077e-01,9.999999995971733391e-01,9.999999999999718003e-01,0.000000000000000000e+00,4.429759483453785673e-01,-5.748988203119572704e-01
9.999999999989096500e-01,2.257585762705912491e-13,9.113112303139225823e-01,9.999999986306965516e-01,9.999999999999887867e-01,0.000000000000000000e+00,4.429759500366690084e-01,-6.408560631300125321e-01
9.999999999999374944e-01,1.445550734353892995e-11,9.999999999999860112e-01,6.808481385313894796e-01,9.999999999999953371e-01,0.000000000000000000e+00,4.429759533980549557e-01,-7.033562539006873449e-01
9.999999999986581845e-01,2.969269228643230863e-11,4.369628750775051973e-01,9.999999972546215199e-01,9.999999999999346079e-01,0.000000000000000000e+00,4.429759448641344410e-01,-4.391366450139563282e-01
9.999999999999631406e-01,6.516963524120727109e-11,6.870882118096454105e-01,9.999999982105520768e-01,9.999999999999987788e-01,0.000000000000000000e+00,4.429759475916277278e-01,-5.455039103711395443e-01
9.999999999999286127e-01,2.627992943158177188e-12,5.910970435210675111e-01,9.999999997270828667e-01,9.999999999999589217e-01,0.000000000000000000e+00,4.429759465448914191e-01,-5.046831033336197647e-01
9.999999999990586419e-01,1.375987233545566446e-12,6.371274123272023804e-01,9.999999970692428075e-01,9.999999999999702460e-01,0.000000000000000000e+00,4.429759470468298543e-01,-5.242577876589619157e-01
9.999999999976607601e-01,2.408738790429345332e-13,5.468598917423539429e-01,9.999999983056091502e-01,9.999999999999483746e-01,0.000000000000000000e+00,4.429759460625071199e-01,-4.858709953760599332e-01
9.999999999981404875e-01,3.388961893460719646e-13,9.999999999999839018e-01,3.807806561016674474e-01,9.999999999999503730e-01,0.000000000000000000e+00,4.429759556491625339e-01,-7.266589663815258282e-01
9.999999999998344657e-01,2.814285731332285262e-13,9.999999999998154809e-01,9.096072081063857340e-01,9.999999999999175104e-01,0.000000000000000000e+00,4.429759516819034015e-01,-6.855912272393619444e-01
9.999999999972616349e-01,1.280645383772227330e-12,9.659212135985127956e-01,9.999999991260343224e-01,9.999999999999736877e-01,0.000000000000000000e+00,4.429759506321639395e-01,-6.640792785524233244e-01
9.999999999996700417e-01,5.859639157457059652e-13,5.041046065718617353e-01,9.999999990087011792e-01,9.999999999998382405e-01,0.000000000000000000e+00,4.429759455962818393e-01,-4.676890597137201011e-01
9.999999999998773204e-01,3.743766014576903935e-12,5.730465333105743131e-01,9.999999997642928795e-01,9.999999999999987788e-01,0.000000000000000000e+00,4.429759463480594794e-01,-4.970070180694819983e-01
9.999999999998411271e-01,1.310700914013328729e-12,2.487228765597078173e-01,9.999999998018692660e-01,9.999999999999827915e-01,0.000000000000000000e+00,4.429759428114701247e-01,-3.590864821703524390e-01
9.999999999997387645e-01,7.192394011684917011e-13,6.174233033568014006e-01,9.999999996530231083e-01,9.999999999998825384e-01,0.000000000000000000e+00,4.429759468319662830e-01,-5.158784996333273254e-01
9.999999999996466160e-01,1.212508982550890620e-11,9.260566814227314536e-01,9.999999971057005332e-01,9.999999999999690248e-01,0.000000000000000000e+00,4.429759501974608882e-01,-6.471266527558933168e-01
9.999999999999954481e-01,1.225392516994828492e-12,6.108656227839459607e-02,9.999999993630742656e-01,9.999999999999971134e-01,0.000000000000000000e+00,4.429759407653887648e-01,-2.792930398185210494e-01
9.999999999997749578e-01,2.867198954915332918e-12,9.999999999999950040e-01,2.731527932640635536e-01,9.999999999999968914e-01,0.000000000000000000e+00,4.429759564565872165e-01,-7.350171567534707906e-01
9.999999999999220623e-01,3.407212771963151951e-13,1.301549801822529384e-01,9.999999969324531168e-01,9.999999999999085176e-01,0.000000000000000000e+00,4.429759415185458016e-01,-3.086647895314263979e-01
9.999999999990738520e-01,3.160286610354959638e-13,5.597834461603987677e-01,9.999999998277113722e-01,9.999999999999467093e-01,0.000000000000000000e+00,4.429759462034321138e-01,-4.913668125186828606e-01
9.999999999995730082e-01,1.125622927371807399e-13,4.703159069665355796e-01,9.999999982498447570e-01,9.999999999999990008e-01,0.000000000000000000e+00,4.429759452278327347e-01,-4.533202172293567811e-01
9.999999999990181188e-01,5.765035193594709858e-13,9.166441859619627319e-01,9.999999988160880315e-01,9.999999999999921174e-01,0.000000000000000000e+00,4.429759500948222684e-01,-6.431239337617346008e-01
9.999999999989320765e-01,9.782716208937497868e-14,2.349392332230564040e-01,9.998449534522453330e-01,9.999999999998988587e-01,0.000000000000000000e+00,4.429759426623294805e-01,-3.532369476819402498e-01
9.999999999991233679e-01,3.341459363272356286e-13,2.855345668844409546e-01,9.999999980410736455e-01,9.999999999999985567e-01,0.000000000000000000e+00,4.429759432128834717e-01,-3.747408693714887606e-01
9.999999999989913624e-01,7.833160121598870599e-13,9.450412025774338476e-01,9.999999969189726778e-01,9.999999999998623323e-01,0.000000000000000000e+00,4.429759504044777363e-01,-6.551999316594862011e-01
9.999999999997180034e-01,1.169966889898258051e-14,8.764709791460534305e-01,9.999999995931642127e-01,9.999999999999605871e-01,0.000000000000000000e+00,4.429759496567532984e-01,-6.260400420473134497e-01
9.999999999991323607e-01,1.670605998865401833e-13,4.835947464401351703e-01,9.999999971012062394e-01,9.999999999999839018e-01,0.000000000000000000e+00,4.429759453726319629e-01,-4.589671216325622582e-01
9.999999999999550360e-01,1.022563251449976357e-10,1.430746730558628277e-01,9.999999964353647464e-01,9.999999999997201128e-01,0.000000000000000000e+00,4.429759416594286625e-01,-3.141589646870918129e-01
9.999999996440249728e-01,3.016024393003718114e-12,9.999999999999424904e-01,5.682492258781518535e-01,9.999999999999267253e-01,0.000000000000000000e+00,4.429759542427724739e-01,-7.121004872507200600e-01
9.999999999985910160e-01,3.294635748364536454e-13,3.321484803354839421e-01,9.999999993268841036e-01,9.999999999999307221e-01,0.000000000000000000e+00,4.429759437211851503e-01,-3.945637091714310207e-01
9.999999999986207699e-01,5.931438697369659270e-11,9.999999999999866773e-01,9.320983686457805506e-01,9.999999999998880895e-01,0.000000000000000000e+00,4.429759515131745928e-01,-6.838446033027513193e-01
9.999999999987193577e-01,6.743819952551927120e-12,8.840694384199987432e-01,9.999999953183844603e-01,9.999999999999052980e-01,0.000000000000000000e+00,4.429759497396107415e-01,-6.292713317201154011e-01
9.999999999993328670e-01,1.375553217438612376e-10,2.040052540842481055e-01,9.999999998668306356e-01,9.999999999999994449e-01,0.000000000000000000e+00,4.429759423238465721e-01,-3.400700511170783313e-01
9.999999999992341682e-01,4.486274571610996847e-13,9.999999999999988898e-01,7.314299482074162473e-01,9.999999999999995559e-01,0.000000000000000000e+00,4.429759530185899963e-01,-6.994281595995878176e-01
9.999999999999886757e-01,6.591055296774337814e-13,9.999999999999992228e-01,7.570046966261063659e-01,9.999999999999975575e-01,0.000000000000000000e+00,4.429759528267280810e-01,-6.974420696572730671e-01
9.999999999995413669e-01,1.280645383772227330e-12,7.910107869573650419e-01,9.999999991260343224e-01,9.999999999999915623e-01,0.000000000000000000e+00,4.429759487248520755e-01,-5.896975944724384133e-01
9.999999999996407318e-01,2.231320094396288654e-13,5.514292602229083906e-01,9.999999962464289904e-01,9.999999999999311662e-01,0.000000000000000000e+00,4.429759461123338182e-01,-4.878141462639157266e-01
9.999999999999238387e-01,8.298569221085131276e-14,5.869216284319178634e-01,9.999999973647246687e-01,9.999999999999837907e-01,0.000000000000000000e+00,4.429759464993605622e-01,-5.029074837784263119e-01
9.999999999996262989e-01,1.342475287557319271e-13,5.081546652550533727e-03,9.999999991607364525e-01,9.999999999998708811e-01,0.000000000000000000e+00,4.429759401546817243e-01,-2.554765786937017724e-01
9.999999999991159294e-01,6.667387836930459785e-11,2.715808769613535789e-01,9.999999971429829326e-01,9.999999999992684740e-01,0.000000000000000000e+00,4.429759430607253523e-01,-3.688069810183735031e-01
9.999999999983268939e-01,3.678470407198595023e-14,9.999999999999812372e-01,4.701471880585257890e-01,9.999999999999537037e-01,0.000000000000000000e+00,4.429759549787343764e-01,-7.197189188202622878e-01
9.999999999935419437e-01,4.545398537175627426e-14,3.592356047188574597e-01,9.999999990375735281e-01,9.999999999999320544e-01,0.000000000000000000e+00,4.429759440165568773e-01,-4.060826675956742404e-01
9.999999999993112176e-01,1.237367208215021476e-13,8.796037294239237303e-01,9.999999999423443420e-01,9.999999999999868994e-01,0.000000000000000000e+00,4.429759496909143612e-01,-6.273722624364129752e-01
9.999999999997561950e-01,1.412665651365622473e-12,8.729002372311598368e-01,9.999999998348930719e-01,9.999999999999990008e-01,0.000000000000000000e+00,4.429759496178161116e-01,-6.245215631013704138e-01
9.999999999999681366e-01,9.701445295422340625e-14,9.999999999999887867e-01,8.265313812115071546e-02,9.999999999999885647e-01,0.000000000000000000e+00,4.429759578857164759e-01,-7.498110246374559695e-01
9.999999999999369393e-01,1.965717934270689241e-11,9.999999999999984457e-01,1.745624831686526934e-01,9.999999999999795719e-01,0.000000000000000000e+00,4.429759571962121334e-01,-7.426735066881232639e-01
9.999999999995100586e-01,2.908588752368483771e-12,9.999999999999968914e-01,4.457082439141291097e-01,9.999999999999992228e-01,0.000000000000000000e+00,4.429759551620754410e-01,-7.216168042032250485e-01
9.999999999998361311e-01,2.820154061792985927e-13,5.564313698208256387e-02,9.999999982672305165e-01,9.999999999999183986e-01,0.000000000000000000e+00,4.429759407060309129e-01,-2.769781913927743533e-01
9.999999999992275068e-01,1.777608711484340008e-10,2.213245528837320952e-01,9.999999999674090700e-01,9.999999999999910072e-01,0.000000000000000000e+00,4.429759425127049455e-01,-3.474351844325976879e-01
9.999999999790115668e-01,9.266027611714411390e-11,7.065896151970628702e-01,9.999999945801102408e-01,9.999999999999974465e-01,0.000000000000000000e+00,4.429759478042809007e-01,-5.537969967415515837e-01
9.999999999998435696e-01,7.586293256569813189e-14,8.319910597280533171e-01,9.999999962179697555e-01,9.999999999999306111e-01,0.000000000000000000e+00,4.429759491717217279e-01,-6.071246958795989412e-01
9.999999999970941023e-01,2.418541260123114921e-12,7.192876285075496812e-01,9.999999990832599828e-01,9.999999999999219513e-01,0.000000000000000000e+00,4.429759479427464730e-01,-5.591969009752987274e-01
9.999999999975969223e-01,9.204604206175934197e-15,9.999999999999866773e-01,2.353460781314176131e-01,9.999999999994333422e-01,0.000000000000000000e+00,4.429759567402133391e-01,-7.379531596997478404e-01
9.999999999981988852e-01,7.272982868809025693e-12,9.999942008103002156e-01,9.999999952431317674e-01,9.999999999998692157e-01,0.000000000000000000e+00,4.429759510037130643e-01,-6.785690163678147480e-01
9.999999999988228305e-01,1.781927623670244181e-11,6.778366566212234989e-01,9.999999980656192333e-01,9.999999999998731015e-01,0.000000000000000000e+00,4.429759474907440930e-01,-5.415696323149091773e-01
9.999999999995239364e-01,1.450234647678919316e-12,6.477194966851063107e-01,9.999999990317529619e-01,9.999999999999972244e-01,0.000000000000000000e+00,4.429759471623312961e-01,-5.287621334607489620e-01
9.999999999975553999e-01,6.977940987364795366e-13,4.416166098837032150e-01,9.999999999380548843e-01,9.999999999990585309e-01,0.000000000000000000e+00,4.429759449148810702e-01,-4.411156728072599398e-01
9.999999999998925304e-01,2.650668137627557903e-11,1.936367204145762466e-01,9.999999998035050686e-01,9.999999999998731015e-01,0.000000000000000000e+00,4.429759422107827915e-01,-3.356607714089955286e-01
9.999999999935283990e-01,4.545398537175627426e-14,3.047746742209017645e-01,9.999999988456799160e-01,9.999999999999983347e-01,0.000000000000000000e+00,4.429759434226873127e-01,-3.829228377194310307e-01
9.999999999974287235e-01,7.514747050001821147e-12,9.999999999999530376e-01,1.511506130271940695e-01,9.999999999999907851e-01,0.000000000000000000e+00,4.429759573718480836e-01,-7.444916313117738715e-01
9.999999999998256950e-01,4.234038631897153535e-13,5.250470258841533067e-01,9.999999990150121310e-01,9.999999999999550360e-01,0.000000000000000000e+00,4.429759458246485537e-01,-4.765949462694397676e-01
9.999999999998978595e-01,1.313979742341000492e-12,9.999999999999928946e-01,4.266867427247014732e-01,9.999999999996164179e-01,0.000000000000000000e+00,4.429759553047748488e-01,-7.230939805018113953e-01
9.999999999988194999e-01,1.254717232868029444e-12,3.866171986254223203e-01,9.999999996762370946e-01,9.999999999999953371e-01,0.000000000000000000e+00,4.429759443151396470e-01,-4.177268508380124201e-01
9.999999999983933963e-01,1.137847827138783718e-12,8.677073469758248003e-02,9.999999972307609397e-01,9.999999999999807931e-01,0.000000000000000000e+00,4.429759410454620072e-01,-2.902153848405272241e-01
9.999999999992666977e-01,1.110495216249850022e-11,9.999999999999991118e-01,3.660816050792885523e-01,9.999999999996724842e-01,0.000000000000000000e+00,4.429759557594348807e-01,-7.278004688088154372e-01
9.999999999995736744e-01,4.141442278819612776e-13,9.999999999999910072e-01,4.019353620602417743e-01,9.999999999996164179e-01,0.000000000000000000e+00,4.429759554904598162e-01,-7.250161291553444132e-01
9.999999999995730082e-01,1.125622927371807399e-13,4.573464316883135705e-01,9.999999982498447570e-01,9.999999999999990008e-01,0.000000000000000000e+00,4.429759450864070303e-01,-4.478048718534995976e-01
9.999999999996714850e-01,9.999028030545848988e-01,9.999999999999973355e-01,1.033617635926020739e-13,9.999999999999329425e-01,0.000000000000000000e+00,4.429759664304079858e-01,-7.563767937467312796e-01
9.999999999999549249e-01,1.683506844656409771e-13,8.413114133291426100e-01,9.999999984196955571e-01,9.999999999999886757e-01,0.000000000000000000e+00,4.429759492733555959e-01,-6.110882307040222949e-01
9.999999999998069322e-01,6.579560152540662202e-13,3.466334339760448469e-01,9.999999997511328509e-01,9.999999999996774802e-01,0.000000000000000000e+00,4.429759438791364135e-01,-4.007235205702358583e-01
9.999999999992537081e-01,4.556997812869699670e-12,3.143374535967619066e-01,9.999999951877955873e-01,9.999999999999217293e-01,0.000000000000000000e+00,4.429759435269647327e-01,-3.869894659811091708e-01
9.999999999997979394e-01,7.347498626755245512e-13,7.742556392181054736e-02,9.999999976657530931e-01,9.999999999999803491e-01,0.000000000000000000e+00,4.429759409435575224e-01,-2.862412961625789842e-01
9.999999999988842259e-01,1.001548546809251034e-12,2.766427195918033100e-01,9.999999971505648677e-01,9.999999999998753220e-01,0.000000000000000000e+00,4.429759431159222549e-01,-3.709595592642421780e-01
9.999999999933859574e-01,1.783252802376958825e-13,1.107193325647602977e-01,9.999999980220553031e-01,9.999999999999980016e-01,0.000000000000000000e+00,4.429759413066096663e-01,-3.003996663852174231e-01
9.999999998754718344e-01,3.021654800806716716e-11,6.140924417894499943e-01,9.999999944592118384e-01,9.999999999999733546e-01,0.000000000000000000e+00,4.429759467956448926e-01,-5.144620316335491994e-01
9.999999999989179766e-01,2.910412459485552428e-12,8.978065449111107821e-01,9.999999980223425178e-01,9.999999999999918954e-01,0.000000000000000000e+00,4.429759498894070835e-01,-6.351131165590740979e-01
9.999999999991331379e-01,8.270111430749738701e-12,6.824378565038857758e-01,9.999999969773724073e-01,9.999999999999839018e-01,0.000000000000000000e+00,4.429759475409179026e-01,-5.435263196172787081e-01
9.999999999998948619e-01,5.247279520724265610e-14,9.999999999999961142e-01,8.137089971045624592e-01,9.999999999995828892e-01,0.000000000000000000e+00,4.429759524013321959e-01,-6.930385134978703787e-01
9.999999999998965272e-01,2.122824933009612138e-12,3.908177698940997757e-01,9.999999996178011719e-01,9.999999999995670130e-01,0.000000000000000000e+00,4.429759443609447844e-01,-4.195131683942620038e-01
9.999999999999935607e-01,3.248368740253767360e-13,9.999999999999776845e-01,7.971701176543322109e-01,9.999999999999448219e-01,0.000000000000000000e+00,4.429759525254069463e-01,-6.943228937623510122e-01
9.999999999893903757e-01,2.355160280457714246e-13,9.999999999999981126e-01,5.558023651310894930e-01,9.999999999999171774e-01,0.000000000000000000e+00,4.429759543361488916e-01,-7.130670885471436238e-01
9.999999999995966560e-01,6.660607262700646900e-12,3.741797148262400174e-01,9.999999951864476655e-01,9.999999999999921174e-01,0.000000000000000000e+00,4.429759441795150798e-01,-4.124377383048886125e-01
9.999999999992922328e-01,1.728770382056330527e-10,2.174276882269278732e-01,9.999999988862458000e-01,9.999999999999713562e-01,0.000000000000000000e+00,4.429759424702116033e-01,-3.457780199816727906e-01
9.999999999985602628e-01,1.808788644033166213e-12,9.999999999999940048e-01,1.874035659254357777e-01,9.999999999999861222e-01,0.000000000000000000e+00,4.429759570998783036e-01,-7.416762908054000958e-01
9.999999999986503019e-01,1.358932489121518068e-14,8.554029302853026762e-01,9.999999961944568971e-01,9.999999999998530065e-01,0.000000000000000000e+00,4.429759494270166242e-01,-6.170807310532361312e-01
9.999999999998994138e-01,9.204604206175934197e-15,9.999999999999927836e-01,9.868493012942435305e-01,9.999999999994333422e-01,0.000000000000000000e+00,4.429759511024328744e-01,-6.795927422504962623e-01
9.999999999999669154e-01,7.204718770800057608e-13,7.145391231931011999e-01,9.999999996530231083e-01,9.999999999999654721e-01,0.000000000000000000e+00,4.429759478909663373e-01,-5.571775712149092952e-01
9.999999999997625233e-01,2.934954543323779566e-12,5.298106389104779712e-01,9.999999973117450480e-01,9.999999999997893907e-01,0.000000000000000000e+00,4.429759458765934466e-01,-4.786207007606094743e-01
9.999999999996466160e-01,9.069645039438012882e-12,9.526633749009564278e-01,9.999999971057005332e-01,9.999999999999690248e-01,0.000000000000000000e+00,4.429759504875937504e-01,-6.584413050985450377e-01
9.999999999998069322e-01,3.218643247952835788e-12,5.378733464226002070e-01,9.999999990636100344e-01,9.999999999999793499e-01,0.000000000000000000e+00,4.429759459645132846e-01,-4.820494142493058076e-01
9.999999999992049693e-01,5.404408086961428456e-11,6.743347864500673916e-01,9.999999996127793001e-01,9.999999999999912292e-01,0.000000000000000000e+00,4.429759474525579166e-01,-5.400804413805094795e-01
9.999999999995200506e-01,3.408835219552597142e-12,8.215769124689169534e-01,9.999999999723714339e-01,9.999999999998996358e-01,0.000000000000000000e+00,4.429759490581605674e-01,-6.026960184283230992e-01
9.999999999991205923e-01,1.653525441220983446e-13,2.817054242773696648e-01,9.999999997475429447e-01,9.999999999999614753e-01,0.000000000000000000e+00,4.429759431711285389e-01,-3.731125039024690837e-01
9.999999999995730082e-01,1.113044205336455603e-13,4.520273014158777136e-01,9.999999982498447570e-01,9.999999999999990008e-01,0.000000000000000000e+00,4.429759450284045386e-01,-4.455428805288789151e-01
9.999999999996364020e-01,6.019548928625306966e-13,9.999999999999987788e-01,7.705869016908031277e-01,9.999999999998427924e-01,0.000000000000000000e+00,4.429759527248343653e-01,-6.963872995200913740e-01
9.999999999972937204e-01,2.886933455617099510e-11,4.292399274955020494e-01,9.999999999258070149e-01,9.999999999999896749e-01,0.000000000000000000e+00,4.429759447799194727e-01,-4.358524160825180127e-01
9.999999999986324273e-01,1.425722691921407242e-13,9.999999999999860112e-01,4.582413329453171036e-01,9.999999999997843947e-01,0.000000000000000000e+00,4.429759550680521518e-01,-7.206435065708812759e-01
9.999999999995697886e-01,1.246212346456764366e-13,6.048960736280311057e-01,9.999999989135937017e-01,9.999999999998870903e-01,0.000000000000000000e+00,4.429759466953629987e-01,-5.105512218260713775e-01
9.999999999990205612e-01,7.205179118139927941e-12,4.121987470975120305e-01,9.999999951861210379e-01,9.999999999999217293e-01,0.000000000000000000e+00,4.429759445940938400e-01,-4.286055546084356349e-01
9.999999999922567495e-01,3.016024393003718114e-12,9.999999999999424904e-01,9.700380820597218623e-01,9.999999999999267253e-01,0.000000000000000000e+00,4.429759512285507128e-01,-6.808982719434938380e-01
9.999999999992443822e-01,1.099636870262991250e-11,4.459895096912114831e-01,9.999999951877955873e-01,9.999999999999217293e-01,0.000000000000000000e+00,4.429759449625654266e-01,-4.429752744491198824e-01
9.999999999953533836e-01,5.982901808330829695e-12,4.609159575276470244e-01,9.999999951435034617e-01,9.999999999999217293e-01,0.000000000000000000e+00,4.429759451253309499e-01,-4.493228338787907949e-01
9.999999999999337197e-01,4.572518914051687196e-12,6.913772530375137393e-01,9.999999969530303234e-01,9.999999999999813483e-01,0.000000000000000000e+00,4.429759476383975936e-01,-5.473278503892745617e-01
9.999999999999550360e-01,1.106646825245816696e-10,2.082272411931694600e-01,9.999999964353647464e-01,9.999999999997201128e-01,0.000000000000000000e+00,4.429759423698852450e-01,-3.418654761466649594e-01
9.999999999999986677e-01,9.853628524575908424e-14,3.195548903930869322e-01,9.999999981610984134e-01,9.999999999999922284e-01,0.000000000000000000e+00,4.429759435838582782e-01,-3.892082113271836397e-01
9.999999999996700417e-01,1.533537191294725632e-13,5.084330064227222667e-01,9.999999982046334779e-01,9.999999999999267253e-01,0.000000000000000000e+00,4.429759456434809173e-01,-4.695297371810648324e-01
9.999999999999940048e-01,7.248383368683779491e-13,6.224193533591094729e-01,9.999999983278571314e-01,9.999999999999785727e-01,0.000000000000000000e+00,4.429759468864457594e-01,-5.180030992818781543e-01
9.999999999999652500e-01,4.287333370504728662e-13,7.657618606974730957e-01,9.999999991112541453e-01,9.999999999999991118e-01,0.000000000000000000e+00,4.429759484495250366e-01,-5.789603405968467564e-01
9.999999999998804290e-01,1.922321785831023824e-12,6.322248039556022103e-01,9.999999981922157444e-01,9.999999999999997780e-01,0.000000000000000000e+00,4.429759469933693405e-01,-5.221729246277105885e-01
9.999999999998523403e-01,8.693443890290190455e-14,1.520184853056384677e-01,9.999999998915225508e-01,9.999999999999996669e-01,0.000000000000000000e+00,4.429759417569564817e-01,-3.179623729978412472e-01
9.999999999996170841e-01,3.546323820319673119e-12,8.600418037956990558e-01,9.999999997057431589e-01,9.999999999999629186e-01,0.000000000000000000e+00,4.429759494776012163e-01,-6.190534389294638506e-01
9.999999999998724354e-01,7.807533298387868042e-11,9.999999999998154809e-01,1.373360167833641010e-01,9.999999999999529265e-01,0.000000000000000000e+00,4.429759574754852380e-01,-7.455644485381466291e-01
9.999999999993877120e-01,1.634720474102107155e-11,3.658167993997307743e-02,9.999999978964775327e-01,9.999999999999888978e-01,0.000000000000000000e+00,4.429759404981751247e-01,-2.688721950952203121e-01
9.999999999997122302e-01,2.059419547252966978e-12,1.339552407076547991e-01,9.999999996423436510e-01,9.999999999999983347e-01,0.000000000000000000e+00,4.429759415599857642e-01,-3.102808723827118476e-01
9.999999999996119771e-01,1.224127887562459273e-11,9.228317555510022752e-01,9.999999971057005332e-01,9.999999999999690248e-01,0.000000000000000000e+00,4.429759501622946849e-01,-6.457552341266935558e-01
9.999999999976466603e-01,5.905146660797145138e-14,3.688494598960894155e-01,9.999999981634511981e-01,9.999999999999994449e-01,0.000000000000000000e+00,4.429759441213912408e-01,-4.101710159237174080e-01
9.999999999987229105e-01,4.811421360500807172e-10,9.999999999999984457e-01,4.940326268273351751e-01,9.999999999995828892e-01,0.000000000000000000e+00,4.429759547995457125e-01,-7.178640176911824655e-01
9.999999999998726574e-01,9.143777466851239562e-14,9.999999999999822364e-01,9.526617294332634378e-01,9.999999999999389377e-01,0.000000000000000000e+00,4.429759513589081599e-01,-6.822476889014114088e-01
9.999999999997544187e-01,4.308657297806131219e-14,4.969837989242318899e-01,9.999999962669510190e-01,9.999999999999982236e-01,0.000000000000000000e+00,4.429759455186329520e-01,-4.646608947394391675e-01
9.999999999970994313e-01,1.644852576998946650e-13,3.182605059076920595e-02,9.999999996466091279e-01,9.999999999999837907e-01,0.000000000000000000e+00,4.429759404463173289e-01,-2.668498357059471138e-01
9.999999999938118389e-01,2.225697610319451974e-13,6.093872227049361712e-01,9.999999982021318123e-01,9.999999999999266143e-01,0.000000000000000000e+00,4.429759467443367682e-01,-5.124611093489995772e-01
9.999999999999716893e-01,4.531799732705493942e-12,4.071672426193975736e-02,9.999999993872695780e-01,9.999999999999995559e-01,0.000000000000000000e+00,4.429759405432657782e-01,-2.706306468124232145e-01
9.999999999988228305e-01,1.783059601157086705e-11,3.242259043254914763e-01,9.999999980649104669e-01,9.999999999999562572e-01,0.000000000000000000e+00,4.429759436347934232e-01,-3.911945873864391965e-01
9.999999999971079800e-01,3.368216709238758041e-11,7.829812316643778303e-01,9.999999998859330219e-01,9.999999999997499778e-01,0.000000000000000000e+00,4.429759486372937261e-01,-5.862829789635172206e-01
9.999999999996985744e-01,5.532572170837358531e-13,9.999999999999887867e-01,6.700934797461072234e-02,9.999999999997771782e-01,0.000000000000000000e+00,4.429759580030762645e-01,-7.510258938431241260e-01
9.999999999990282218e-01,5.970037576420628063e-13,9.999999999999699130e-01,7.076843337835101444e-01,9.999999999999971134e-01,0.000000000000000000e+00,4.429759531967296660e-01,-7.012722022165197577e-01
9.999999999998804290e-01,1.922321785831023824e-12,6.527238876688976621e-01,9.999999981922157444e-01,9.999999999999997780e-01,0.000000000000000000e+00,4.429759472169017553e-01,-5.308902801214111511e-01
9.999999999971811437e-01,4.599362119817508200e-11,7.955018904378191591e-01,9.999999991620874829e-01,9.999999999998852029e-01,0.000000000000000000e+00,4.429759487738253454e-01,-5.916074625473412008e-01
9.999999999998558931e-01,2.768315899797673680e-15,3.369690777814344784e-01,9.999999997390357498e-01,9.999999999999027445e-01,0.000000000000000000e+00,4.429759437737513794e-01,-3.966136964567600343e-01
9.999999999998994138e-01,9.204604206175934197e-15,3.822464056336331573e-01,9.999197566510286128e-01,9.999999999998003819e-01,0.000000000000000000e+00,4.429759442680802906e-01,-4.158743770334528689e-01
9.999999999999209521e-01,3.859278108844404339e-13,6.427038929583928084e-01,9.999999988983251376e-01,9.999999999999533706e-01,0.000000000000000000e+00,4.429759471076386013e-01,-5.266292185892708089e-01
9.999999999996980193e-01,6.746658730376517596e-13,1.886509956518526154e-01,9.999999971954695033e-01,9.999999999999596989e-01,0.000000000000000000e+00,4.429759421564159472e-01,-3.335405629347715228e-01
9.999999999979470866e-01,1.568546688945996450e-13,4.512224802341274765e-02,9.999999978890725671e-01,9.999999999999951150e-01,0.000000000000000000e+00,4.429759405913058501e-01,-2.725041217290470330e-01
9.999999999974258369e-01,8.602658153030915136e-12,9.999999999998150368e-01,9.419507687173260813e-01,9.999999999999600320e-01,0.000000000000000000e+00,4.429759514392618835e-01,-6.830794832557481877e-01
9.999999999986547428e-01,4.304627651228535535e-14,4.750329127511825344e-01,9.999999979569703656e-01,9.999999999999982236e-01,0.000000000000000000e+00,4.429759452792693675e-01,-4.553261516088659144e-01
9.999999999997233324e-01,1.646453227561344209e-11,9.925979725917043472e-01,9.999999971057005332e-01,9.999999999996880273e-01,0.000000000000000000e+00,4.429759509230608572e-01,-6.754237268246389148e-01
9.999999999991004973e-01,4.146318998803683047e-16,6.636148204860374822e-01,9.999999983276378623e-01,9.999999999998470113e-01,0.000000000000000000e+00,4.429759473356619792e-01,-5.355217131235935346e-01
9.999999999981307175e-01,7.272982868809025693e-12,9.790511121251157522e-01,9.999999952431317674e-01,9.999999999998692157e-01,0.000000000000000000e+00,4.429759507753390224e-01,-6.696628451571354779e-01
9.999999999998655520e-01,6.620141907678361377e-12,8.452847963309768620e-01,9.999999986667399421e-01,9.999999999999921174e-01,0.000000000000000000e+00,4.429759493166833817e-01,-6.127779350948548975e-01
9.999999999998575584e-01,2.279059134965923905e-13,9.028534029573745956e-01,9.999999983030845030e-01,9.999999999999897859e-01,0.000000000000000000e+00,4.429759499444406168e-01,-6.372593225000010575e-01
9.999999999999078515e-01,2.880614650652287852e-11,6.684244893220183670e-01,9.999999998415280977e-01,9.999999999999913403e-01,0.000000000000000000e+00,4.429759473881090259e-01,-5.375670528678143656e-01
9.999999999994341193e-01,2.753131324136824874e-11,1.772114925487562054e-01,9.999999998857425076e-01,9.999999999999981126e-01,0.000000000000000000e+00,4.429759420316737861e-01,-3.286758469847009811e-01
9.999999999992076338e-01,8.687666618327086286e-13,5.564870644965665969e-01,9.999999991357435558e-01,9.999999999997231104e-01,0.000000000000000000e+00,4.429759461674867005e-01,-4.899650069498292515e-01
9.999999999999242828e-01,7.641714026100195916e-12,8.161742781037366612e-01,9.999999963994979923e-01,9.999999999999822364e-01,0.000000000000000000e+00,4.429759489992475263e-01,-6.003985167778042031e-01
9.999999999986708410e-01,1.775331960490722545e-13,1.148307418183964757e-01,9.999999980122404875e-01,9.999999999999994449e-01,0.000000000000000000e+00,4.429759413514425259e-01,-3.021480672677389068e-01
9.999999999990433208e-01,1.027166798601879018e-11,9.715089792544745473e-01,9.999280397464169745e-01,9.999999999999913403e-01,0.000000000000000000e+00,4.429759506936356006e-01,-6.664610968871028662e-01
9.999999999979497511e-01,2.989597486255045385e-12,5.016554991081262349e-02,9.999999997955274500e-01,9.999999999998238076e-01,0.000000000000000000e+00,4.429759406463005256e-01,-2.746488152677736272e-01
9.999999999970623499e-01,1.648948580149322039e-13,2.669991483328462700e-01,9.999999969343466022e-01,9.999999999999960032e-01,0.000000000000000000e+00,4.429759430107638729e-01,-3.668585740817923435e-01
9.999999999971822540e-01,2.772890690092102831e-12,2.584966464366533767e-01,9.999999971429829326e-01,9.999999999999936717e-01,0.000000000000000000e+00,4.429759429180483155e-01,-3.632428353011888378e-01
9.999999999996193045e-01,1.268672976297189025e-13,2.958597086087407790e-01,9.999999990801795580e-01,9.999999999999985567e-01,0.000000000000000000e+00,4.429759433254740197e-01,-3.791316963246801341e-01
9.999999999935283990e-01,1.332212132855108389e-13,2.999228805457849756e-01,9.999999988456799160e-01,9.999999999998753220e-01,0.000000000000000000e+00,4.429759433697809112e-01,-3.808595840227974039e-01
9.999999999981988852e-01,7.272982868809025693e-12,5.330858546510111040e-01,9.999999950752550548e-01,9.999999999998734346e-01,0.000000000000000000e+00,4.429759459123080445e-01,-4.800135056238138409e-01
9.999999999999286127e-01,2.627992943158177188e-12,5.770094636426217338e-01,9.999999997270828667e-01,9.999999999999589217e-01,0.000000000000000000e+00,4.429759463912733009e-01,-4.986922774230472255e-01
9.999999999994088062e-01,2.543578530797891181e-13,7.104411427000151269e-01,9.999999964191419455e-01,9.999999999998402389e-01,0.000000000000000000e+00,4.429759478462799160e-01,-5.554348812431094684e-01
9.999999999981431520e-01,5.146322348176732745e-13,3.788238361318599368e-01,9.999999951997560199e-01,9.999999999999988898e-01,0.000000000000000000e+00,4.429759442301569039e-01,-4.144126781084728206e-01
9.999999996440249728e-01,3.016024393003718114e-12,9.999999999999390488e-01,6.464626617224552563e-01,9.999999999999267253e-01,0.000000000000000000e+00,4.429759536560149424e-01,-7.060265695019479759e-01
9.999999999991804334e-01,1.892991213326916916e-11,8.674149257956188519e-01,9.999999961122489900e-01,9.999999999997922773e-01,0.000000000000000000e+00,4.429759495580015138e-01,-6.221889025519732330e-01
9.999999999995593525e-01,3.680692783763028652e-13,4.878504516509328259e-01,9.999999981343895561e-01,9.999999999999865663e-01,0.000000000000000000e+00,4.429759454190382861e-01,-4.607768851359818063e-01
9.999999999999870104e-01,1.207612147334723466e-11,9.821651134788317306e-01,9.999999981410353511e-01,9.999999999999555911e-01,0.000000000000000000e+00,4.429759508092956377e-01,-6.709870922593547116e-01
9.999999999991205923e-01,7.320827766472120836e-14,2.905467628126250368e-01,9.999999997475429447e-01,9.999999999997478684e-01,0.000000000000000000e+00,4.429759432675389741e-01,-3.768723349332468997e-01
9.999999999995894395e-01,2.875704651213061997e-13,5.418437810967845492e-01,9.999999997592742274e-01,9.999999999997946087e-01,0.000000000000000000e+00,4.429759460078088740e-01,-4.837378648117330870e-01
9.999999999976195708e-01,7.210013763814383170e-13,8.871425837264301784e-03,9.999999999126202299e-01,9.999999999998697708e-01,0.000000000000000000e+00,4.429759401960084997e-01,-2.570882469707717055e-01
9.999999999989320765e-01,8.039974943173560073e-14,2.393963434798683232e-01,9.998461735920785021e-01,9.999999999998988587e-01,0.000000000000000000e+00,4.429759427109229430e-01,-3.551322651875540304e-01
9.999999999989956923e-01,7.833160121598870599e-13,4.225748954007051417e-01,9.999999983139253867e-01,9.999999999998623323e-01,0.000000000000000000e+00,4.429759447072406098e-01,-4.330180722458546461e-01
9.999999999797573036e-01,1.609448703156817506e-13,9.999999999999777955e-01,7.192433829766388120e-01,9.999999999999448219e-01,0.000000000000000000e+00,4.429759531100136427e-01,-7.003745468022285481e-01
9.999999999976290077e-01,3.182145392728474851e-13,7.328489439582542841e-01,9.999999980421494516e-01,9.999999999999487077e-01,0.000000000000000000e+00,4.429759480906259039e-01,-5.649639299342114063e-01
9.999999999997043476e-01,3.752130439741646472e-13,1.723946857372411212e-01,9.999999971954695033e-01,9.999999999999596989e-01,0.000000000000000000e+00,4.429759419791489128e-01,-3.266274718653262576e-01
9.999999999971356246e-01,7.432200754385661530e-13,5.684011350889733860e-01,9.999999977331640588e-01,9.999999999999342748e-01,0.000000000000000000e+00,4.429759462974037221e-01,-4.950315354066511242e-01
9.999999999972496445e-01,1.648948580149322039e-13,2.537929446343213380e-01,9.999999969541231160e-01,9.999999999999960032e-01,0.000000000000000000e+00,4.429759428667567334e-01,-3.612425585561968022e-01
9.999999999971811437e-01,4.491409065283427388e-11,8.060197760297370673e-01,9.999999997987557565e-01,9.999999999999830136e-01,0.000000000000000000e+00,4.429759488885177121e-01,-5.960802549906408787e-01
9.999999999996262989e-01,4.648031795472361300e-14,1.304472947549217832e-02,9.999999991607364525e-01,9.999999999999924505e-01,0.000000000000000000e+00,4.429759402415163194e-01,-2.588629688615154967e-01
9.999999999998052669e-01,3.413501786771614325e-12,6.003087601747093549e-01,9.999999988493903924e-01,9.999999999999983347e-01,0.000000000000000000e+00,4.429759466453406236e-01,-5.086004398988347441e-01
9.999999999991323607e-01,1.670605998865401833e-13,9.416590194177503204e-01,9.999999972690830630e-01,9.999999999999795719e-01,0.000000000000000000e+00,4.429759503675966825e-01,-6.537616384207690645e-01
9.999999999983849586e-01,2.100745941614798913e-14,9.949670035055702133e-01,9.992350028237835247e-01,9.999999999986315391e-01,0.000000000000000000e+00,4.429759509546329355e-01,-6.764905792140450957e-01
9.999999999990546451e-01,6.274261570365738254e-13,5.955380968164544209e-01,9.999999980841227654e-01,9.999999999997820632e-01,0.000000000000000000e+00,4.429759465933189033e-01,-5.065716874044051687e-01
9.999999999998228084e-01,3.523575826988706811e-12,8.638774876060808516e-01,9.999999999080184665e-01,9.999999999999978906e-01,0.000000000000000000e+00,4.429759495194274810e-01,-6.206845859341941773e-01
9.999999999996912470e-01,1.015652284491020386e-14,7.614973531372718485e-01,9.999999977504270277e-01,9.999999999997062350e-01,0.000000000000000000e+00,4.429759484030226790e-01,-5.771468338691051470e-01
9.999999999997630784e-01,7.773201565648033459e-12,8.117224805966419821e-01,9.999999996610841047e-01,9.999999999999389377e-01,0.000000000000000000e+00,4.429759489507028580e-01,-5.985053635421008211e-01
9.999999999999712452e-01,4.696814812527670557e-10,9.999999999999991118e-01,2.987885360516753797e-01,9.999999999999947820e-01,0.000000000000000000e+00,4.429759562642677784e-01,-7.330263300949221295e-01
9.999999999998506750e-01,3.743766014576903935e-12,9.745791395671405954e-01,9.996779848624274267e-01,9.999999999999990008e-01,0.000000000000000000e+00,4.429759507289900977e-01,-6.677861193761610581e-01
9.999999999997516431e-01,2.934954543323779566e-12,5.166849227306093972e-01,9.999999983293510475e-01,9.999999999999742428e-01,0.000000000000000000e+00,4.429759457334639938e-01,-4.730389129463957731e-01
9.999999999990734079e-01,1.282752329488586937e-13,9.307215731326143882e-01,9.999999997358333115e-01,9.999999999999027445e-01,0.000000000000000000e+00,4.429759502483292533e-01,-6.491104250917186791e-01
9.999999999940040185e-01,1.269796809244921625e-11,8.939025224001476699e-01,9.999999995438080269e-01,9.999999999999380496e-01,0.000000000000000000e+00,4.429759498468356371e-01,-6.334529079857126321e-01
9.999999999999981126e-01,9.817559399995732810e-14,4.796787202328676170e-01,9.999999981610984134e-01,9.999999999999922284e-01,0.000000000000000000e+00,4.429759453299296212e-01,-4.573018084537440187e-01
9.999999999999832356e-01,1.714995068061874228e-13,9.999999999999282796e-01,1.234812137755744721e-01,9.999999999998462341e-01,0.000000000000000000e+00,4.429759575794240400e-01,-7.466403881512789775e-01
9.999999999997499778e-01,2.563800646825844056e-13,1.640531805238323315e-01,9.999999971170103752e-01,9.999999999999625855e-01,0.000000000000000000e+00,4.429759418881889510e-01,-3.230801978902037019e-01
9.999999999997786215e-01,5.750460400159408391e-11,9.999999999999866773e-01,1.269045818098904488e-02,9.999999999999947820e-01,0.000000000000000000e+00,4.429759584105767978e-01,-7.552442032070715294e-01
9.999999999997979394e-01,2.122964054719180494e-12,2.904392383176224168e-02,9.999999971636374108e-01,9.999999999999803491e-01,0.000000000000000000e+00,4.429759404159796521e-01,-2.656667201881367513e-01
9.999999999999160671e-01,1.922321785831023824e-12,9.616653824978398379e-01,9.998535632677288953e-01,9.999999999999985567e-01,0.000000000000000000e+00,4.429759505868547387e-01,-6.622808333846234019e-01
