9.999999999728107491e-01,1.981015215226125309e-13,9.999999999999125144e-01,5.762979282611909726e-01,9.999999999998018252e-01,0.000000000000000000e+00,4.429759541823910518e-01,-7.114754391922756271e-01
9.999999999976412202e-01,1.381873762284466741e-12,9.999999999995755617e-01,3.979107705604373324e-02,9.999999999998090416e-01,0.000000000000000000e+00,4.429759582072678170e-01,-7.531396168509038036e-01
9.999999999964036546e-01,9.971309265797860810e-01,9.999999999995552447e-01,3.269212140517322213e-11,9.999999999997539746e-01,0.000000000000000000e+00,4.429759664084397253e-01,-7.563763860397093586e-01
9.999999999968931519e-01,6.312169594530806921e-14,9.999999999996227462e-01,1.141473140797109320e-01,9.999999999995158317e-01,0.000000000000000000e+00,4.429759576494470275e-01,-7.473652423714912674e-01
9.999999999999024114e-01,6.307310879229728095e-12,9.999999999999902300e-01,7.476937370694055618e-01,9.999999999996073141e-01,0.000000000000000000e+00,4.429759528965789839e-01,-6.981651423858482586e-01
9.999999999989163113e-01,9.251057250557789931e-15,9.999999999995291544e-01,2.856917480364984385e-10,9.999999999999890088e-01,0.000000000000000000e+00,4.429759585057806426e-01,-7.562297218287413747e-01
9.999999999993758326e-01,6.459264971653822715e-12,9.999999999999749090e-01,8.033831552306878176e-01,9.999999999993511857e-01,0.000000000000000000e+00,4.429759524787966751e-01,-6.938404002013541794e-01
9.999999999999787947e-01,3.836842844699667188e-01,9.999999999984836574e-01,6.560862964022362576e-13,9.999999999995373701e-01,0.000000000000000000e+00,4.429759615466311584e-01,-7.562861565108000006e-01
9.999999999985825783e-01,4.779030981477533683e-13,9.999999999999028555e-01,5.890786072860817457e-01,9.999999999999846789e-01,0.000000000000000000e+00,4.429759540865103595e-01,-7.104829141571006312e-01
9.999999999996371791e-01,1.407834055183575408e-13,9.999999999999661382e-01,3.768257814866922129e-01,9.999999999996284084e-01,0.000000000000000000e+00,4.429759556788319674e-01,-7.269660949821677987e-01
9.999999999999518163e-01,2.080069189370907231e-13,7.696314505796552075e-01,9.999999996945869718e-01,9.999999999994554356e-01,0.000000000000000000e+00,4.429759484917209500e-01,-5.806059063294667366e-01
9.999999999971236342e-01,4.846768113560733197e-13,4.560856556947168738e-01,9.999999956090132036e-01,9.999999999999911182e-01,0.000000000000000000e+00,4.429759450726589165e-01,-4.472687196777670460e-01
9.999999999998911981e-01,7.926600565088477138e-14,9.999999999998223643e-01,5.632888200899672793e-01,9.999999999999596989e-01,0.000000000000000000e+00,4.429759542799854843e-01,-7.124857036330353166e-01
9.999999999992843502e-01,3.098401106032812015e-14,9.999999999999703570e-01,7.741750398074668249e-01,9.999999999995136113e-01,0.000000000000000000e+00,4.429759526979161199e-01,-6.961086510304831387e-01
9.999999999975366372e-01,7.790747904574035044e-15,9.999999999998863132e-01,6.536985822847687366e-01,9.999999999997399858e-01,0.000000000000000000e+00,4.429759536017310317e-01,-7.054646406480130638e-01
9.999999999999032996e-01,2.003618099178278065e-12,9.592369612131571577e-01,9.999999999913096183e-01,9.999999999999639178e-01,0.000000000000000000e+00,4.429759505592754665e-01,-6.612367609820707370e-01
9.999999999999032996e-01,7.480668806296885337e-13,7.783950560126098317e-01,9.999999999913096183e-01,9.999999999994189093e-01,0.000000000000000000e+00,4.429759485872837854e-01,-5.843326808802528083e-01
9.999999999974337195e-01,9.778978594471890573e-14,1.915235209478560741e-02,9.999999947083423324e-01,9.999999999996995736e-01,0.000000000000000000e+00,4.429759403081169333e-01,-2.614602715230111007e-01
9.999999999992844613e-01,3.098401106032812015e-14,9.999999999999703570e-01,7.882405414042638059e-01,9.999999999999787947e-01,0.000000000000000000e+00,4.429759525923966379e-01,-6.950163489356481206e-01
9.999999999999376055e-01,6.817692870026819154e-13,9.999999999999981126e-01,1.629110643219957577e-01,9.999999999999993339e-01,0.000000000000000000e+00,4.429759572836211579e-01,-7.435783353661119532e-01
9.999999999986656229e-01,1.264300649262182910e-12,9.999999999999921174e-01,9.160130986510027773e-01,9.999999999999887867e-01,0.000000000000000000e+00,4.429759516338463432e-01,-6.850937570559788581e-01
9.999999999997786215e-01,1.189558707162277517e-12,3.356121487956265081e-02,9.999999987211697361e-01,9.999999999997490896e-01,0.000000000000000000e+00,4.429759404652384713e-01,-2.675877245610626121e-01
9.999999999995838884e-01,2.602050794119379823e-14,3.178220895363460530e-01,9.999999998559965242e-01,9.999999999999942268e-01,0.000000000000000000e+00,4.429759435649629484e-01,-3.884713274752727985e-01
9.999999999983489873e-01,6.338073457168768498e-13,8.431607722868782462e-01,9.999999991095825935e-01,9.999999999999329425e-01,0.000000000000000000e+00,4.429759492935219090e-01,-6.118746813865459933e-01
9.999999999999704681e-01,7.718114755983459865e-14,1.161649423640519485e-01,9.999999996945869718e-01,9.999999999992947863e-01,0.000000000000000000e+00,4.429759413659913325e-01,-3.027154437394993236e-01
9.999999999978674836e-01,1.981015215226125309e-13,9.999999999999125144e-01,6.655488621557058559e-01,9.999999999993088862e-01,0.000000000000000000e+00,4.429759535128302006e-01,-7.045443687728815130e-01
9.999999999988867794e-01,7.877292216852852097e-13,8.964156983268347645e-01,9.999999991586079329e-01,9.999999999999821254e-01,0.000000000000000000e+00,4.429759498742406043e-01,-6.345216508085672613e-01
9.999999999953248508e-01,7.131273530197863000e-13,1.249881114274360161e-01,9.999999982047130809e-01,9.999999999999268363e-01,0.000000000000000000e+00,4.429759414622036484e-01,-3.064675482116584471e-01
9.999999999970371478e-01,5.877865570790110665e-14,1.429516171875172548e-02,9.999999966972656917e-01,9.999999999997952749e-01,0.000000000000000000e+00,4.429759402551516900e-01,-2.593947226932972194e-01
9.999999999991180388e-01,1.441710418555555165e-12,7.905581680480147089e-01,9.999999958417888912e-01,9.999999999999970024e-01,0.000000000000000000e+00,4.429759487199165235e-01,-5.895051158836478455e-01
9.999999999993378630e-01,3.243891402137368690e-12,7.304460871787945564e-01,9.999999998282975699e-01,9.999999999999923395e-01,0.000000000000000000e+00,4.429759480644239189e-01,-5.639421008672905744e-01
9.999999999991699973e-01,8.432512557931042438e-14,9.999999999999996669e-01,7.590529146012195971e-01,9.999999999999308331e-01,0.000000000000000000e+00,4.429759528113623723e-01,-6.972830086546580874e-01
9.999999999988145039e-01,2.954855397784398711e-12,5.751201006117521164e-01,9.999999982524993003e-01,9.999999999998969713e-01,0.000000000000000000e+00,4.429759463706707256e-01,-4.978888148352306198e-01
9.999999999998960831e-01,1.158501039092536496e-12,9.999999999995864419e-01,6.321873884596832527e-01,9.999999999996722622e-01,0.000000000000000000e+00,4.429759537631081101e-01,-7.071351620946703109e-01
9.999999999999943379e-01,1.421547214513163430e-14,5.360109123856948710e-01,9.999999993199051307e-01,9.999999999997570832e-01,0.000000000000000000e+00,4.429759459442043634e-01,-4.812574032401285562e-01
9.999999999999669154e-01,1.426592604298321843e-13,9.165933073239536100e-01,9.999993964714769534e-01,9.999999999999343858e-01,0.000000000000000000e+00,4.429759500942719863e-01,-6.431023440994884099e-01
9.999999999989552801e-01,5.173232690309438673e-13,7.825663877284112502e-01,9.999999986931071838e-01,9.999999999999440448e-01,0.000000000000000000e+00,4.429759486327700668e-01,-5.861065642419939214e-01
9.999999999999672484e-01,4.972352285647676461e-13,9.999999999999110711e-01,6.200613887764707677e-01,9.999999999999864553e-01,0.000000000000000000e+00,4.429759538540773978e-01,-7.080768458848835101e-01
9.999999999999067413e-01,2.511517299873512394e-16,9.999999999999986677e-01,4.858105590685939390e-01,9.999999999999719114e-01,0.000000000000000000e+00,4.429759548612277054e-01,-7.185025289998588915e-01
9.999999999995627942e-01,8.917641067675042410e-15,9.999999999999467093e-01,3.502959945794115182e-01,9.999999999999529265e-01,0.000000000000000000e+00,4.429759558778585959e-01,-7.290263515336411482e-01
9.999999999994221289e-01,1.792387706633591163e-12,1.701786217437608051e-01,9.999999996462370921e-01,9.999999999999418243e-01,0.000000000000000000e+00,4.429759419549838539e-01,-3.256850774737797272e-01
9.999999999988800070e-01,1.407157596891133617e-14,9.999999999999984457e-01,2.204952409195774510e-01,9.999999999999995559e-01,0.000000000000000000e+00,4.429759568516243862e-01,-7.391064495762372788e-01
9.999999999987382315e-01,5.268635602766672307e-13,2.496554222701034553e-01,9.999999993741438553e-01,9.999999999999739098e-01,0.000000000000000000e+00,4.429759428216391015e-01,-3.594830527331188685e-01
9.999999999981548093e-01,1.052623306138023355e-12,2.170741114410357220e-01,9.999999999758875102e-01,9.999999999999991118e-01,0.000000000000000000e+00,4.429759424663559653e-01,-3.456276592965942251e-01
9.999999999994146904e-01,6.848484577120153016e-01,9.999999999999978906e-01,4.055183966400477402e-11,9.999999999999976685e-01,0.000000000000000000e+00,4.429759639334769905e-01,-7.563304535996181466e-01
9.999999999998002709e-01,6.191530779448112466e-14,2.220331347047227455e-01,9.999999982828350342e-01,9.999999999999867883e-01,0.000000000000000000e+00,4.429759425204317091e-01,-3.477365131358055583e-01
9.999999999994882982e-01,5.630618302947248078e-13,8.390047462304583981e-01,9.999999951205648108e-01,9.999999999999623634e-01,0.000000000000000000e+00,4.429759492482025496e-01,-6.101073072570027955e-01
9.999999999989249710e-01,2.166052513857987300e-12,7.862065173040109212e-01,9.999999946229511938e-01,9.999999999999440448e-01,0.000000000000000000e+00,4.429759486724639261e-01,-5.876545509940039880e-01
9.999999999999539257e-01,3.371757203083318725e-13,9.999999999999037437e-01,2.615600435339359708e-01,9.999999999993253175e-01,0.000000000000000000e+00,4.429759565435560931e-01,-7.359174292904228087e-01
9.999999999999354960e-01,3.248941318958077870e-13,3.579999823622380672e-01,9.999999956095266818e-01,9.999999999999626965e-01,0.000000000000000000e+00,4.429759440030830442e-01,-4.055572122123721757e-01
9.999999999973387954e-01,9.478702260209159729e-15,7.742225564609320765e-01,9.999999995809722986e-01,9.999999999999652500e-01,0.000000000000000000e+00,4.429759485417847364e-01,-5.825583010220903857e-01
9.999999999998817612e-01,7.776385868449025392e-13,9.999999999999706901e-01,1.895329870482756474e-01,9.999999999998367972e-01,0.000000000000000000e+00,4.429759570839033600e-01,-7.415109237092673000e-01
9.999999999999245048e-01,4.308646473705498498e-14,9.999999999997647437e-01,4.273228420900490043e-01,9.999999999969872988e-01,0.000000000000000000e+00,4.429759553000028327e-01,-7.230445821451986221e-01
9.999999999997196687e-01,1.095030922595851974e-11,6.860771984600078088e-01,9.999999991837570379e-01,9.999999999999941158e-01,0.000000000000000000e+00,4.429759475806031022e-01,-5.450739709430695301e-01
9.999999999987966293e-01,2.444058035691529197e-12,7.527606956156120965e-01,9.999999981756722001e-01,9.999999999999954481e-01,0.000000000000000000e+00,4.429759483077537197e-01,-5.734315190184761102e-01
9.999999999999229505e-01,7.266764710569798397e-13,1.492540345396956569e-01,9.999999947030978609e-01,9.999999999996995736e-01,0.000000000000000000e+00,4.429759417268115951e-01,-3.167867745101028421e-01
9.999999999992102984e-01,4.931790306387366211e-13,3.394639437130594350e-01,9.999999992575611119e-01,9.999999999999389377e-01,0.000000000000000000e+00,4.429759438009566730e-01,-3.976746528530611391e-01
9.999999999999774625e-01,4.829063558154810887e-14,9.999999999999498179e-01,3.639327521351554129e-01,9.999999999999844569e-01,0.000000000000000000e+00,4.429759557755555410e-01,-7.279673449462925605e-01
9.999999999998800959e-01,2.094627893395698033e-13,4.159867895105193725e-01,9.999999991279341360e-01,9.999999999999978906e-01,0.000000000000000000e+00,4.429759446354005203e-01,-4.302164415402037756e-01
9.999999999999937828e-01,8.023446548705697545e-13,4.776146069606468925e-01,9.999999998565284320e-01,9.999999999999709122e-01,0.000000000000000000e+00,4.429759453074214592e-01,-4.564240320551519181e-01
9.999999999997051248e-01,2.531400871889918227e-13,5.409272362060909556e-01,9.999999996693307303e-01,9.999999844881701794e-01,0.000000000000000000e+00,4.429759459978145908e-01,-4.833480986021098103e-01
9.999999999973666620e-01,1.726075105645961207e-13,4.071703756498377680e-01,9.999999961245364943e-01,9.999999999999436007e-01,0.000000000000000000e+00,4.429759445392619233e-01,-4.264672101057979114e-01
9.999999999994990674e-01,1.381873762284466741e-12,9.999999999999450440e-01,4.884175203292911993e-02,9.999999999998090416e-01,0.000000000000000000e+00,4.429759581393696299e-01,-7.524367573633793382e-01
9.999999999999908962e-01,2.280426852775552450e-12,4.260264553301079116e-01,9.999999985019258908e-01,9.999999999999588107e-01,0.000000000000000000e+00,4.429759447448781695e-01,-4.344858683210920391e-01
9.999999999995934363e-01,7.703273894211668743e-15,3.219350484952084313e-01,9.999999951505914586e-01,9.999999999999961142e-01,0.000000000000000000e+00,4.429759436098127945e-01,-3.902203877439865964e-01
9.999999999999354960e-01,3.248941318958077870e-13,7.485896093730362022e-01,9.999999956095266818e-01,9.999999999999664713e-01,0.000000000000000000e+00,4.429759482622701028e-01,-5.716577403466619467e-01
9.999999999378879068e-01,6.604710734218758341e-13,9.999999999999709122e-01,9.302223088499085302e-01,9.999999999999950040e-01,0.000000000000000000e+00,4.429759515272488346e-01,-6.839902948035011532e-01
9.999999999998283595e-01,1.165896578718672184e-12,1.207021891216494835e-01,9.999999987211697361e-01,9.999999999997490896e-01,0.000000000000000000e+00,4.429759414154677555e-01,-3.046449345915273055e-01
9.999999999988584687e-01,2.359037523722659659e-12,9.999999999999467093e-01,5.486844712815470704e-01,9.999999999999958922e-01,0.000000000000000000e+00,4.429759543895473439e-01,-7.136198516537218817e-01
9.999999999935144102e-01,3.472612807124504226e-14,9.999999999999107381e-01,4.691666031834066941e-01,9.999999999999938938e-01,0.000000000000000000e+00,4.429759549860907697e-01,-7.197950693154656632e-01
9.999999999978438359e-01,8.381842638367872875e-16,9.999999999999192868e-01,1.249230514026147404e-01,9.999999999992926769e-01,0.000000000000000000e+00,4.429759575686073592e-01,-7.465284175794603128e-01
9.999999999985115240e-01,5.051302658983641500e-13,9.999999999998776534e-01,7.362801017018131278e-01,9.999999999992854605e-01,0.000000000000000000e+00,4.429759529822041020e-01,-6.990515052169000709e-01
9.999999999953648189e-01,5.657597748507384047e-13,8.305928978926964135e-01,9.999999996139343761e-01,9.999999999992564836e-01,0.000000000000000000e+00,4.429759491564754792e-01,-6.065301191004891512e-01
9.999999999999513722e-01,8.042234413136328554e-13,5.637499003774600892e-01,9.999999990173066289e-01,9.999999999997301048e-01,0.000000000000000000e+00,4.429759462466842934e-01,-4.930535704848543199e-01
9.999999999998536726e-01,8.775523090282834416e-14,9.999999999997497557e-01,4.418506429773211841e-01,9.999999999999471534e-01,0.000000000000000000e+00,4.429759551910151805e-01,-7.219163787011561029e-01
9.999999999975259790e-01,1.136610666473365868e-11,8.889959133848182038e-01,9.999999986333414359e-01,9.999999999999324984e-01,0.000000000000000000e+00,4.429759497933314916e-01,-6.313663438158049201e-01
9.999999999994508837e-01,6.055774819434965636e-12,3.264759494495900749e-01,9.999999995891937221e-01,9.999999999999998890e-01,0.000000000000000000e+00,4.429759436593290189e-01,-3.921514321446332163e-01
9.999999999999653610e-01,4.988453223025343029e-14,5.644388455643073454e-02,9.999999992406736204e-01,9.999999999998001599e-01,0.000000000000000000e+00,4.429759407147626504e-01,-2.773187139162799353e-01
9.999999999973712139e-01,7.862861040010046878e-14,4.613263703803189841e-01,9.999999948555871043e-01,9.999999999999705791e-01,0.000000000000000000e+00,4.429759451298063144e-01,-4.494973643724869961e-01
9.999999999973476772e-01,1.224148452882251222e-13,6.736094156902400210e-02,9.999999945278840174e-01,9.999999999997052358e-01,0.000000000000000000e+00,4.429759408338078130e-01,-2.819612567615862320e-01
9.999999999982405186e-01,1.220002572479520820e-12,7.071422278158209229e-01,9.999999991518163656e-01,9.999999999997202238e-01,0.000000000000000000e+00,4.429759478103068582e-01,-5.540319981415416928e-01
9.999999999978438359e-01,1.060228868761818596e-15,9.999999999996227462e-01,1.025940353711638636e-01,9.999999999998321343e-01,0.000000000000000000e+00,4.429759577361197520e-01,-7.482624496588458074e-01
9.999999999994669819e-01,5.917825559459116553e-13,8.570705921980577013e-01,9.999999991903422147e-01,9.999999999999962252e-01,0.000000000000000000e+00,4.429759494452016333e-01,-6.177899138231927045e-01
9.999999999994196864e-01,1.788081158178002358e-12,8.921723989967108581e-01,9.999999667843904039e-01,9.999999999999112932e-01,0.000000000000000000e+00,4.429759498279697838e-01,-6.327171654125128830e-01
9.999999999999186207e-01,2.343232007898207504e-12,7.262708725848671110e-01,9.999999993966871559e-01,9.999999999999943379e-01,0.000000000000000000e+00,4.429759480188952825e-01,-5.621665664236153992e-01
9.999999999999992228e-01,6.366215843390202417e-13,4.987572281950152786e-01,9.999999989816663604e-01,9.999999999997438715e-01,0.000000000000000000e+00,4.429759455379713162e-01,-4.654150557199331351e-01
9.999999999999010791e-01,9.778978594471890573e-14,2.925337312397671696e-02,9.999999947083423324e-01,9.999999999998424594e-01,0.000000000000000000e+00,4.429759404182636029e-01,-2.657557899176067329e-01
9.999999999998283595e-01,1.165896578718672184e-12,5.156747269050193649e-02,9.999999987211697361e-01,9.999999999997490896e-01,0.000000000000000000e+00,4.429759406615877970e-01,-2.752449912300168888e-01
9.999999999972082332e-01,4.837015628439943892e-13,6.971353455835259672e-01,9.999999975109113981e-01,9.999999999997672973e-01,0.000000000000000000e+00,4.429759477011867563e-01,-5.497765129485706614e-01
9.999999999999107381e-01,7.465772166481510731e-13,9.999999999995846656e-01,6.179533657267544111e-02,9.999999999996287414e-01,0.000000000000000000e+00,4.429759580421917531e-01,-7.514308047902474863e-01
9.999999999994508837e-01,6.050591579643437409e-12,3.763193356220904118e-01,9.999999995877580927e-01,9.999999999999998890e-01,0.000000000000000000e+00,4.429759442028465277e-01,-4.133476242462893468e-01
9.999999999994825250e-01,5.851317448312627376e-13,3.084990979142150369e-01,9.999999971719919500e-01,9.999999999999699130e-01,0.000000000000000000e+00,4.429759434633003257e-01,-3.845066708545922252e-01
9.999999999982402965e-01,3.119257577141686921e-15,6.464569666089228228e-01,9.999999970071901112e-01,9.999999999998816502e-01,0.000000000000000000e+00,4.429759471485640310e-01,-5.282252353028994429e-01
9.999999999983212318e-01,5.234075117456275040e-13,1.849695413070229777e-01,9.999999969560374735e-01,9.999999999997387645e-01,0.000000000000000000e+00,4.429759421162715038e-01,-3.319750029162297222e-01
9.999999999998002709e-01,6.191530779448112466e-14,2.385621848023091185e-01,9.999999982828350342e-01,9.999999999999876765e-01,0.000000000000000000e+00,4.429759427006728090e-01,-3.547655885664823261e-01
9.999999999999983347e-01,6.362372634362777363e-13,4.734722852926859793e-01,9.999999981048827147e-01,9.999999999997438715e-01,0.000000000000000000e+00,4.429759452622514804e-01,-4.546624856240092383e-01
9.999999999999921174e-01,9.227089940208671558e-13,9.648579721132630738e-01,9.999999984814365028e-01,9.999999999999620304e-01,0.000000000000000000e+00,4.429759506205698250e-01,-6.636271289291063580e-01
9.999999999996020961e-01,2.362995748522536578e-12,9.552711152267204797e-01,9.999999970453439246e-01,9.999999999999606981e-01,0.000000000000000000e+00,4.429759505160298927e-01,-6.595502619605740913e-01
9.999999999953352869e-01,5.775885209961188024e-14,7.215468256412209680e-01,9.999999993778917462e-01,9.999999999999943379e-01,0.000000000000000000e+00,4.429759479673818778e-01,-5.601576377741811497e-01
9.999999999994360067e-01,1.290984527134198849e-11,2.686050589250343346e-01,9.999999994333993447e-01,9.999999999999630296e-01,0.000000000000000000e+00,4.429759430282755317e-01,-3.675414967794495835e-01
9.999999999998971933e-01,1.268612183526626249e-12,8.851705949259125461e-01,9.999999995795944008e-01,9.999999999997083444e-01,0.000000000000000000e+00,4.429759497516183031e-01,-6.297396046466828823e-01
9.999999999983740784e-01,5.238195749837623805e-15,8.009077997581209862e-01,9.999999968672121931e-01,9.999999999998816502e-01,0.000000000000000000e+00,4.429759488327741357e-01,-5.939063573478001734e-01
9.999999999998800959e-01,4.195426271407770480e-13,2.036297171297283826e-01,9.999999981396821003e-01,9.999999999999623634e-01,0.000000000000000000e+00,4.429759423197515145e-01,-3.399103519604392831e-01
9.999999999999420464e-01,2.377259269353842344e-12,3.028758920060454218e-01,9.999999986560330623e-01,9.999999999994623190e-01,0.000000000000000000e+00,4.429759434019820419e-01,-3.821153694688922409e-01
9.999999999971611597e-01,4.420950084411885679e-13,9.999999999999433786e-01,8.870485364390583438e-01,9.999999999999722444e-01,0.000000000000000000e+00,4.429759518511386385e-01,-6.873430939713086607e-01
9.999999999999987788e-01,2.557575275221049672e-12,1.336725381889239950e-01,9.999999999107600512e-01,9.999999999998995248e-01,0.000000000000000000e+00,4.429759415569030079e-01,-3.101606514587694763e-01
9.999999999999590328e-01,2.767761067302864001e-12,5.840825648756893251e-01,9.999999948694657803e-01,9.999999999998122613e-01,0.000000000000000000e+00,4.429759464684019932e-01,-5.017001555555246073e-01
9.999999999998808731e-01,2.494872568134299258e-12,9.999999385568415500e-01,8.458685456957408810e-01,9.999999999999862332e-01,0.000000000000000000e+00,4.429759521600704630e-01,-6.905410334344307399e-01
9.999999999973072651e-01,1.137203393793970164e-11,6.622506167045552061e-01,9.999999989782981658e-01,9.999999999999592548e-01,0.000000000000000000e+00,4.429759473207859899e-01,-5.349415774196489837e-01
9.999999999997090105e-01,1.202549689519570131e-12,9.394809214328060376e-01,9.999999988313632571e-01,9.999999999999892308e-01,0.000000000000000000e+00,4.429759503438456258e-01,-6.528353893654387230e-01
9.999999999999377165e-01,2.119141652085913002e-11,5.308211996826868173e-01,9.999999986733616453e-01,9.999999999993979261e-01,0.000000000000000000e+00,4.429759458876130762e-01,-4.790504475465807710e-01
9.999999999999255040e-01,2.819904503639572989e-15,3.304753580760825815e-01,9.999999999236743875e-01,9.999999999996392885e-01,0.000000000000000000e+00,4.429759437029405778e-01,-3.938522040776829547e-01
9.999999999994824140e-01,2.102555351830159139e-13,6.575327775716923728e-01,9.999999994055729369e-01,9.999999999995222710e-01,0.000000000000000000e+00,4.429759472693403088e-01,-5.329352886441106607e-01
9.999999999991906474e-01,5.596510640013038834e-13,4.461423897222404067e-01,9.999999988258103656e-01,9.999999999944959583e-01,0.000000000000000000e+00,4.429759449642324820e-01,-4.430402872955646609e-01
9.999999999997629674e-01,4.897693816771744542e-13,9.999999999999141798e-01,8.617948819639180691e-01,9.999999999992854605e-01,0.000000000000000000e+00,4.429759520405916473e-01,-6.893042483244632423e-01
9.999999999973615550e-01,2.696013094259079896e-12,8.403585488642828505e-02,9.999999945177034943e-01,9.999999999996995736e-01,0.000000000000000000e+00,4.429759410156395294e-01,-2.890523613814207637e-01
9.999999999997321032e-01,4.348235151218160662e-14,3.434689893936238025e-01,9.999999981805463012e-01,9.999999999997351008e-01,0.000000000000000000e+00,4.429759438446297382e-01,-3.993778220863853923e-01
9.999999999935144102e-01,3.377153159816625145e-14,9.999999999997708500e-01,4.528605705944782622e-01,9.999999999997369882e-01,0.000000000000000000e+00,4.429759551084186953e-01,-7.210613671033635486e-01
9.999999999984156007e-01,1.103832334505476339e-11,6.707618685088794219e-01,9.999999997530165663e-01,9.999999999994686473e-01,0.000000000000000000e+00,4.429759474135969710e-01,-5.385610370738665997e-01
9.999999999971961318e-01,7.633678289894074418e-14,5.549770704066756544e-01,9.999987908076085619e-01,9.999999999949805707e-01,0.000000000000000000e+00,4.429759461510300311e-01,-4.893229669498794232e-01
9.999999999995800026e-01,3.246162488485985553e-13,8.664643767981782263e-01,9.999999956026699444e-01,9.999999999999660272e-01,0.000000000000000000e+00,4.429759495476362496e-01,-6.217846760597597333e-01
9.999999999993380850e-01,3.243891402137368690e-12,6.671128453967086758e-01,9.999999998282975699e-01,9.999999999999991118e-01,0.000000000000000000e+00,4.429759473738061892e-01,-5.370092686021629147e-01
9.999999999996005418e-01,5.893694410917975704e-14,7.343150829442257610e-01,9.999999947073974216e-01,9.999999999998389066e-01,0.000000000000000000e+00,4.429759481066134486e-01,-5.655874143902294149e-01
9.999999999993086641e-01,4.958827017492592452e-13,9.999999998026370962e-01,3.366164465053893551e-01,9.999999999997849498e-01,0.000000000000000000e+00,4.429759559804826163e-01,-7.300886810724763754e-01
9.999999999999515943e-01,1.209008065055545833e-12,9.793623455902753516e-01,9.999999987576312366e-01,9.999999999997505329e-01,0.000000000000000000e+00,4.429759507787328632e-01,-6.697951987392422035e-01
9.999999999998808731e-01,2.494872568134299258e-12,9.999999385568415500e-01,8.319718529998750833e-01,9.999999999997549738e-01,0.000000000000000000e+00,4.429759522643235137e-01,-6.916202261270104623e-01
9.999999999999408251e-01,1.210207488221950671e-12,6.506703952033250360e-01,9.999999999855307964e-01,9.999999999975048848e-01,0.000000000000000000e+00,4.429759471945093896e-01,-5.300170202762494176e-01
9.999999999997817302e-01,3.175971931982030559e-13,9.999999999999333866e-01,5.382227844129816585e-01,9.999999999998721023e-01,0.000000000000000000e+00,4.429759544680309524e-01,-7.144322878402228350e-01
9.999999999995261568e-01,2.520283648485256126e-12,5.928060184866561499e-01,9.999999988908775395e-01,9.999999999996872502e-01,0.000000000000000000e+00,4.429759465635269566e-01,-5.054098550184850103e-01
9.999999999999099609e-01,5.018186995215454941e-14,4.942357149037934771e-01,9.999999992471285681e-01,9.999999999994196864e-01,0.000000000000000000e+00,4.429759454886664227e-01,-4.634922556709893948e-01
9.999999999999642508e-01,1.226985418770651027e-12,8.266024898479101823e-01,9.999999990311417841e-01,9.999999999999916733e-01,0.000000000000000000e+00,4.429759491129620086e-01,-6.048331747372709399e-01
9.999999999999937828e-01,8.055844658670460926e-13,1.797294324462635484e-01,9.999999985451025752e-01,9.999999999999706901e-01,0.000000000000000000e+00,4.429759420591307117e-01,-3.297466157875487136e-01
9.999999999953502750e-01,5.655386457393730649e-13,4.864565227400603487e-01,9.999999994473168785e-01,9.999999999992666977e-01,0.000000000000000000e+00,4.429759454038381672e-01,-4.601841085944199383e-01
9.999999999987573274e-01,1.641652252385358326e-12,2.542363924936362762e-01,9.999999988731579359e-01,9.999999999953034235e-01,0.000000000000000000e+00,4.429759428715923097e-01,-3.614311372080670770e-01
9.999999999987574384e-01,1.206973095384694102e-12,4.656176526682711536e-01,9.999999996696826710e-01,9.999999999997609690e-01,0.000000000000000000e+00,4.429759451766006051e-01,-4.513222569423526176e-01
9.999999999995297095e-01,6.748941205130572405e-16,1.120196928584795693e-01,9.999999988893512048e-01,9.999999999997609690e-01,0.000000000000000000e+00,4.429759413207894347e-01,-3.009526521540749622e-01
9.999999999999704681e-01,7.718114755983459865e-14,1.615626729688056096e-01,9.999999996945869718e-01,9.999999999993002264e-01,0.000000000000000000e+00,4.429759418610311750e-01,-3.220210947550722347e-01
9.999999999994743094e-01,1.748342061504456810e-12,2.731775340798915375e-01,9.999999996662251034e-01,9.999999999999874545e-01,0.000000000000000000e+00,4.429759430781360918e-01,-3.694859686201245053e-01
9.999999999981397103e-01,7.566309151404424051e-13,2.971425479110905155e-01,9.999999728698920620e-01,9.999999999918163240e-01,0.000000000000000000e+00,4.429759433394629409e-01,-3.796772332920933524e-01
9.999999999957421837e-01,8.106499226392664582e-13,3.732663045921985612e-02,9.999999993733971193e-01,9.999999999992672528e-01,0.000000000000000000e+00,4.429759405062984601e-01,-2.691889895547782130e-01
9.999999999970371478e-01,5.877865570790110665e-14,5.473884001767126417e-03,9.999999967428723213e-01,9.999999999999319433e-01,0.000000000000000000e+00,4.429759401589600243e-01,-2.556434226388893949e-01
9.999999999981554755e-01,3.155712491888422777e-13,9.999999976416553693e-01,1.368651696618440328e-01,9.999999999999655831e-01,0.000000000000000000e+00,4.429759574790175236e-01,-7.456010126936528648e-01
9.999999999999057421e-01,1.131102079844507540e-13,5.201573940900386939e-01,9.999999994120747360e-01,9.999999999998125944e-01,0.000000000000000000e+00,4.429759457713295379e-01,-4.745156016600194926e-01
9.999999999983334442e-01,4.580222778301652472e-13,9.999999716624057289e-01,2.862327253089333445e-01,9.999999999997176703e-01,0.000000000000000000e+00,4.429759563584612092e-01,-7.340013802046240210e-01
9.999999999953224084e-01,6.234207491071690066e-15,4.513377056254794795e-01,9.999999994339392462e-01,9.999999999992666977e-01,0.000000000000000000e+00,4.429759450208848315e-01,-4.452496257858925555e-01
9.999999999987382315e-01,5.268635602766672307e-13,2.433874645548053661e-01,9.999999993741438553e-01,9.999999999999895639e-01,0.000000000000000000e+00,4.429759427532901084e-01,-3.568175669771495029e-01
9.999999999996704858e-01,2.520283648485256126e-12,5.800988915761039477e-01,9.999999991740086136e-01,9.999999999998444578e-01,0.000000000000000000e+00,4.429759464249620193e-01,-5.000060748018840817e-01
9.999999999993804956e-01,6.318607407224734397e-13,9.999999999999420464e-01,2.092559655566745280e-01,9.999999999999626965e-01,0.000000000000000000e+00,4.429759569359414950e-01,-7.399792719162990862e-01
9.999999999973540055e-01,8.401988168960730906e-13,8.710315935660055686e-01,9.999999991116491627e-01,9.999999999997083444e-01,0.000000000000000000e+00,4.429759495974394667e-01,-6.237269114861835329e-01
9.999999999999359401e-01,1.687769454837393695e-12,9.999999999999992228e-01,4.954450894759349633e-01,9.999999999999847899e-01,0.000000000000000000e+00,4.429759547889494109e-01,-7.177543283281305753e-01
9.999999999999652500e-01,4.988453223025343029e-14,3.347455680707748238e-01,9.999999992561841022e-01,9.999999999996738165e-01,0.000000000000000000e+00,4.429759437495051078e-01,-3.956681359570090040e-01
9.999999999998668843e-01,1.801107975455091336e-12,2.899447784409254769e-01,9.999999994159958216e-01,9.999999999999967804e-01,0.000000000000000000e+00,4.429759432609746139e-01,-3.766163375772942912e-01
9.999999999999460432e-01,1.465946316958289760e-13,1.993919334115018260e-01,9.999999991594478166e-01,9.999999999999469313e-01,0.000000000000000000e+00,4.429759422735405905e-01,-3.381082095176194402e-01
9.999999999998566702e-01,2.478060877763559177e-13,6.272065935278732240e-01,9.999999962168765189e-01,9.999999999998711031e-01,0.000000000000000000e+00,4.429759469386482240e-01,-5.200389013849792130e-01
9.999999999980304644e-01,1.119146563048826175e-13,2.347993732047931326e-01,9.999999962186635338e-01,9.999999981641053415e-01,0.000000000000000000e+00,4.429759426596412419e-01,-3.531654310252744233e-01
9.999999999987579935e-01,1.151046842277482420e-12,5.034438692024615358e-01,9.999999989254408916e-01,9.999999999997609690e-01,0.000000000000000000e+00,4.429759455890768249e-01,-4.674080772809025008e-01
9.999999999955115904e-01,1.770472745653820194e-12,9.999999718492166290e-01,2.475257266616253671e-01,9.999999999999095168e-01,0.000000000000000000e+00,4.429759566488412625e-01,-7.370072976635405615e-01
9.999999999998883116e-01,7.790808128742136140e-13,9.692602710699902424e-01,9.999999971926967213e-01,9.999999999998818723e-01,0.000000000000000000e+00,4.429759506685747028e-01,-6.654992324626888278e-01
9.999999999993086641e-01,4.958827017492592452e-13,9.999999998006727786e-01,1.221337179473891421e-02,9.999999999997849498e-01,0.000000000000000000e+00,4.429759584141558793e-01,-7.552812528116109592e-01
9.999999999999430456e-01,7.938905107447326920e-16,9.999999994820126803e-01,3.210499535713940422e-01,9.999999999999654721e-01,0.000000000000000000e+00,4.429759560972624799e-01,-7.312975473759405487e-01
9.999999999959438002e-01,1.106737010498716156e-11,6.430387537759714167e-01,9.999999956672268597e-01,9.999999999999933387e-01,0.000000000000000000e+00,4.429759471112901248e-01,-5.267716203654929652e-01
9.999999999989430677e-01,6.073920695747136136e-12,3.944185661297624490e-01,9.999999981139636729e-01,9.999999999997420952e-01,0.000000000000000000e+00,4.429759444002097091e-01,-4.210444282147994821e-01
9.999999999997045697e-01,3.050368300922295361e-12,9.290252296342338401e-02,9.999999988083678737e-01,9.999999999999605871e-01,0.000000000000000000e+00,4.429759411123261326e-01,-2.928229636166653771e-01
9.999999999991329158e-01,5.769386055469192657e-13,2.305919542241657849e-01,9.999999982772539431e-01,9.999999999997131184e-01,0.000000000000000000e+00,4.429759426137613865e-01,-3.513762013000051310e-01
9.999999999957421837e-01,6.301842361197956511e-14,9.761208683402088082e-02,9.999999949118586473e-01,9.999999999996211919e-01,0.000000000000000000e+00,4.429759411636816080e-01,-2.948257335579097527e-01
9.999999999993626210e-01,7.149895184938350190e-13,9.306980469402439393e-01,9.999999986830725440e-01,9.999999999999678035e-01,0.000000000000000000e+00,4.429759502480726807e-01,-6.491004205224625290e-01
9.999999999991513455e-01,9.727980200309391327e-14,5.162258113701421181e-01,9.999999950233700030e-01,9.999999999997120081e-01,0.000000000000000000e+00,4.429759457284576096e-01,-4.728436734057687163e-01
9.999999999995399236e-01,5.544670796489333498e-14,2.076211783877062733e-01,9.999999991437776847e-01,9.999999999952018381e-01,0.000000000000000000e+00,4.429759423632764204e-01,-3.416077441766453004e-01
9.999999999970357045e-01,5.148356767001257931e-14,1.003625992299811420e-02,9.999999975109113981e-01,9.999999999997736255e-01,0.000000000000000000e+00,4.429759402087104503e-01,-2.575835996795857730e-01
9.999999999978438359e-01,3.768152213732880208e-13,9.999999999999192868e-01,9.581454033550069749e-01,9.999999999999229505e-01,0.000000000000000000e+00,4.429759513177696229e-01,-6.818218364376501528e-01
9.999999999734436873e-01,2.029745349172473704e-13,9.999999999999908962e-01,5.982720502158709319e-01,9.999999999998018252e-01,0.000000000000000000e+00,4.429759540175411403e-01,-7.097689675623174432e-01
9.999999999999612532e-01,1.160502756406331409e-12,1.443280561842526510e-01,9.999999988005385809e-01,9.999999999998920863e-01,0.000000000000000000e+00,4.429759416730961741e-01,-3.146919730249267966e-01
9.999999999989249710e-01,2.166052513857987300e-12,9.894594151212829924e-01,9.999999946229511938e-01,9.999999999999440448e-01,0.000000000000000000e+00,4.429759508888364561e-01,-6.740890370578312973e-01
9.999999999974337195e-01,8.208524857394096831e-13,5.494244109447516955e-01,9.999999947083423324e-01,9.999999999996976863e-01,0.000000000000000000e+00,4.429759460904719726e-01,-4.869615724767991649e-01
9.999999999997944977e-01,6.406452546876946769e-12,6.759232123950329463e-01,9.999999970037094510e-01,9.999999999999891198e-01,0.000000000000000000e+00,4.429759474698788946e-01,-5.407559290251963136e-01
9.999999999999594769e-01,3.794150795962973295e-12,6.369406079116329833e-01,9.999999998017073954e-01,9.999999999999852340e-01,0.000000000000000000e+00,4.429759470447928171e-01,-5.241783477745766140e-01
9.999999999999074074e-01,1.750018973110442471e-12,9.999999999999992228e-01,4.155529711243336477e-01,9.999999999999874545e-01,0.000000000000000000e+00,4.429759553883004242e-01,-7.239586096067890386e-01
9.999999999994568789e-01,1.133155067033008289e-13,6.817187468071967960e-01,9.999999986539109820e-01,9.999999999999751310e-01,0.000000000000000000e+00,4.429759475330763419e-01,-5.432205138736853067e-01
9.999999999987352339e-01,1.232985483758163075e-12,9.999999999999994449e-01,8.179838734789363075e-01,9.999999999992970068e-01,0.000000000000000000e+00,4.429759523692620715e-01,-6.927065341232375717e-01
9.999999999999522604e-01,2.876130143135714660e-12,7.536802459926156272e-02,9.999999988061406553e-01,9.999999999999541478e-01,0.000000000000000000e+00,4.429759409211210808e-01,-2.853663154174238548e-01
9.999999999982585042e-01,6.914603190938986699e-14,8.216916193972964022e-01,9.999999947083423324e-01,9.999999999999900080e-01,0.000000000000000000e+00,4.429759490594114557e-01,-6.027447986313939632e-01
9.999999999980999643e-01,7.255362832698262505e-13,1.651469418242703102e-01,9.999999708466692505e-01,9.999999999999957812e-01,0.000000000000000000e+00,4.429759419001160770e-01,-3.235453283339330133e-01
9.999999999972289944e-01,1.212824859847062599e-12,7.408336939866595472e-01,9.999999985533521984e-01,9.999999998056560147e-01,0.000000000000000000e+00,4.429759481776956442e-01,-5.683594916418622800e-01
9.999999999999610312e-01,2.670375698223787779e-13,6.194051512018293737e-01,9.999999990177927955e-01,9.999999999997235545e-01,0.000000000000000000e+00,4.429759468535773292e-01,-5.167212920939047160e-01
9.999999999993054445e-01,4.782581595117103487e-13,9.999999999999933387e-01,5.246031297479435418e-01,9.999999999999467093e-01,0.000000000000000000e+00,4.429759545702056656e-01,-7.154899662461841059e-01
9.999999999971904696e-01,1.665270445879499227e-13,2.337552026947575801e-02,9.999999966972656917e-01,9.999999999993485211e-01,0.000000000000000000e+00,4.429759403541684848e-01,-2.632561983870128630e-01
9.999999999973167020e-01,1.248465665274119367e-12,8.468222110901513222e-01,9.999999995832113964e-01,9.999999999997261080e-01,0.000000000000000000e+00,4.429759493334480824e-01,-6.134317296604997471e-01
9.999999999989400701e-01,8.543444720777617685e-14,6.547170183335926374e-01,9.999999980046609949e-01,9.999999999999628075e-01,0.000000000000000000e+00,4.429759472386358143e-01,-5.317378706333103500e-01
9.999999999988220534e-01,5.766783373472087468e-13,5.978058145676630186e-01,9.999999945300930282e-01,9.999999999999752420e-01,0.000000000000000000e+00,4.429759466180472893e-01,-5.075360479452756257e-01
9.999999999987611021e-01,2.938744387489744420e-12,1.031393809545203544e-01,9.999999988214499647e-01,9.999999999998966382e-01,0.000000000000000000e+00,4.429759412239540062e-01,-2.971762474750055949e-01
9.999999999991634470e-01,3.155712491888422777e-13,9.999999976656677170e-01,1.502139851699378359e-01,9.999999999999655831e-01,0.000000000000000000e+00,4.429759573788746851e-01,-7.445643671896603477e-01
9.999999999956281638e-01,3.002702708567684816e-13,5.121222564406598954e-01,9.999999970300877949e-01,9.999999999999642508e-01,0.000000000000000000e+00,4.429759456837103482e-01,-4.710986124655588414e-01
9.999999999980436760e-01,1.666986731397693194e-14,8.154514188237302896e-01,9.999999962168765189e-01,9.999999999998698819e-01,0.000000000000000000e+00,4.429759489913651094e-01,-6.000911166461709856e-01
9.999999999972933873e-01,8.511153237576933037e-13,2.795024902399913524e-01,9.999999994133942360e-01,9.999999999997016831e-01,0.000000000000000000e+00,4.429759431471066433e-01,-3.721756933176180171e-01
9.999999999996717071e-01,6.748941205130572405e-16,1.073226001263397067e-01,9.999999991724822790e-01,9.999999999997609690e-01,0.000000000000000000e+00,4.429759412695699616e-01,-2.989551859182976168e-01
9.999999999997316591e-01,2.875454335188086037e-13,9.999999999999819034e-01,6.768286153610121314e-01,9.999999999997741806e-01,0.000000000000000000e+00,4.429759534282093902e-01,-7.036684029948828689e-01
9.999999999999936717e-01,5.436687928351028563e-14,8.348525693906587719e-01,9.999999981762781598e-01,9.999999999999417133e-01,0.000000000000000000e+00,4.429759492029251011e-01,-6.083415694833113063e-01
9.999999999996981304e-01,6.221112606966855827e-12,4.807444894647540656e-01,9.999999994583338436e-01,9.999999999999941158e-01,0.000000000000000000e+00,4.429759453415512693e-01,-4.577550329652747552e-01
9.999999999993519628e-01,5.266432325708356942e-13,3.085867672503184167e-10,9.999999948589824994e-01,9.999999999996262989e-01,0.000000000000000000e+00,4.429759400992699936e-01,-2.533156216622188817e-01
9.999999999996018740e-01,2.362995748522536578e-12,9.350197978261449716e-01,9.999999973016778787e-01,9.999999999999549249e-01,0.000000000000000000e+00,4.429759502951992611e-01,-6.509382705235243760e-01
9.999999999999285016e-01,8.055844658670460926e-13,7.952162027960179014e-01,9.999999985451025752e-01,9.999999999999674705e-01,0.000000000000000000e+00,4.429759487707100596e-01,-5.914859722509023809e-01
9.999999999999297229e-01,1.915206216176867815e-13,6.144121018818959890e-01,9.999999980516587339e-01,9.999999999999676925e-01,0.000000000000000000e+00,4.429759467991306043e-01,-5.145979686813092480e-01
9.999999999997390976e-01,1.856474305923660211e-12,4.353021311021964546e-01,9.999999201061158249e-01,9.999999999949613638e-01,0.000000000000000000e+00,4.429759448460254267e-01,-4.384304098956494089e-01
9.999999999999032996e-01,2.001691576771886532e-12,9.729728583552226251e-01,9.999999962712534662e-01,9.999999997236257432e-01,0.000000000000000000e+00,4.429759507090586523e-01,-6.670780320349466441e-01
9.999999999998951949e-01,3.869514634653902227e-13,4.907151815402573947e-01,9.999999996673093472e-01,9.999999999994180211e-01,0.000000000000000000e+00,4.429759454502767424e-01,-4.619951281924427056e-01
9.999999999987543298e-01,2.344628410054785618e-12,9.949155684066935956e-01,9.999999960483503259e-01,9.999999999996275202e-01,0.000000000000000000e+00,4.429759509483330859e-01,-6.764092981097430402e-01
9.999999999981319387e-01,6.259613813030309208e-13,7.876703857933532726e-02,9.999999995781949647e-01,9.999999998760285003e-01,0.000000000000000000e+00,4.429759409581856544e-01,-2.868117659736652003e-01
9.999999999999358291e-01,3.115708259226379478e-12,4.170623407507395575e-02,9.999999990819148366e-01,9.999999999997616351e-01,0.000000000000000000e+00,4.429759405540558692e-01,-2.710514416839110430e-01
9.999999999985115240e-01,4.274045282620078122e-13,9.999999999998776534e-01,7.252863572311567530e-01,9.999999999999140687e-01,0.000000000000000000e+00,4.429759530646792398e-01,-6.999052600604881436e-01
9.999999999999863443e-01,1.214416692873582450e-12,9.262116585873223507e-01,9.999999990424284224e-01,9.999999999997947198e-01,0.000000000000000000e+00,4.429759501991508142e-01,-6.471925575528912900e-01
9.999999999999814593e-01,2.131087323056047639e-12,6.922119138232152302e-01,9.999999992406736204e-01,9.999999999999744649e-01,0.000000000000000000e+00,4.429759476474991464e-01,-5.476827946023795635e-01
9.999999999999125144e-01,3.596346207588935356e-14,9.999999999999182876e-01,6.925199464967800589e-01,9.999999999999783507e-01,0.000000000000000000e+00,4.429759533104929980e-01,-7.024498418397865374e-01
9.999999999952061680e-01,2.962256679823757905e-12,8.758765406692508027e-01,9.999999982027676371e-01,9.999999999999914513e-01,0.000000000000000000e+00,4.429759496502712612e-01,-6.257872537084420150e-01
9.999999999999281686e-01,3.804906456730921278e-13,3.618472180560596829e-01,9.999999956095266818e-01,9.999999999999974465e-01,0.000000000000000000e+00,4.429759440450352637e-01,-4.071932717397811485e-01
9.999999999997309930e-01,2.434969580971441713e-13,4.305185977883127513e-01,9.999999986526508788e-01,9.999999999999338307e-01,0.000000000000000000e+00,4.429759447938627637e-01,-4.363961782179593962e-01
9.999999999988367083e-01,3.680516264664955766e-14,9.999999999999981126e-01,2.324337362550311092e-01,9.999999999999995559e-01,0.000000000000000000e+00,4.429759567620617511e-01,-7.381793270436168841e-01
9.999999999994400035e-01,1.122357753905185739e-11,4.116342574054799863e-01,9.999999989491764607e-01,9.999999999998482325e-01,0.000000000000000000e+00,4.429759445879383195e-01,-4.283655017658102304e-01
9.999999999998514522e-01,1.054271864373942917e-14,9.999999999995846656e-01,6.968617713199179442e-02,9.999999999996287414e-01,0.000000000000000000e+00,4.429759579829946614e-01,-7.508180160021956651e-01
9.999999999993054445e-01,1.188696060046018587e-13,9.999999999999933387e-01,5.064377681219097704e-01,9.999999999999467093e-01,0.000000000000000000e+00,4.429759547064823222e-01,-7.169006562544141259e-01
9.999999999973072651e-01,1.198303696445245812e-12,9.999999999999924505e-01,9.444195204331059523e-01,9.999999999999757971e-01,0.000000000000000000e+00,4.429759514207412541e-01,-6.828877643430625310e-01
9.999999999999511502e-01,1.209008065055545833e-12,9.855436088730469280e-01,9.999999987576312366e-01,9.999999999997406519e-01,0.000000000000000000e+00,4.429759508461364459e-01,-6.724238171786139917e-01
9.999999999992656985e-01,1.940779475984494205e-12,3.661226578684224076e-01,9.999999992851795749e-01,9.999999999999389377e-01,0.000000000000000000e+00,4.429759440916568036e-01,-4.090114272927675154e-01
9.999999999976315612e-01,8.939668344596147270e-15,9.217160946610459815e-01,9.999999985996114171e-01,9.999999999992392752e-01,0.000000000000000000e+00,4.429759501501289165e-01,-6.452807926788487469e-01
9.999999999993669508e-01,3.845706908076066239e-14,2.931303003853246159e-01,9.999999994739831033e-01,9.999999999997697397e-01,0.000000000000000000e+00,4.429759432957111609e-01,-3.779709994499865777e-01
9.999999999999965583e-01,9.819970905126305559e-14,9.999999999999944489e-01,1.749555824493996270e-01,9.999999999999757971e-01,0.000000000000000000e+00,4.429759571932631035e-01,-7.426429792902705662e-01
9.999999999976432186e-01,5.096547724915148987e-14,9.999999999999896749e-01,2.718451533611018767e-02,9.999999999998130384e-01,0.000000000000000000e+00,4.429759583018423319e-01,-7.541186202424746687e-01
9.999999999994473310e-01,3.132539668684666373e-12,3.716420084098811527e-01,9.999999995837619560e-01,9.999999999999998890e-01,0.000000000000000000e+00,4.429759441518426044e-01,-4.113585634366742072e-01
9.999999999994400035e-01,1.122357753905185739e-11,9.999902565136428167e-01,9.999489720176342189e-01,9.999999999998463451e-01,0.000000000000000000e+00,4.429759510040528481e-01,-6.785713014068200932e-01
9.999999999998800959e-01,2.094627893395698033e-13,4.216282769687248466e-01,9.999999993730623871e-01,9.999999999999978906e-01,0.000000000000000000e+00,4.429759446969182002e-01,-4.326155171271356403e-01
9.999999999969623188e-01,5.637984868007041316e-13,9.077402657268641706e-01,9.999999991619207274e-01,9.999999999999730216e-01,0.000000000000000000e+00,4.429759499977294346e-01,-6.393374894678146569e-01
9.999999999989552801e-01,4.280402472242332947e-13,9.479882370548657899e-01,9.999999986931071838e-01,9.999999999999811262e-01,0.000000000000000000e+00,4.429759504366136968e-01,-6.564531752061731895e-01
9.999999999999471534e-01,2.629642174222197521e-13,7.447062804140522907e-01,9.999999985533521984e-01,9.999999998033782811e-01,0.000000000000000000e+00,4.429759482199243092e-01,-5.700063317165667831e-01
9.999999999999140687e-01,1.268612183526626249e-12,8.807243343002633118e-01,9.999999998388703348e-01,9.999999999997086775e-01,0.000000000000000000e+00,4.429759497031340310e-01,-6.278488062362163058e-01
9.999999999994959587e-01,1.665270445879499227e-13,1.527234080976608843e-01,9.999999952101805700e-01,9.999999999993499644e-01,0.000000000000000000e+00,4.429759417646433883e-01,-3.182621459101203643e-01
9.999999999988724575e-01,5.807731280824777936e-13,8.522589667385341849e-01,9.999999992181686226e-01,9.999999999999938938e-01,0.000000000000000000e+00,4.429759493927332703e-01,-6.157437418931600570e-01
9.999999999998804290e-01,2.071394749672349839e-11,6.228787868677581052e-01,9.999999997614289482e-01,9.999999999999912292e-01,0.000000000000000000e+00,4.429759468914556408e-01,-5.181984759618197822e-01
9.999999999981554755e-01,4.581027107855330645e-13,9.999999976416553693e-01,9.746937871551484278e-01,9.999999999999941158e-01,0.000000000000000000e+00,4.429759511936235405e-01,-6.805367170782935515e-01
9.999999999987692068e-01,6.629961241212684323e-12,8.869843365291940618e-02,9.999999995879704784e-01,1.000000000000000000e+00,0.000000000000000000e+00,4.429759410664825814e-01,-2.910351499367446193e-01
9.999999999997458699e-01,2.492337081958819157e-13,3.489515400525278199e-01,9.999999955840440657e-01,9.999999999998419042e-01,0.000000000000000000e+00,4.429759439044142488e-01,-4.017093090886579843e-01
9.999999999997269962e-01,1.202549689519570131e-12,1.585705017638940617e-01,9.999999988098955406e-01,9.999999999999937828e-01,0.000000000000000000e+00,4.429759418284029970e-01,-3.207486564819151953e-01
9.999999999995261568e-01,2.520283648485256126e-12,6.086122090277957808e-01,9.999999988908775395e-01,9.999999999996872502e-01,0.000000000000000000e+00,4.429759467358856395e-01,-5.121315301871210979e-01
9.999999999999801270e-01,2.166052513857987300e-12,9.438593811044401205e-01,9.999999946229511938e-01,9.999999999999559241e-01,0.000000000000000000e+00,4.429759503915906005e-01,-6.546973553299363369e-01
9.999999999991679989e-01,1.437414405684676527e-12,9.999999999999464873e-01,9.136122962957121674e-02,9.999999999999267253e-01,0.000000000000000000e+00,4.429759578203883441e-01,-7.491347695792333061e-01
9.999999999997474243e-01,2.531400871889918227e-13,7.660158869050006647e-01,9.999999992222395884e-01,9.999999844881701794e-01,0.000000000000000000e+00,4.429759484522952095e-01,-5.790683665921126932e-01
9.999999999996836975e-01,2.264409233460240937e-12,1.382293708170798940e-01,9.999999985965931648e-01,9.999999999998998579e-01,0.000000000000000000e+00,4.429759416065930377e-01,-3.120984713440243530e-01
9.999999999991364685e-01,1.233489002204701749e-12,2.266122273587114488e-01,9.999999982772539431e-01,9.999999999997131184e-01,0.000000000000000000e+00,4.429759425703644338e-01,-3.496837991254512223e-01
9.999999999999391598e-01,1.632558807170816388e-12,9.024352993798216982e-01,9.999999980024050217e-01,9.999999999999833467e-01,0.000000000000000000e+00,4.429759499398813749e-01,-6.370815215271844467e-01
9.999999999988252730e-01,2.250756688147947073e-12,3.985721185204658124e-01,9.999999995914687911e-01,9.999999999999682476e-01,0.000000000000000000e+00,4.429759444455021455e-01,-4.228107505981849590e-01
9.999999999998551159e-01,1.775629126655426379e-11,9.114220810331701284e-01,9.999999987321194217e-01,9.999999999977916554e-01,0.000000000000000000e+00,4.429759500378778192e-01,-6.409032030400018121e-01
9.999999999976412202e-01,1.381873762284466741e-12,9.999999999995755617e-01,9.030450116102926028e-01,9.999999999998090416e-01,0.000000000000000000e+00,4.429759517311330219e-01,-6.861008358672658902e-01
9.999999999999475975e-01,2.080069189370907231e-13,7.614769224968074290e-01,9.999999996945869718e-01,9.999999999999265032e-01,0.000000000000000000e+00,4.429759484027998573e-01,-5.771381454682446011e-01
9.999999999982234211e-01,4.837015628439943892e-13,6.194846120099778419e-02,9.999999967498806042e-01,9.999999999997672973e-01,0.000000000000000000e+00,4.429759407747874134e-01,-2.796595675895133803e-01
9.999999999988066213e-01,2.447341931957395181e-13,5.883620723919888995e-01,9.999999996971458138e-01,9.999999999999816813e-01,0.000000000000000000e+00,4.429759465150678865e-01,-5.035200408340781975e-01
9.999999999999968914e-01,1.421832068979157599e-14,9.999999999999924505e-01,2.003811414569597049e-01,9.999999999999757971e-01,0.000000000000000000e+00,4.429759570025204596e-01,-7.406684751336921613e-01
9.999999999999948930e-01,5.607417702892628626e-16,9.999999996851496320e-01,7.088397310908670645e-01,9.999999999999316103e-01,0.000000000000000000e+00,4.429759531880618773e-01,-7.011824759618406899e-01
9.999999999974197307e-01,1.128709564781383207e-14,7.132944883116743018e-02,9.999646955001265658e-01,9.999999999996996847e-01,0.000000000000000000e+00,4.429759408773472629e-01,-2.836516289945479885e-01
9.999999999999011902e-01,9.111703614455359653e-14,2.130869499415403712e-01,9.999999996673093472e-01,9.999999999995026201e-01,0.000000000000000000e+00,4.429759424228779663e-01,-3.439320955242323175e-01
9.999999999994400035e-01,1.122357753905185739e-11,7.042696570988133953e-01,9.999491531535416033e-01,9.999999999998474554e-01,0.000000000000000000e+00,4.429759477793643319e-01,-5.528143692182657665e-01
9.999999999999524825e-01,8.369315451377285936e-14,5.590888495796880742e-01,9.999999992687829131e-01,9.999999999991955324e-01,0.000000000000000000e+00,4.429759461958578393e-01,-4.910714312953209371e-01
9.999999999991826538e-01,1.256563488552461761e-12,7.113818950257133622e-01,9.999999981756722001e-01,9.999999999999954481e-01,0.000000000000000000e+00,4.429759478565383213e-01,-5.558349415470557053e-01
9.999999999988271604e-01,5.760561807820499202e-13,6.032160068635978867e-01,9.999999945300930282e-01,9.999999999999752420e-01,0.000000000000000000e+00,4.429759466770427645e-01,-5.098367639275683816e-01
9.999999999982402965e-01,8.988115278913738399e-16,4.417650166821796009e-02,9.999999970279511707e-01,9.999999999998816502e-01,0.000000000000000000e+00,4.429759405809929329e-01,-2.721019376158365644e-01
9.999999999989400701e-01,1.126885720521575919e-13,2.853084472566547181e-01,9.999999979889808710e-01,9.999999999999968914e-01,0.000000000000000000e+00,4.429759432104177774e-01,-3.746447106780254055e-01
9.999999999999803491e-01,6.066442499071711479e-13,9.516700536819209244e-01,9.999999981410911953e-01,9.999999999999302780e-01,0.000000000000000000e+00,4.429759504767620815e-01,-6.580188893489181678e-01
9.999999999973666620e-01,1.719904902133310688e-13,5.259192209317160582e-01,9.999999961245364943e-01,9.999999999997674083e-01,0.000000000000000000e+00,4.429759458341594458e-01,-4.769658525492391776e-01
9.999999999978674836e-01,2.096147460163689206e-13,9.999999999999125144e-01,6.088119826961198022e-01,9.999999999993088862e-01,0.000000000000000000e+00,4.429759539384705014e-01,-7.089504549584840776e-01
9.999999999994462208e-01,2.716686593658002876e-12,4.877734623788194945e-02,9.999999994333993447e-01,9.999999999997623013e-01,0.000000000000000000e+00,4.429759406311628567e-01,-2.740584735479257850e-01
9.999999999957236430e-01,2.189830504966722892e-13,1.949461554025380683e-01,9.999999990927614935e-01,9.999999999999559241e-01,0.000000000000000000e+00,4.429759422250615364e-01,-3.362176163675768548e-01
9.999999999992160715e-01,4.592674886164471314e-13,3.136657599780648953e-01,9.999999988065720880e-01,9.999999999999866773e-01,0.000000000000000000e+00,4.429759435196402584e-01,-3.867038240521790682e-01
9.999999999997344347e-01,6.307771364433448520e-13,3.535995036460229946e-01,9.999999987116701128e-01,9.999999999999040767e-01,0.000000000000000000e+00,4.429759439550979838e-01,-4.036858826060424343e-01
9.999999999976326714e-01,3.473903239303415518e-13,5.089648189255949751e-01,9.999999987104342125e-01,9.999999999999332756e-01,0.000000000000000000e+00,4.429759456492800562e-01,-4.697558935256950230e-01
9.999999999458447641e-01,6.412749711015846079e-13,9.999999999992812416e-01,4.057120685056140319e-01,9.999999999999461542e-01,0.000000000000000000e+00,4.429759554621269246e-01,-7.247228367800390147e-01
9.999999999999088507e-01,7.253869622482999714e-13,5.451708990253074649e-01,9.999999990078084489e-01,9.999999999998137046e-01,0.000000000000000000e+00,4.429759460440894636e-01,-4.851527412687689500e-01
9.999999999973636644e-01,3.435723124518467098e-13,3.900471159267214216e-01,9.999999998537463242e-01,9.999999999994594324e-01,0.000000000000000000e+00,4.429759443525412288e-01,-4.191854432593312696e-01
9.999999999999944489e-01,3.243891402137368690e-12,8.103665920390856758e-01,9.999999997175019750e-01,9.999999999999750200e-01,0.000000000000000000e+00,4.429759489359175739e-01,-5.979287639819538258e-01
9.999999999728107491e-01,1.981015215226125309e-13,9.999999974508747558e-01,6.425766291323699031e-01,9.999999999999210631e-01,0.000000000000000000e+00,4.429759536851679558e-01,-7.063283508678915856e-01
9.999999999999987788e-01,2.557575275221049672e-12,1.279659508032753301e-01,9.999999986069576519e-01,9.999999999998995248e-01,0.000000000000000000e+00,4.429759414946755069e-01,-3.077338918274868940e-01
9.999999999998852029e-01,2.465050979754800708e-13,3.853577745664473198e-01,9.999999987982370886e-01,9.999999999998657740e-01,0.000000000000000000e+00,4.429759443014062437e-01,-4.171912734441328707e-01
9.999999999978438359e-01,3.793009959611924932e-14,9.999999999997768452e-01,8.230307551830948198e-02,9.999999999998373523e-01,0.000000000000000000e+00,4.429759578883426530e-01,-7.498382098825869813e-01
9.999999999998305800e-01,5.900174203662930127e-12,7.006442274050458385e-01,9.999999995171934275e-01,9.999999999999891198e-01,0.000000000000000000e+00,4.429759477394493716e-01,-5.512686853534861653e-01
9.999999999973476772e-01,1.192574081191511151e-11,7.163918470479071487e-01,9.999999989978023418e-01,9.999999999999906741e-01,0.000000000000000000e+00,4.429759479111693987e-01,-5.579654529441905320e-01
9.999999999988584687e-01,2.371077917977170809e-12,9.999999999999467093e-01,9.904068609562883818e-01,9.999999999999958922e-01,0.000000000000000000e+00,4.429759510757440566e-01,-6.793164684292763988e-01
9.999999999975299758e-01,3.005666615200290638e-13,9.999999718492166290e-01,2.976118860190615778e-01,9.999999999997410960e-01,0.000000000000000000e+00,4.429759562730946620e-01,-7.331176946933807281e-01
9.999999999995552447e-01,6.604710734218758341e-13,9.999999998832094228e-01,8.744089454252670368e-01,9.999999999999941158e-01,0.000000000000000000e+00,4.429759519459608996e-01,-6.883246623109567919e-01
9.999999999992102984e-01,4.931790306387366211e-13,2.630744784987303353e-01,9.999999992575611119e-01,9.999999999999457101e-01,0.000000000000000000e+00,4.429759429679672733e-01,-3.651895850517509201e-01
9.999999999987496668e-01,2.461696510841529840e-12,5.693916257641962186e-01,9.999999988908775395e-01,9.999999999996752598e-01,0.000000000000000000e+00,4.429759463082045268e-01,-4.954527472812705335e-01
9.999999999997412070e-01,5.724861462129164127e-12,4.030605748433471192e-01,9.999999980715794656e-01,9.999999999999287237e-01,0.000000000000000000e+00,4.429759444944465496e-01,-4.247194930740533225e-01
9.999999999997133404e-01,5.657597748507384047e-13,8.618727876382199504e-01,9.999999996139343761e-01,9.999999999992564836e-01,0.000000000000000000e+00,4.429759494975671896e-01,-6.198320755470675403e-01
9.999999999999826805e-01,2.955618825913520022e-13,7.573190363277827464e-01,9.999999980473246453e-01,9.999999999999434896e-01,0.000000000000000000e+00,4.429759483574601808e-01,-5.753699801333257424e-01
9.999999999991449062e-01,6.947973517766081728e-14,3.803784381506608581e-01,9.999999981181317832e-01,9.999999999950806018e-01,0.000000000000000000e+00,4.429759442471090658e-01,-4.150737815019768240e-01
9.999999999999839018e-01,1.689335751907660771e-12,9.999999996943231828e-01,3.893535439232094220e-01,9.999999999999564793e-01,0.000000000000000000e+00,4.429759555848486463e-01,-7.259932108733434530e-01
9.999999999997903899e-01,1.138841044388992953e-13,6.321490740526973795e-01,9.999999962106299600e-01,9.999999999999203970e-01,0.000000000000000000e+00,4.429759469925435567e-01,-5.221407201967566136e-01
9.999999999993381961e-01,2.353856684997079840e-12,8.063084596086219635e-01,9.999999997215360814e-01,9.999999999999918954e-01,0.000000000000000000e+00,4.429759488916656385e-01,-5.962030193805601952e-01
9.999999999998800959e-01,8.823205978726604587e-13,4.696429757621642942e-01,9.999999994139803228e-01,9.999999999999755751e-01,0.000000000000000000e+00,4.429759452204947712e-01,-4.530340492006271758e-01
9.999999999974461540e-01,3.050368300922295361e-12,1.750764048881698898e-01,9.999999988083678737e-01,9.999999999999605871e-01,0.000000000000000000e+00,4.429759420083917432e-01,-3.277678885266591680e-01
9.999999999995163869e-01,1.057676836131112855e-13,9.999999999999102940e-01,3.104961069457746192e-01,9.999999999999675815e-01,0.000000000000000000e+00,4.429759561764374798e-01,-7.321171407480874249e-01
9.999999999971961318e-01,4.281302842390245904e-13,4.415613083881761991e-01,9.999987504366707469e-01,9.999999999948442353e-01,0.000000000000000000e+00,4.429759449142874339e-01,-4.410922525562063212e-01
9.999999999997101208e-01,1.197152885377599400e-12,1.896375303794402556e-01,9.999999980452282111e-01,9.999999999998879785e-01,0.000000000000000000e+00,4.429759421671736197e-01,-3.339600925440188162e-01
9.999999999974441556e-01,1.770472745653820194e-12,9.999999919178902408e-01,2.732747696232038503e-01,9.999999999999119593e-01,0.000000000000000000e+00,4.429759564556720597e-01,-7.350076808467774780e-01
9.999999999989552801e-01,6.144290578179152709e-14,2.583903254503664981e-01,9.999999986931071838e-01,9.999999999999430456e-01,0.000000000000000000e+00,4.429759429168889096e-01,-3.631976215586641965e-01
