9.999999999916141524e-01,1.574435684088399625e-12,2.091474340937260479e-09,9.999999971314232905e-01,9.999999999996790345e-01,0.000000000000000000e+00,4.429759400992699936e-01,-2.533156222444462591e-01
9.999999999967090769e-01,6.721279820734693544e-01,9.999999999996747047e-01,4.136899156570450486e-13,9.999999999994665378e-01,0.000000000000000000e+00,4.429759638326621896e-01,-7.563285825969813247e-01
9.999999999970591302e-01,3.024659890787678311e-14,9.999999999999356071e-01,9.983777763697998520e-02,9.999999999990445421e-01,0.000000000000000000e+00,4.429759577567972118e-01,-7.484764957830857268e-01
9.999999999993385291e-01,5.904472355070277403e-12,9.999999999999312772e-01,1.865382848187380205e-13,9.999999999997255529e-01,0.000000000000000000e+00,4.429759585057806426e-01,-7.562297218509480556e-01
9.999999999995141664e-01,1.894233060095986704e-13,9.999999999999998890e-01,6.812704888847669338e-01,9.999999999999666933e-01,0.000000000000000000e+00,4.429759533948864347e-01,-7.033234549163828175e-01
9.999999999671170814e-01,9.999992478437343957e-01,9.999999999999281686e-01,1.100439184220647348e-13,9.999999999999737987e-01,0.000000000000000000e+00,4.429759664311723188e-01,-7.563768079332756633e-01
9.999999999988029575e-01,3.082507612497731104e-13,9.999999999999359401e-01,6.694862768781821849e-01,9.999999999995939914e-01,0.000000000000000000e+00,4.429759534832916623e-01,-7.042385960767451047e-01
9.999999999940346607e-01,6.242138304844078037e-13,9.999999999999936717e-01,1.248180529451035081e-01,9.999999999996301847e-01,0.000000000000000000e+00,4.429759575693950624e-01,-7.465365715749471276e-01
9.999999999986306509e-01,2.432056176758711647e-14,9.999999999999936717e-01,8.681627491300261679e-02,9.999999999995274891e-01,0.000000000000000000e+00,4.429759578544845700e-01,-7.494877227630482031e-01
9.999999999955426766e-01,5.943793178031192223e-15,9.999999999999981126e-01,3.349673389251024980e-01,9.999999999997249978e-01,0.000000000000000000e+00,4.429759559928542201e-01,-7.302167479486917356e-01
9.999999999917307258e-01,2.535955642935189272e-13,9.999999999999908962e-01,3.990680459632290900e-01,9.999999999997872813e-01,0.000000000000000000e+00,4.429759555119704428e-01,-7.252387998758923482e-01
9.999999999970125009e-01,1.323440416054865328e-12,9.999999999999981126e-01,7.506502347926496954e-01,9.999999999999779066e-01,0.000000000000000000e+00,4.429759528743992814e-01,-6.979355459772772496e-01
9.999999999928425032e-01,1.110539661701709760e-13,9.999999999999442668e-01,3.877607591419324762e-01,9.999999999999946709e-01,0.000000000000000000e+00,4.429759555967977547e-01,-7.261169038666172026e-01
9.999999999991797672e-01,2.692623947616059163e-13,9.999999999999664713e-01,3.487667255386646126e-01,9.999999999996400657e-01,0.000000000000000000e+00,4.429759558893311411e-01,-7.291451118751094418e-01
9.999999999989109822e-01,3.319497124450335351e-13,9.999999999999995559e-01,5.280047571429152820e-01,9.999999999997867262e-01,0.000000000000000000e+00,4.429759545446866342e-01,-7.152258018514329185e-01
9.999999999983266719e-01,1.732126197982415245e-14,9.999999999999927836e-01,7.284088286635533871e-01,9.999999999996904698e-01,0.000000000000000000e+00,4.429759530412544222e-01,-6.996627744258315795e-01
9.999999999978532728e-01,2.474221752933129878e-14,9.999999999999648059e-01,8.600946037755509144e-01,9.999999999990509814e-01,0.000000000000000000e+00,4.429759520533471662e-01,-6.894362889353579105e-01
9.999999999969542142e-01,1.511071046302368207e-13,4.517818521532077636e-01,9.999999996734066920e-01,9.999999999999908962e-01,0.000000000000000000e+00,4.429759450257280129e-01,-4.454385016818506182e-01
9.999999999997789546e-01,1.566012760886747377e-14,9.999999999999936717e-01,4.119180805929774092e-01,9.999999999999561462e-01,0.000000000000000000e+00,4.429759554155693890e-01,-7.242408888066923511e-01
9.999999999994715338e-01,7.520823952138008352e-13,9.999999999999297229e-01,5.888596165328152665e-02,9.999999999999567013e-01,0.000000000000000000e+00,4.429759580640179051e-01,-7.516567417252558725e-01
9.999999999964028774e-01,1.340530091633408792e-12,9.999999999999936717e-01,1.371589545522739761e-01,9.999999999999880096e-01,0.000000000000000000e+00,4.429759574768135644e-01,-7.455781988800956883e-01
9.999999999999057421e-01,1.740984941730371231e-13,9.999999999999953371e-01,5.160303966119925700e-01,9.999999999997544187e-01,0.000000000000000000e+00,4.429759546345183874e-01,-7.161557096117566745e-01
9.999999999998401279e-01,7.661450818107883785e-13,2.271249509549710666e-01,9.999999991390042808e-01,9.999999999999018563e-01,0.000000000000000000e+00,4.429759425759554614e-01,-3.499018377730694906e-01
9.999999999996040945e-01,7.367039025612370857e-12,9.999999999999893419e-01,6.431285549811189828e-01,9.999999999999090727e-01,0.000000000000000000e+00,4.429759536810274345e-01,-7.062854903621801350e-01
9.999999999984042764e-01,3.720082692766351165e-13,9.999999999999990008e-01,5.410808774306132829e-01,9.999999999999862332e-01,0.000000000000000000e+00,4.429759544465895482e-01,-7.142103333675932086e-01
9.999999999910368365e-01,1.258159787586998399e-12,1.000000000000000000e+00,4.363596324970885898e-01,9.999999999999779066e-01,0.000000000000000000e+00,4.429759552322087846e-01,-7.223428009096722890e-01
9.999999999921539429e-01,6.972542865489484180e-13,9.999999999999994449e-01,6.024437995642756283e-01,9.999999999999975575e-01,0.000000000000000000e+00,4.429759539862446194e-01,-7.094449968510606608e-01
9.999999999999474865e-01,1.740052961525146783e-13,9.444109930666770847e-01,9.999999982230570739e-01,9.999999999999896749e-01,0.000000000000000000e+00,4.429759503976056223e-01,-6.549319312703284490e-01
9.999999999972450926e-01,4.792598272926720474e-14,9.999999999999940048e-01,7.758957736650311521e-01,9.999999999996891376e-01,0.000000000000000000e+00,4.429759526850071683e-01,-6.959750218675392341e-01
9.999999999972404296e-01,4.889195859212675035e-13,1.578396057855133150e-01,9.999999961224251832e-01,9.999999999989549471e-01,0.000000000000000000e+00,4.429759418204329835e-01,-3.204378388918732723e-01
9.999999999993512967e-01,4.725409554848933456e-14,7.736687337533721953e-01,9.999999975785355266e-01,9.999999999991656674e-01,0.000000000000000000e+00,4.429759485357455673e-01,-5.823227848258599737e-01
9.999999999923530059e-01,1.216773279041849786e-12,1.265839828460149641e-01,9.999999988907223303e-01,9.999999999997378763e-01,0.000000000000000000e+00,4.429759414796058392e-01,-3.071462018325762378e-01
9.999999999999484857e-01,2.211754917028048974e-14,9.999999999999998890e-01,4.344381601105073987e-02,9.999999999999666933e-01,0.000000000000000000e+00,4.429759581798649593e-01,-7.528559515732610175e-01
9.999999999946821427e-01,1.901049257701311041e-12,5.639641766543024293e-01,9.999999992673418436e-01,9.999999999999398259e-01,0.000000000000000000e+00,4.429759462490208688e-01,-4.931446927086099441e-01
9.999999999973945286e-01,6.337162470395773411e-14,5.107478636457440935e-03,9.999999983640669443e-01,9.999999999970877740e-01,0.000000000000000000e+00,4.429759401549644982e-01,-2.554876064835364113e-01
9.999999999980725418e-01,1.623141043700645313e-13,9.999999999999458211e-01,1.750116938923842735e-01,9.999999999999729106e-01,0.000000000000000000e+00,4.429759571928421624e-01,-7.426386217744423979e-01
9.999999999965191178e-01,1.249740730765830450e-12,2.787136311231502850e-01,9.999999983380116753e-01,9.999999999999427125e-01,0.000000000000000000e+00,4.429759431385045243e-01,-3.718402264385124445e-01
9.999999999981716847e-01,7.780251495659370695e-13,4.306486373234091336e-01,9.999999997032399390e-01,9.999999999996842526e-01,0.000000000000000000e+00,4.429759447952807405e-01,-4.364514782110909819e-01
9.999999999974091835e-01,1.548089257035863481e-12,9.999999999999987788e-01,2.511314037630141272e-01,9.999999999996938005e-01,0.000000000000000000e+00,4.429759566217917888e-01,-7.367272990981691416e-01
9.999999999973945286e-01,6.337162470395773411e-14,9.616532438336284905e-01,9.999999983640669443e-01,9.999999999999614753e-01,0.000000000000000000e+00,4.429759505856238344e-01,-6.622642994549582385e-01
9.999999999925837102e-01,4.572368848348669795e-13,9.999999999999988898e-01,6.305887650257662180e-01,9.999999999999382716e-01,0.000000000000000000e+00,4.429759537751009613e-01,-7.072593083767874100e-01
9.999999999978532728e-01,9.858295552126939894e-11,9.999999999999648059e-01,8.318347838915752801e-01,9.999999999999996669e-01,0.000000000000000000e+00,4.429759522653524684e-01,-6.916308968019918568e-01
9.999999999916141524e-01,6.314013806240696488e-13,7.096820301699313660e-02,9.999999971126065645e-01,9.999999999999908962e-01,0.000000000000000000e+00,4.429759408731432369e-01,-2.834952656339021493e-01
9.999999999964109820e-01,1.152715344071722466e-13,9.999999999999970024e-01,1.620924710158666571e-01,9.999999999996281863e-01,0.000000000000000000e+00,4.429759572897622455e-01,-7.436419058813060756e-01
9.999999999993013367e-01,1.489704019367865649e-12,5.995661864557200182e-01,9.999999993093889872e-01,9.999999999996918021e-01,0.000000000000000000e+00,4.429759466372432120e-01,-5.082846560372046296e-01
9.999999999917391635e-01,8.717291559663023742e-13,5.944714933526361600e-01,9.999999991308912151e-01,9.999999999999824585e-01,0.000000000000000000e+00,4.429759465816880959e-01,-5.061181079485977952e-01
9.999999999998221423e-01,1.778227450045221424e-12,9.999999999999964473e-01,8.448909536661167730e-01,9.999999999999924505e-01,0.000000000000000000e+00,4.429759521674050404e-01,-6.906169776403799920e-01
9.999999999999543698e-01,1.625067563876938931e-13,3.153720521289576917e-01,9.999999991453240034e-01,9.999999999999888978e-01,0.000000000000000000e+00,4.429759435382464861e-01,-3.874294347641241698e-01
9.999999999998069322e-01,7.585944288782441088e-13,3.431167576563226018e-01,9.999999984554303056e-01,9.999999999998325784e-01,0.000000000000000000e+00,4.429759438407888106e-01,-3.992280334544290321e-01
9.999999999964925834e-01,8.068278601245704143e-15,9.999999999999936717e-01,7.914735917718476177e-01,9.999999999999880096e-01,0.000000000000000000e+00,4.429759525681423171e-01,-6.947652759346069073e-01
9.999999999980641041e-01,2.090560046791152145e-13,9.999999999999497069e-01,1.888046463728524915e-01,9.999999999999719114e-01,0.000000000000000000e+00,4.429759570893673781e-01,-7.415674853637362895e-01
9.999999999971722620e-01,2.377819115183222701e-14,9.999999999999651390e-01,8.891705521295922843e-01,9.999999999999890088e-01,0.000000000000000000e+00,4.429759518352192615e-01,-6.871783019682143889e-01
9.999999999979869436e-01,1.205076486452338134e-12,2.836176234259093487e-01,9.999999968291420904e-01,9.999999999999427125e-01,0.000000000000000000e+00,4.429759431919801371e-01,-3.739256780243765954e-01
9.999999999999713562e-01,2.126804036325423415e-14,1.811633773617455923e-01,9.999999993533035259e-01,9.999999999988556931e-01,0.000000000000000000e+00,4.429759420747671483e-01,-3.303564092039962263e-01
9.999999999998401279e-01,3.296878238552323056e-13,3.568596549630118631e-01,9.999999991390042808e-01,9.999999999998941957e-01,0.000000000000000000e+00,4.429759439906483243e-01,-4.050722810279311359e-01
9.999999999998777644e-01,1.097726837609838216e-13,3.961650616135025116e-01,9.999999995438511036e-01,9.999999999999913403e-01,0.000000000000000000e+00,4.429759444192543638e-01,-4.217871355438892467e-01
9.999999999917289495e-01,2.306782410494224916e-12,4.630397362609044443e-01,9.999999965565475879e-01,9.999999999999339417e-01,0.000000000000000000e+00,4.429759451484897026e-01,-4.502259831230913667e-01
9.999999999956045160e-01,1.598711574477561794e-13,8.906954465506322638e-01,9.999999999595184930e-01,9.999999999995992095e-01,0.000000000000000000e+00,4.429759498118640559e-01,-6.320890801523709746e-01
9.999999999997785105e-01,1.673288689102352124e-12,8.723786404267870331e-01,9.999999995950549225e-01,9.999999999999688027e-01,0.000000000000000000e+00,4.429759496121283280e-01,-6.242997510214866042e-01
9.999999999999974465e-01,2.486183827187944259e-11,8.212753125523284403e-01,9.999999996095448873e-01,9.999999999997183364e-01,0.000000000000000000e+00,4.429759490548718093e-01,-6.025677613253496157e-01
9.999999999910332837e-01,8.499292078534059508e-14,9.999999999999972244e-01,9.311285040482695230e-01,9.999999999996967981e-01,0.000000000000000000e+00,4.429759515204505504e-01,-6.839199212803220851e-01
9.999999999998054889e-01,1.097252693437196365e-13,9.999999999999988898e-01,5.893066668003499320e-01,9.999999999998741007e-01,0.000000000000000000e+00,4.429759540847994503e-01,-7.104652034566235619e-01
9.999999999994590993e-01,6.057935892499719116e-13,4.005624948783720329e-01,9.999999976106854760e-01,9.999999999999850120e-01,0.000000000000000000e+00,4.429759444672062285e-01,-4.236571699638299604e-01
9.999999999994781952e-01,3.003116876346709253e-13,9.999999999999913403e-01,2.010407170514003083e-01,9.999999999994967359e-01,0.000000000000000000e+00,4.429759569975723066e-01,-7.406172536543503826e-01
9.999999999967384978e-01,5.562503032600617222e-13,3.275326654228860601e-01,9.999999996858826012e-01,9.999999999999541478e-01,0.000000000000000000e+00,4.429759436708519682e-01,-3.926008067982845740e-01
9.999999999916011628e-01,1.809117823883131110e-13,6.244767262586556344e-02,9.999999991661211451e-01,9.999999999997257749e-01,0.000000000000000000e+00,4.429759407802310034e-01,-2.798718599865112067e-01
9.999999999968348652e-01,4.613498966632309480e-14,8.812598873155499946e-02,9.999999994182324770e-01,9.999999999997177813e-01,0.000000000000000000e+00,4.429759410602403524e-01,-2.907917143922985614e-01
9.999999999993097743e-01,8.245102697137181638e-13,1.000000000000000000e+00,3.241732955110349090e-01,9.999999999999878986e-01,0.000000000000000000e+00,4.429759560738311674e-01,-7.310549943597234313e-01
9.999999999993097743e-01,8.245102697137181638e-13,1.000000000000000000e+00,2.797618519334857390e-01,9.999999999999626965e-01,0.000000000000000000e+00,4.429759564070060440e-01,-7.345039088912094227e-01
9.999999999988029575e-01,8.799981020286016351e-14,9.999999999999359401e-01,6.574467821633493969e-01,9.999999999995939914e-01,0.000000000000000000e+00,4.429759535736120246e-01,-7.051735620430436002e-01
9.999999999995959898e-01,1.263342793040291095e-13,1.000000000000000000e+00,7.623314874914151051e-01,9.999999999999935607e-01,0.000000000000000000e+00,4.429759527867664914e-01,-6.970284004551671186e-01
9.999999999920061722e-01,1.214097242831548782e-13,9.999999999999740208e-01,4.886408789555209964e-01,9.999999999999799050e-01,0.000000000000000000e+00,4.429759548399946345e-01,-7.182827313395049318e-01
9.999999999999750200e-01,1.201939993927712537e-14,4.785592078647741276e-01,9.999999981473900457e-01,9.999999999999894529e-01,0.000000000000000000e+00,4.429759453177218864e-01,-4.568257292587970531e-01
9.999999999986086685e-01,1.383270656358522620e-12,8.815485074577288360e-01,9.999999971678640298e-01,9.999999999999936717e-01,0.000000000000000000e+00,4.429759497121212308e-01,-6.281992909095016620e-01
9.999999999975679454e-01,1.480664802063106000e-13,2.470373855418139808e-02,9.999999972426123485e-01,9.999999999997983835e-01,0.000000000000000000e+00,4.429759403686520658e-01,-2.638210309546930032e-01
9.999999999999253930e-01,1.378900620103791200e-12,3.233848881468717185e-01,9.999999995267228048e-01,9.999999999997509770e-01,0.000000000000000000e+00,4.429759436256225369e-01,-3.908369402140373650e-01
9.999999999923170346e-01,7.760217397938381308e-14,1.715221459834028739e-01,9.999999999071298440e-01,9.999999999995152766e-01,0.000000000000000000e+00,4.429759419696343015e-01,-3.262564190109576989e-01
9.999999999982590593e-01,5.392073475540872775e-14,6.283418251991715886e-01,9.999999970175328379e-01,9.999999999996850297e-01,0.000000000000000000e+00,4.429759469510273773e-01,-5.205216652446670311e-01
9.999999999998757660e-01,3.122269392571085002e-13,9.734824495249161380e-02,9.999999996979024308e-01,9.999999999994563238e-01,0.000000000000000000e+00,4.429759411608045205e-01,-2.947135328797009235e-01
9.999999999992601474e-01,2.118580547453416604e-12,1.000000000000000000e+00,6.150963419531531029e-01,9.999999999999908962e-01,0.000000000000000000e+00,4.429759538913252137e-01,-7.084624226806620628e-01
9.999999999987994048e-01,2.432056176758711647e-14,9.999999999999920064e-01,6.964685734430908770e-01,9.999999999995918820e-01,0.000000000000000000e+00,4.429759532808703604e-01,-7.021431984214677735e-01
9.999999999981051824e-01,1.323432212061393820e-09,1.768290437585753050e-01,9.999999983945202509e-01,9.999999999999802380e-01,0.000000000000000000e+00,4.429759420275033999e-01,-3.285132085111149847e-01
9.999999999998702149e-01,8.205339290106120413e-13,9.999999999999927836e-01,7.115609006550066562e-01,9.999999999999023004e-01,0.000000000000000000e+00,4.429759531676476514e-01,-7.009711548580205287e-01
9.999999999917354998e-01,1.593376295028431369e-13,9.999999999999908962e-01,3.635232651145899885e-01,9.999999999999319433e-01,0.000000000000000000e+00,4.429759557786275281e-01,-7.279991449878019383e-01
9.999999999998757660e-01,1.257192489362648866e-09,1.313251294436131866e-01,9.999999969563293511e-01,9.999999999999690248e-01,0.000000000000000000e+00,4.429759415313057058e-01,-3.091624023614772954e-01
9.999999999922056793e-01,1.377007979344727846e-12,6.951761258626623086e-01,9.999999965067902785e-01,9.999999999997568612e-01,0.000000000000000000e+00,4.429759476798224571e-01,-5.489433433580100941e-01
9.999999999991210364e-01,3.640278540842782236e-15,9.999999999999998890e-01,2.413903313187147903e-01,9.999999999999783507e-01,0.000000000000000000e+00,4.429759566948693328e-01,-7.374837736368750063e-01
9.999999999954121144e-01,1.766764257400638393e-12,8.861275177860752361e-01,9.999999870771703048e-01,9.999999999999501510e-01,0.000000000000000000e+00,4.429759497620531783e-01,-6.301465426731175379e-01
9.999999999992323918e-01,1.153953325148638910e-13,4.348069323682112186e-01,9.999999976367062171e-01,9.999999999999930056e-01,0.000000000000000000e+00,4.429759448406249134e-01,-4.382198177107926584e-01
9.999999999995656808e-01,2.445925271563087131e-14,6.834595324320325016e-01,9.999999984629864835e-01,9.999999999979233278e-01,0.000000000000000000e+00,4.429759475520587686e-01,-5.439607931784907757e-01
9.999999999916870941e-01,6.058160088214045849e-14,5.313349092259306294e-01,9.999999992215823363e-01,9.999999999990993871e-01,0.000000000000000000e+00,4.429759458932148175e-01,-4.792689054983113595e-01
9.999999999921775906e-01,3.152350615726396515e-12,8.341343366272111481e-01,9.999999979722135057e-01,9.999999999998909761e-01,0.000000000000000000e+00,4.429759491950930883e-01,-6.080361368065471117e-01
9.999999999998498978e-01,9.263181042236586749e-13,2.638331976496439690e-01,9.999999970778938874e-01,9.999999999999220623e-01,0.000000000000000000e+00,4.429759429762407663e-01,-3.655122349869907028e-01
9.999999999991717736e-01,1.694718620475636570e-13,9.999999999999967804e-01,9.649592571642118255e-01,9.999999999996643796e-01,0.000000000000000000e+00,4.429759512666520682e-01,-6.812926845452927926e-01
9.999999999972509768e-01,1.004771438024655450e-13,3.727215751019241630e-02,9.999999988898313763e-01,9.999999999998023803e-01,0.000000000000000000e+00,4.429759405057044352e-01,-2.691658246509799346e-01
9.999999999993960387e-01,6.854298399705533669e-14,6.070824348430774453e-01,9.999999982127611986e-01,9.999999999999952260e-01,0.000000000000000000e+00,4.429759467192042055e-01,-5.114809848013709415e-01
9.999999999998216982e-01,1.172746091202357417e-13,9.999999999999997780e-01,8.745000283260236928e-01,9.999999999999875655e-01,0.000000000000000000e+00,4.429759519452776129e-01,-6.883175890226486127e-01
9.999999999999875655e-01,5.878874564141884630e-13,6.727273771338017072e-01,9.999999967601026496e-01,9.999999999999835687e-01,0.000000000000000000e+00,4.429759474350299375e-01,-5.393968813691697450e-01
9.999999999998884226e-01,6.279227966548519568e-14,2.517935474468770418e-01,9.999999997959128084e-01,9.999999999999593658e-01,0.000000000000000000e+00,4.429759428449542846e-01,-3.603923029627696950e-01
9.999999999994733102e-01,3.813838297586419513e-11,5.224232337731633535e-01,9.999999964681448583e-01,9.999999999996376232e-01,0.000000000000000000e+00,4.429759457960374402e-01,-4.754791634940519485e-01
9.999999999993283151e-01,4.861170384164161633e-14,5.095415657290884859e-01,9.999999968455257626e-01,9.999999999995230482e-01,0.000000000000000000e+00,4.429759456555691921e-01,-4.700011586295612664e-01
9.999999999996743716e-01,1.485260944176613164e-12,9.999999999999927836e-01,2.156471818874397262e-01,9.999999999997548628e-01,0.000000000000000000e+00,4.429759568879945708e-01,-7.394829413064069046e-01
9.999999999919216842e-01,1.750591524575650060e-15,7.877790029955290541e-01,9.999999974764023358e-01,9.999999999998668843e-01,0.000000000000000000e+00,4.429759486896110987e-01,-5.883232595294806133e-01
9.999999999922959404e-01,1.085356823974380371e-15,9.175653087373564221e-01,9.999999981441115571e-01,9.999999999997041256e-01,0.000000000000000000e+00,4.429759501048666781e-01,-6.435156466718302548e-01
9.999999999972710718e-01,1.819148383176239552e-13,1.959702745572309279e-01,9.999999979753896318e-01,9.999999999989480637e-01,0.000000000000000000e+00,4.429759422362291033e-01,-3.366531291277553573e-01
9.999999999999252820e-01,1.635992722478499075e-13,9.999999999999924505e-01,1.368008110401577881e-02,9.999999999999521494e-01,0.000000000000000000e+00,4.429759584031526254e-01,-7.551673508333748286e-01
9.999999999986007859e-01,1.572315774491876130e-13,1.434705348017485949e-01,9.999999971668250831e-01,9.999999999989511723e-01,0.000000000000000000e+00,4.429759416637453207e-01,-3.143273071583384537e-01
9.999999999991824318e-01,1.694718620475636570e-13,9.999999999999967804e-01,3.072318635044975488e-01,9.999999999999480416e-01,0.000000000000000000e+00,4.429759562009258911e-01,-7.323706361473342197e-01
9.999999999994944044e-01,2.160576480311991985e-11,6.034735343799688678e-01,9.999999979824328866e-01,9.999999999995852207e-01,0.000000000000000000e+00,4.429759466798509626e-01,-5.099462787456418011e-01
9.999999999985714760e-01,1.094603464211365960e-13,9.999999999999985567e-01,4.739238034371426878e-01,9.999999999997548628e-01,0.000000000000000000e+00,4.429759549504022065e-01,-7.194256335190826190e-01
9.999999999997268851e-01,7.603011910925113168e-13,9.219851124285188826e-01,9.999999996387641810e-01,9.999999999999997780e-01,0.000000000000000000e+00,4.429759501530624588e-01,-6.453951939804579707e-01
9.999999999989767074e-01,1.426643011445517779e-12,7.951507734038529840e-01,9.999999999371879111e-01,9.999999999999973355e-01,0.000000000000000000e+00,4.429759487699965748e-01,-5.914581479098474093e-01
9.999999999980784260e-01,5.411675324580692077e-13,5.857848648468263475e-01,9.999999972560037476e-01,9.999999999999602540e-01,0.000000000000000000e+00,4.429759464869647556e-01,-5.024240684096478171e-01
9.999999999998125944e-01,7.585944288782441088e-13,3.109879079700064164e-01,9.999999984264041908e-01,9.999999999999897859e-01,0.000000000000000000e+00,4.429759434904395610e-01,-3.855650518205692157e-01
9.999999999998632205e-01,5.603668016640120710e-14,4.384471745927389641e-01,9.999999990913556180e-01,9.999999999999320544e-01,0.000000000000000000e+00,4.429759448803199384e-01,-4.397678519393958263e-01
9.999999999989888089e-01,1.160614867981895172e-13,4.444053571283588799e-01,9.999999982231662088e-01,9.999999999999429345e-01,0.000000000000000000e+00,4.429759449452910225e-01,-4.423016040501989155e-01
9.999999999971503906e-01,4.609778440003706562e-14,7.479730666696110530e-02,9.999999995950549225e-01,9.999999999996940225e-01,0.000000000000000000e+00,4.429759409148976701e-01,-2.851236142105803006e-01
9.999999999995482503e-01,1.018206571246944642e-14,9.849126643213416132e-01,9.999999994593447017e-01,9.999999999991234789e-01,0.000000000000000000e+00,4.429759508392563383e-01,-6.721555042550392267e-01
9.999999999985274002e-01,1.709081272831371291e-12,4.982955681253422586e-01,9.999999981122347226e-01,9.999999999999543698e-01,0.000000000000000000e+00,4.429759455329371209e-01,-4.652187321374731122e-01
9.999999999993774980e-01,9.728557316159043499e-15,7.334633106276122749e-01,9.999999997683206576e-01,9.999999999999954481e-01,0.000000000000000000e+00,4.429759480973252672e-01,-5.652251928270523029e-01
9.999999999973301357e-01,1.480664802063106000e-13,7.827896343232341181e-01,9.999999966611460289e-01,9.999999999997791766e-01,0.000000000000000000e+00,4.429759486352045084e-01,-5.862015013225957416e-01
9.999999999985227372e-01,1.174998949866276380e-13,5.445246966386505516e-01,9.999999982434540913e-01,9.999999999993479660e-01,0.000000000000000000e+00,4.429759460370429891e-01,-4.848779399763375464e-01
9.999999999979077847e-01,1.918665740868973506e-13,9.184505310382545806e-02,9.999999972596463893e-01,9.999999999999505951e-01,0.000000000000000000e+00,4.429759411007949677e-01,-2.923732684813807881e-01
9.999999999990201172e-01,5.606723541509015845e-14,3.195284771795807721e-01,9.999999984441383383e-01,9.999999999999424904e-01,0.000000000000000000e+00,4.429759435835702863e-01,-3.891969789314696504e-01
9.999999999999974465e-01,2.563964667816565111e-11,4.507084435127090005e-02,9.999999996095448873e-01,9.999999999997183364e-01,0.000000000000000000e+00,4.429759405907452985e-01,-2.724822618828671716e-01
9.999999999986575183e-01,1.098723121562718970e-13,5.885728800154216289e-02,9.999999997404458441e-01,9.999999999981717957e-01,0.000000000000000000e+00,4.429759407410796546e-01,-2.783450278373228448e-01
9.999999999992145172e-01,8.889157522963874824e-14,3.018514100747043960e-01,9.999999986248556683e-01,9.999999999999227285e-01,0.000000000000000000e+00,4.429759433908105892e-01,-3.816797025252244291e-01
9.999999999914058746e-01,3.133094481474337899e-14,9.999999999999913403e-01,5.538006794631865626e-01,9.999999999994815258e-01,0.000000000000000000e+00,4.429759543511655462e-01,-7.132225359320439884e-01
9.999999999997487565e-01,4.454428150864399677e-13,2.318643048331469059e-01,9.999999983429719297e-01,9.999999999997876143e-01,0.000000000000000000e+00,4.429759426276357326e-01,-3.519172758485350494e-01
9.999999999993443023e-01,4.638178504535185402e-14,7.779370697987733063e-01,9.999999975785355266e-01,9.999999999991656674e-01,0.000000000000000000e+00,4.429759485822896692e-01,-5.841379197453032690e-01
9.999999999979869436e-01,1.256557606409785082e-12,3.838313798429364154e-01,9.999999968288603158e-01,9.999999999999427125e-01,0.000000000000000000e+00,4.429759442847616691e-01,-4.165421652944253372e-01
9.999999999998634426e-01,1.540587654125808327e-13,4.212595430243246675e-01,9.999999967401085321e-01,9.999999999999545919e-01,0.000000000000000000e+00,4.429759446928973610e-01,-4.324587110607905904e-01
9.999999999999832356e-01,2.012193165256740586e-13,9.999999999999967804e-01,5.010861363862941786e-01,9.999999999999552580e-01,0.000000000000000000e+00,4.429759547466302627e-01,-7.173162545548371627e-01
9.999999999993097743e-01,7.892982092232686563e-13,1.000000000000000000e+00,2.662357980588356265e-01,9.999999999999626965e-01,0.000000000000000000e+00,4.429759565084785411e-01,-7.355543184251255306e-01
9.999999999999154010e-01,7.215583221230951620e-14,8.001818240228016910e-01,9.999999997315862643e-01,9.999999999998117062e-01,0.000000000000000000e+00,4.429759488248576904e-01,-5.935976316892029869e-01
9.999999999959423569e-01,1.266156408211748159e-12,2.556738131407257364e-01,9.999999999452064969e-01,9.999999999999953371e-01,0.000000000000000000e+00,4.429759428872666605e-01,-3.620424086802164210e-01
9.999999999972887244e-01,4.135361056171052987e-16,9.999999999999651390e-01,9.539093061892878200e-01,9.999999999996738165e-01,0.000000000000000000e+00,4.429759513495488688e-01,-6.821508042875105149e-01
9.999999999993364197e-01,1.398055114933393916e-13,9.999999999999288347e-01,9.181572810511152705e-01,9.999999999999582556e-01,0.000000000000000000e+00,4.429759516177607104e-01,-6.849272436243910578e-01
9.999999999992560396e-01,1.577641743080828381e-12,9.999999999999340528e-01,4.614540861319470499e-01,9.999999999995284883e-01,0.000000000000000000e+00,4.429759550439500981e-01,-7.203940098136044634e-01
9.999999999985781374e-01,1.190711231127658843e-13,8.042017202830199496e-01,9.999999996501944821e-01,9.999999999999747979e-01,0.000000000000000000e+00,4.429759488686926816e-01,-5.953071161403066247e-01
9.999999999994726441e-01,9.683089129275668708e-13,9.001083037458323943e-01,9.999999997457209577e-01,9.999999999999692468e-01,0.000000000000000000e+00,4.429759499145066171e-01,-6.360919528594274341e-01
9.999999999953079755e-01,1.428044741299352585e-13,1.472429283190596905e-01,9.999999999452064969e-01,9.999999999999953371e-01,0.000000000000000000e+00,4.429759417048814152e-01,-3.159315393953435747e-01
9.999999999998332445e-01,1.064321263378850698e-12,5.587673004843990432e-01,9.999999970532722493e-01,9.999999999999804601e-01,0.000000000000000000e+00,4.429759461923515329e-01,-4.909346908302451018e-01
9.999999999954428676e-01,6.287138923378940259e-14,7.632399030895921088e-01,9.999999995503791039e-01,9.999999999999639178e-01,0.000000000000000000e+00,4.429759484220243126e-01,-5.778878633096636852e-01
9.999999999997624123e-01,1.227615091936606000e-12,1.398271352531102185e-01,9.999999988826733244e-01,9.999999999997378763e-01,0.000000000000000000e+00,4.429759416240158787e-01,-3.127779300126988238e-01
9.999999999986307619e-01,1.876944664446133377e-14,9.999999999999936717e-01,9.015638673281204385e-01,9.999999999995274891e-01,0.000000000000000000e+00,4.429759517422445780e-01,-6.862158589257628671e-01
9.999999999998069322e-01,7.478280751575924517e-14,7.248745255178810076e-01,9.999999995378195949e-01,9.999999999999974465e-01,0.000000000000000000e+00,4.429759480036687957e-01,-5.615727616382185650e-01
9.999999999998401279e-01,3.296878238552323056e-13,6.430306603670963295e-01,9.999999991390042808e-01,9.999999999999148459e-01,0.000000000000000000e+00,4.429759471112018621e-01,-5.267681783262611050e-01
9.999999999997825073e-01,9.825423194215878054e-14,9.999999999999924505e-01,9.420516496007684815e-01,9.999999999999521494e-01,0.000000000000000000e+00,4.429759514385050445e-01,-6.830716490248481820e-01
9.999999999992882360e-01,8.180809426954564200e-13,9.579993970041115192e-01,9.999999981949283523e-01,9.999999999999545919e-01,0.000000000000000000e+00,4.429759505457804281e-01,-6.607104796886068554e-01
9.999999999997638556e-01,1.185953743186322609e-13,7.194097017570664221e-01,9.999999999663247152e-01,9.999999999999940048e-01,0.000000000000000000e+00,4.429759479440775749e-01,-5.592488132718599347e-01
9.999999999984683363e-01,1.920230636280777330e-13,5.003801291632820059e-02,9.999999968205440792e-01,9.999999999994501065e-01,0.000000000000000000e+00,4.429759406449098047e-01,-2.745945796443177711e-01
9.999999999973329112e-01,8.260156570363139977e-14,2.876986184401535973e-01,9.999999966929822293e-01,9.999999999999453770e-01,0.000000000000000000e+00,4.429759432364813732e-01,-3.756611450831354171e-01
9.999999999998616662e-01,1.030265548464135268e-13,2.910774174046082408e-02,9.999999997401552987e-01,9.999999999999987788e-01,0.000000000000000000e+00,4.429759404166755399e-01,-2.656938589273617479e-01
9.999999999999346079e-01,1.161008085071638115e-13,5.484335533696377274e-01,9.999999972179738350e-01,9.999999999991623367e-01,0.000000000000000000e+00,4.429759460796671156e-01,-4.865402042908865132e-01
9.999999999980565546e-01,1.637901208919286803e-13,8.474308303979979362e-01,9.999999996435858796e-01,9.999999999999473754e-01,0.000000000000000000e+00,4.429759493400847736e-01,-6.136905485838305419e-01
9.999999999972043474e-01,1.004771438024655450e-13,8.295835885368565421e-01,9.999999961488208466e-01,9.999999999999401590e-01,0.000000000000000000e+00,4.429759491454694498e-01,-6.061009046498621045e-01
9.999999999998889777e-01,5.731770749695053435e-12,6.781123677445347608e-01,9.999999971982769242e-01,9.999999999999967804e-01,0.000000000000000000e+00,4.429759474937505770e-01,-5.416868801535740241e-01
9.999999999970815567e-01,4.609778440003706562e-14,1.017339284791792808e-01,9.999999995950549225e-01,9.999999999996940225e-01,0.000000000000000000e+00,4.429759412086282655e-01,-2.965785705115412396e-01
9.999999999992750244e-01,2.801641598637459734e-13,1.627567275618114762e-01,9.999999982244646146e-01,9.999999999998806510e-01,0.000000000000000000e+00,4.429759418740517596e-01,-3.225288735833750087e-01
9.999999999995887734e-01,2.160576480311991985e-11,6.177219902213431091e-01,9.999999979705495035e-01,9.999999999998203659e-01,0.000000000000000000e+00,4.429759468352233442e-01,-5.160055181034904903e-01
9.999999999987323474e-01,3.936369466671661065e-14,4.749803787546464373e-01,9.999999993644742569e-01,9.999999999965631936e-01,0.000000000000000000e+00,4.429759452786964924e-01,-4.553038111095614182e-01
9.999999999985270671e-01,4.336652440699427555e-11,2.687619844650489531e-01,9.999999995479069703e-01,9.999999999996235234e-01,0.000000000000000000e+00,4.429759430299867184e-01,-3.676082302758639786e-01
9.999999999986498578e-01,4.814732546971303916e-13,9.658441667168835565e-01,9.999999972554349803e-01,9.999999999999418243e-01,0.000000000000000000e+00,4.429759506313237782e-01,-6.640465140593486693e-01
9.999999999935496042e-01,3.164226213702083133e-13,3.786961585652022788e-01,9.999999998835540360e-01,9.999999999999575895e-01,0.000000000000000000e+00,4.429759442287646287e-01,-4.143583821109265708e-01
9.999999999997388755e-01,1.765003527050966679e-13,3.929232471784367409e-01,9.999999982669275367e-01,9.999999999999896749e-01,0.000000000000000000e+00,4.429759443839040300e-01,-4.204085350542067223e-01
9.999999999986007859e-01,5.982082568081228878e-13,6.335763997458059293e-01,9.999999971784939712e-01,9.999999999999387157e-01,0.000000000000000000e+00,4.429759470081078288e-01,-5.227476987377118745e-01
9.999999999992467137e-01,3.345451609123166747e-01,9.999999999999967804e-01,4.277377063655052325e-12,9.999999999999980016e-01,0.000000000000000000e+00,4.429759611571840727e-01,-7.562789288242756092e-01
9.999999999992236210e-01,1.124663535773608275e-13,3.365986071075903197e-01,9.999999999235823500e-01,9.999999999999622524e-01,0.000000000000000000e+00,4.429759437697116109e-01,-3.964561516162204979e-01
9.999999999998541167e-01,2.344938688828771498e-12,1.204790268763221706e-01,9.999999996924696655e-01,9.999999999996750377e-01,0.000000000000000000e+00,4.429759414130343131e-01,-3.045500334627612160e-01
9.999999999998031575e-01,3.003784180673474642e-14,9.770454971700555102e-01,9.999999997488564496e-01,9.999999999998472333e-01,0.000000000000000000e+00,4.429759507534687391e-01,-6.688099452916816956e-01
9.999999999990245581e-01,1.580594539942492240e-14,3.732709382873082848e-01,9.999999975475902803e-01,9.999999999980938581e-01,0.000000000000000000e+00,4.429759441696052846e-01,-4.120512755721740250e-01
9.999999999993774980e-01,9.728557316159043499e-15,7.380139980749774731e-01,9.999999997683206576e-01,9.999999999997902789e-01,0.000000000000000000e+00,4.429759481469482396e-01,-5.671603993365293972e-01
9.999999999997258859e-01,1.202408089308652250e-12,6.893547234523171863e-01,9.999999963408408021e-01,9.999999999999652500e-01,0.000000000000000000e+00,4.429759476163429022e-01,-5.464677578764950416e-01
9.999999999989971355e-01,3.675520510925387606e-15,8.320422696958190700e-02,9.999999967891325392e-01,9.999999999969728659e-01,0.000000000000000000e+00,4.429759410065710057e-01,-2.886987065598812796e-01
9.999999999993960387e-01,6.854298399705533669e-14,1.535222090567656128e-02,9.999999982127611986e-01,9.999999999999938938e-01,0.000000000000000000e+00,4.429759402666783585e-01,-2.598442431899937732e-01
9.999999999986595167e-01,4.440202614913945163e-13,8.683587441665375772e-01,9.999999996416819581e-01,9.999999999999416023e-01,0.000000000000000000e+00,4.429759495682933923e-01,-6.225902665723138663e-01
9.999999999985270671e-01,4.336652440699427555e-11,9.818498317012813725e-03,9.999999996022369553e-01,9.999999999996794786e-01,0.000000000000000000e+00,4.429759402063358498e-01,-2.574909951179059631e-01
9.999999999998725464e-01,5.017234618802493010e-15,9.999999999999927836e-01,5.640151529016406151e-01,9.999999999997548628e-01,0.000000000000000000e+00,4.429759542745365097e-01,-7.124292979052696539e-01
9.999999999886847180e-01,2.433008409667778130e-14,4.668437846207037500e-01,9.999999966334228718e-01,9.999999999999864553e-01,0.000000000000000000e+00,4.429759451899709655e-01,-4.518436769771844164e-01
9.999999999993350874e-01,1.658424052040621079e-12,4.050017426563408685e-01,9.999999992629329260e-01,9.999999999999937828e-01,0.000000000000000000e+00,4.429759445156140063e-01,-4.255449859713914540e-01
9.999999999973085973e-01,3.854955817316545853e-14,3.691435556377397620e-01,9.999999962061528747e-01,9.999999999997221112e-01,0.000000000000000000e+00,4.429759441245982310e-01,-4.102960820140996168e-01
9.999999999993510746e-01,1.106390688633050523e-13,3.320942697220227169e-01,9.999999969055589633e-01,9.999999999997509770e-01,0.000000000000000000e+00,4.429759437205940675e-01,-3.945406559776353239e-01
9.999999999992043032e-01,2.780059986047983453e-13,4.707301187720588365e-01,9.999999983373208945e-01,9.999999999999713562e-01,0.000000000000000000e+00,4.429759452323495106e-01,-4.534963632212284379e-01
9.999999999969673148e-01,1.246374591510925576e-12,8.437352323725585412e-01,9.999999992742183430e-01,9.999999999998782085e-01,0.000000000000000000e+00,4.429759492997861203e-01,-6.121189738919320389e-01
9.999999999998261391e-01,9.786321064464274109e-12,8.519844361038061420e-01,9.999999981091401979e-01,9.999999999998033795e-01,0.000000000000000000e+00,4.429759493897396094e-01,-6.156269962179693467e-01
9.999999999973211429e-01,3.124281583677649886e-13,6.229552583440780555e-01,9.999999989228526287e-01,9.999999999997785105e-01,0.000000000000000000e+00,4.429759468922895294e-01,-5.182309959708372160e-01
9.999999999982156496e-01,1.305399152586960421e-09,9.999999999999928946e-01,8.179736377643056500e-01,9.999999999999907851e-01,0.000000000000000000e+00,4.429759523693388434e-01,-6.927073290113244797e-01
9.999999999985524912e-01,2.253069326045411523e-12,5.737096351267645389e-01,9.999999971365275409e-01,9.999999999999722444e-01,0.000000000000000000e+00,4.429759463552903065e-01,-4.972890062072520267e-01
9.999999999999098499e-01,3.081407580652431792e-13,1.000000000000000000e+00,7.392107616427594508e-01,9.999999999999430456e-01,0.000000000000000000e+00,4.429759529602182999e-01,-6.988239153253020808e-01
9.999999999998036015e-01,4.613498966632309480e-14,5.537030425002038569e-01,9.999999998396701395e-01,9.999999999997177813e-01,0.000000000000000000e+00,4.429759461371282625e-01,-4.887810852245245696e-01
9.999999999993135491e-01,6.249772603819542326e-11,5.683361015823102935e-01,9.999999971803517074e-01,9.999999999998151479e-01,0.000000000000000000e+00,4.429759462966945671e-01,-4.950038795698342708e-01
9.999999999919957361e-01,3.097354089324886156e-14,8.252992166840233956e-01,9.999999970086976830e-01,9.999999999999868994e-01,0.000000000000000000e+00,4.429759490987504877e-01,-6.042789503429805142e-01
9.999999999986121102e-01,5.589757118206256739e-14,8.397886960554732383e-01,9.999999898320588443e-01,9.999999999999933387e-01,0.000000000000000000e+00,4.429759492567511558e-01,-6.104406869257364976e-01
9.999999999986211030e-01,1.162790159130352980e-12,7.102196783825697191e-01,9.999999962388028685e-01,9.999999999999320544e-01,0.000000000000000000e+00,4.429759478438649589e-01,-5.553407022576245522e-01
9.999999999997500888e-01,1.185953743186322609e-13,7.153666334724908538e-01,9.999999999503785819e-01,9.999999999999940048e-01,0.000000000000000000e+00,4.429759478999899525e-01,-5.575294747875684243e-01
9.999999999973462339e-01,6.033893531325133354e-14,8.627890360383412283e-01,9.999999980667858557e-01,9.999999999997909450e-01,0.000000000000000000e+00,4.429759495075584752e-01,-6.202217156693298206e-01
9.999999999999992228e-01,1.323165978976857399e-12,2.140500230216461630e-01,9.999999996888968568e-01,9.999999999996663780e-01,0.000000000000000000e+00,4.429759424333797879e-01,-3.443416479941002750e-01
9.999999999916141524e-01,1.469827958514927388e-12,4.555433653044775877e-01,9.999999995501559491e-01,9.999999999999866773e-01,0.000000000000000000e+00,4.429759450667454801e-01,-4.470381072051304860e-01
9.999999999902019487e-01,1.061811347899497662e-13,4.134204843293857734e-01,9.999999976517912614e-01,9.999999999999851230e-01,0.000000000000000000e+00,4.429759446074162943e-01,-4.291251053352184153e-01
9.999999999972991604e-01,1.030265548464135268e-13,6.695146275692842597e-02,9.999999997401552987e-01,9.999999999999987788e-01,0.000000000000000000e+00,4.429759408293426071e-01,-2.817871230921104031e-01
9.999999999924326088e-01,1.377007979344727846e-12,6.625057682990372898e-01,9.999999964913740547e-01,9.999999999999255040e-01,0.000000000000000000e+00,4.429759473235683198e-01,-5.350500823239788817e-01
9.999999999998483435e-01,2.344938688828771498e-12,1.158142673179713977e-01,9.999999989515340193e-01,9.999999999995481392e-01,0.000000000000000000e+00,4.429759413621673914e-01,-3.025663171778457672e-01
9.999999999993048894e-01,1.257429687382963635e-09,7.423218538420202073e-01,9.999999999756695734e-01,9.999999999998088196e-01,0.000000000000000000e+00,4.429759481939233301e-01,-5.689923402336897196e-01
9.999999999956348251e-01,1.189334405110620514e-13,2.922488659693508462e-01,9.999999968172693654e-01,9.999999999995987654e-01,0.000000000000000000e+00,4.429759432860995716e-01,-3.775961645041904235e-01
9.999999999992519317e-01,4.109428264294920210e-11,2.739536269477238495e-01,9.999999976372540011e-01,9.999999999999720224e-01,0.000000000000000000e+00,4.429759430865990444e-01,-3.698160068181545190e-01
9.999999999965321074e-01,6.259505300795407229e-14,6.994755043277599560e-01,9.999999983363759837e-01,9.999999999998882005e-01,0.000000000000000000e+00,4.429759477267050105e-01,-5.507716791062892137e-01
9.999999999996956879e-01,7.603011910925113168e-13,6.394982131525542846e-01,9.999999991457420023e-01,9.999999999999997780e-01,0.000000000000000000e+00,4.429759470726822856e-01,-5.252659844441319725e-01
9.999999999902384751e-01,8.598674079510724612e-15,1.672873426285055309e-01,9.999999971572010038e-01,9.999999999994699795e-01,0.000000000000000000e+00,4.429759419234558515e-01,-3.244555442773523479e-01
9.999999999971910247e-01,8.120848029804590283e-13,9.999999999999947820e-01,4.242391142165548579e-01,9.999999999997770672e-01,0.000000000000000000e+00,4.429759553231369384e-01,-7.232840590234571598e-01
9.999999999926370009e-01,1.018206571246944642e-14,5.902640848282779684e-01,9.999999969646939935e-01,9.999999999999973355e-01,0.000000000000000000e+00,4.429759465358084070e-01,-5.043288829824422725e-01
9.999999999900710534e-01,4.807026115383500869e-13,7.057801636568086234e-01,9.999999976592034434e-01,9.999999999999960032e-01,0.000000000000000000e+00,4.429759477954542390e-01,-5.534527724904992896e-01
9.999999999985274002e-01,7.686074075415484293e-14,5.030726799746834121e-01,9.999999981478738809e-01,9.999999999982446264e-01,0.000000000000000000e+00,4.429759455850291738e-01,-4.672502269466364266e-01
9.999999999997413180e-01,1.260654164295959829e-14,4.093961104770910131e-01,9.999999972149203886e-01,9.999999999996052047e-01,0.000000000000000000e+00,4.429759445635324533e-01,-4.274137168017254629e-01
9.999999999921727056e-01,6.923240260347985878e-11,7.686581984134005507e-01,9.999999990626100566e-01,9.999999999999822364e-01,0.000000000000000000e+00,4.429759484811081616e-01,-5.801920251905509085e-01
9.999999999935148542e-01,3.217000682350317745e-13,4.181486228655620918e-01,9.999999965565475879e-01,9.999999999999584777e-01,0.000000000000000000e+00,4.429759446589742744e-01,-4.311357740443678699e-01
9.999999999998090416e-01,2.160576480311991985e-11,6.122110597792784770e-01,9.999999979705495035e-01,9.999999999998335776e-01,0.000000000000000000e+00,4.429759467751293589e-01,-5.136619626332724620e-01
9.999999999998538946e-01,3.334767387749132162e-15,9.999999999999651390e-01,9.888871657400825077e-01,9.999999999999903411e-01,0.000000000000000000e+00,4.429759510871448258e-01,-6.794344852843513527e-01
9.999999999976993958e-01,7.678720144469976109e-14,2.962819518825414722e-01,9.999999962009938903e-01,9.999999999999727995e-01,0.000000000000000000e+00,4.429759433300783922e-01,-3.793112579746588109e-01
9.999999999977988718e-01,1.389959227763869146e-12,9.262307269539558074e-01,9.999999975686261200e-01,9.999999999990651922e-01,0.000000000000000000e+00,4.429759501993587589e-01,-6.472006666012884990e-01
9.999999999984735544e-01,2.149923870579635186e-11,4.480799640089029312e-01,9.999999890722793827e-01,9.999999999999774625e-01,0.000000000000000000e+00,4.429759449853608588e-01,-4.438642528739308313e-01
9.999999999998310241e-01,1.932033946633241880e-14,5.188462307237046156e-01,9.999999971469084592e-01,9.999999999999988898e-01,0.000000000000000000e+00,4.429759457570319747e-01,-4.739580219294751151e-01
9.999999999998463451e-01,5.022679938347338823e-12,7.529582672317762793e-01,9.999999999167069609e-01,9.999999999996567190e-01,0.000000000000000000e+00,4.429759483099081629e-01,-5.735155373716550598e-01
9.999999999948032681e-01,1.378900620103791200e-12,5.358926029344495134e-01,9.999999995066138903e-01,9.999999999999613642e-01,0.000000000000000000e+00,4.429759459429142288e-01,-4.812070914377714059e-01
9.999999999981032950e-01,6.267737055393489439e-15,4.881145805092305112e-01,9.999999994343600207e-01,9.999999999979233278e-01,0.000000000000000000e+00,4.429759454219184822e-01,-4.608892073800082700e-01
9.999999999975272003e-01,2.688961832217059693e-14,4.595582648660527236e-01,9.999999965375583333e-01,9.999999999999360512e-01,0.000000000000000000e+00,4.429759451105260148e-01,-4.487454670087788200e-01
9.999999999995887734e-01,2.160576480311991985e-11,9.943793238332465645e-01,9.999999979705495035e-01,9.999999999999206191e-01,0.000000000000000000e+00,4.429759509424855968e-01,-6.761812568129487167e-01
9.999999999925870409e-01,1.795276195669071263e-14,9.121092951128506598e-01,9.999999981441115571e-01,9.999999999997041256e-01,0.000000000000000000e+00,4.429759500453715471e-01,-6.411954449013187451e-01
9.999999999986272092e-01,4.524221282322758152e-13,3.876801942614481189e-01,9.999999994170259976e-01,9.999999999997334355e-01,0.000000000000000000e+00,4.429759443267310970e-01,-4.181788959829623176e-01
9.999999999973462339e-01,1.628238274034226074e-11,2.470908912265862845e-01,9.999999980100756636e-01,9.999999999996319611e-01,0.000000000000000000e+00,4.429759427936741933e-01,-3.583924709815174969e-01
9.999999999971727060e-01,1.898677379497905494e-14,7.916633941159640919e-01,9.999999961488208466e-01,9.999999999997585265e-01,0.000000000000000000e+00,4.429759487319684941e-01,-5.899751197233448208e-01
9.999999999993135491e-01,6.249772603819542326e-11,2.362979190339991598e-01,9.999999876479012118e-01,9.999999999998151479e-01,0.000000000000000000e+00,4.429759426759822261e-01,-3.538026971034330392e-01
9.999999999998122613e-01,2.385178569909324246e-12,1.910809306318607403e-01,9.999999984207331716e-01,9.999999999996750377e-01,0.000000000000000000e+00,4.429759421829131960e-01,-3.345739069317726910e-01
9.999999999989971355e-01,1.253955067728033723e-14,7.937392329119508094e-02,9.999999967952178936e-01,9.999999999970200504e-01,0.000000000000000000e+00,4.429759409648034718e-01,-2.870698474714029613e-01
9.999999999979605203e-01,3.560525363959204080e-15,9.040472768726433017e-01,9.999999971095132612e-01,9.999999999980335730e-01,0.000000000000000000e+00,4.429759499574592030e-01,-6.377670244723528947e-01
9.999999999993727240e-01,9.728557316159043499e-15,9.362440928077772062e-01,9.999999997683206576e-01,9.999999999997902789e-01,0.000000000000000000e+00,4.429759503085495820e-01,-6.514589089485921525e-01
9.999999999998961941e-01,9.557877297970567013e-12,6.475235201423994447e-01,9.999999993126017506e-01,9.999999999996918021e-01,0.000000000000000000e+00,4.429759471601942833e-01,-5.286787932649240629e-01
9.999999999938053996e-01,6.454486017225829672e-14,8.121149480760792017e-01,9.999999960731541515e-01,9.999999999999819034e-01,0.000000000000000000e+00,4.429759489549825457e-01,-5.986722629163131471e-01
9.999999999894796376e-01,1.178754204938866462e-14,5.498798224733886242e-02,9.999999967081001362e-01,9.999999999981664667e-01,0.000000000000000000e+00,4.429759406988867942e-01,-2.766995831227315739e-01
9.999999999988032906e-01,1.325095743984267985e-09,6.570656361954649860e-01,9.999999998064466045e-01,9.999999999999701350e-01,0.000000000000000000e+00,4.429759472642463281e-01,-5.327366340043416804e-01
9.999999999998453459e-01,9.660546377558679657e-13,5.772366557135907295e-01,9.999999970532722493e-01,9.999999999999810152e-01,0.000000000000000000e+00,4.429759463937507635e-01,-4.987888923901931948e-01
9.999999999984484633e-01,6.279227966548519568e-14,8.170144360918901727e-01,9.999999983183790464e-01,9.999999999999793499e-01,0.000000000000000000e+00,4.429759490084090312e-01,-6.007557987369217534e-01
9.999999999923170346e-01,1.319405670728023966e-12,2.046981867665937094e-01,9.999999999070188217e-01,9.999999999996743716e-01,0.000000000000000000e+00,4.429759423314026390e-01,-3.403647247979143531e-01
9.999999999999346079e-01,1.161008085071638115e-13,5.410187585222110407e-01,9.999999982921801145e-01,9.999999999996772582e-01,0.000000000000000000e+00,4.429759459988124592e-01,-4.833870192406887201e-01
9.999999999999749090e-01,3.334767387749132162e-15,9.727388212402938716e-01,9.999331490534263400e-01,9.999999999999903411e-01,0.000000000000000000e+00,4.429759507070080704e-01,-6.669836976193838085e-01
9.999999999996711519e-01,2.253069326045411523e-12,5.825490926837274541e-01,9.999999971365275409e-01,9.999999999999998890e-01,0.000000000000000000e+00,4.429759464516802581e-01,-5.010480373412450339e-01
9.999999999997636335e-01,3.003784180673474642e-14,9.999723644320179794e-01,9.999999997488564496e-01,9.999999999999963363e-01,0.000000000000000000e+00,4.429759510034749215e-01,-6.785597299701987550e-01
9.999999999995254907e-01,5.824611881256993304e-15,4.262520094179773067e-01,9.999999967879359408e-01,9.999999999999450440e-01,0.000000000000000000e+00,4.429759447473377021e-01,-4.345817866518632000e-01
9.999999999999891198e-01,1.285451495316872329e-12,7.294309580432115636e-01,9.999999997488564496e-01,9.999999999998925304e-01,0.000000000000000000e+00,4.429759480533544402e-01,-5.635104112585728187e-01
9.999999999978316234e-01,8.952696653464190496e-13,9.999999999999936717e-01,9.768304209450366926e-01,9.999999999995274891e-01,0.000000000000000000e+00,4.429759511775945291e-01,-6.803707908624473388e-01
9.999999999997164490e-01,4.554630613450354996e-14,1.126194251798953161e-01,9.999999971937099108e-01,9.999999999997962741e-01,0.000000000000000000e+00,4.429759413273292035e-01,-3.012076919702905142e-01
9.999999999959423569e-01,1.266156408211748159e-12,2.393196548633640952e-01,9.999999999452064969e-01,9.999999999999953371e-01,0.000000000000000000e+00,4.429759427089326462e-01,-3.550877070204619956e-01
9.999999999981051824e-01,2.378925542059980156e-11,1.358934566843347791e-01,9.999999981214250377e-01,9.999999999999802380e-01,0.000000000000000000e+00,4.429759415811210244e-01,-3.111051102047867056e-01
9.999999999999998890e-01,5.418734593390278115e-13,4.833546792265618341e-01,9.999999998838945414e-01,9.999999999999602540e-01,0.000000000000000000e+00,4.429759453700141125e-01,-4.588650314270813491e-01
9.999999999993119948e-01,5.186099441560076655e-13,8.084325163680331494e-01,9.999999983384010305e-01,9.999999999999467093e-01,0.000000000000000000e+00,4.429759489148274443e-01,-5.971062870743647499e-01
9.999999999901465486e-01,1.323165978976857399e-12,2.191305865061914937e-01,9.999999996888968568e-01,9.999999999996687094e-01,0.000000000000000000e+00,4.429759424887808605e-01,-3.465021873930721474e-01
9.999999999993830491e-01,2.960635081674879204e-13,7.582764062892641821e-01,9.999999967963409953e-01,9.999999999999924505e-01,0.000000000000000000e+00,4.429759483678998300e-01,-5.757771074179410808e-01
9.999999999990133448e-01,4.440202614913945163e-13,8.571309375145028664e-01,9.999999996416819581e-01,9.999999999999416023e-01,0.000000000000000000e+00,4.429759494458596625e-01,-6.178155759876654551e-01
9.999999999955255792e-01,1.938831295068945413e-15,9.480956295641581599e-01,9.999999967879359408e-01,9.999999999999527045e-01,0.000000000000000000e+00,4.429759504377847601e-01,-6.564988446473675188e-01
9.999999999996916911e-01,5.824611881256993304e-15,3.474249259254236777e-01,9.999999968171636722e-01,9.999999999998002709e-01,0.000000000000000000e+00,4.429759438877672872e-01,-4.010601073883558465e-01
9.999999999999474865e-01,1.740052961525146783e-13,9.081532990000742434e-01,9.999999982230570739e-01,9.999999999999896749e-01,0.000000000000000000e+00,4.429759500022333318e-01,-6.395131343622272313e-01
9.999999999979812815e-01,4.132736741719821508e-14,9.999999999999998890e-01,7.266524823364484131e-02,9.999999999999666933e-01,0.000000000000000000e+00,4.429759579606456499e-01,-7.505866665850345898e-01
9.999999999965306641e-01,4.529158955553702860e-14,4.023780894555989418e-02,9.999999994182324770e-01,9.999999999997177813e-01,0.000000000000000000e+00,4.429759405380434001e-01,-2.704269852648549799e-01
9.999999999992560396e-01,6.940522118427548404e-15,9.999999999999340528e-01,4.502854960936782946e-01,9.999999999995284883e-01,0.000000000000000000e+00,4.429759551277369090e-01,-7.212613428559963014e-01
9.999999999888190549e-01,1.826086201334959017e-13,7.482556974583511877e-01,9.999999971921795794e-01,9.999999999981796783e-01,0.000000000000000000e+00,4.429759482586289598e-01,-5.715157422253470676e-01
9.999999999967384978e-01,5.648871188169788923e-13,9.812653237043842402e-01,9.999999996858826012e-01,9.999999999999541478e-01,0.000000000000000000e+00,4.429759507994838752e-01,-6.706044512645586986e-01
9.999999999999583666e-01,1.815885411174899802e-13,3.322732191439124738e-02,9.999999994194946895e-01,9.999999999999812372e-01,0.000000000000000000e+00,4.429759404615974949e-01,-2.674457345664026375e-01
9.999999999992380539e-01,1.124663535773608275e-13,3.523363911835261097e-01,9.999999994041279816e-01,9.999999999999241718e-01,0.000000000000000000e+00,4.429759439413243904e-01,-4.031487365745466400e-01
9.999999999998007150e-01,1.898677379497905494e-14,2.433556266242209998e-01,9.999999961568465379e-01,9.999999999999482636e-01,0.000000000000000000e+00,4.429759427529429416e-01,-3.568040279607197496e-01
9.999999999999749090e-01,6.269051402472811034e-13,9.316669040006471114e-01,9.999976352872307350e-01,9.999999999999903411e-01,0.000000000000000000e+00,4.429759502586553266e-01,-6.495126162032466288e-01
9.999999999986007859e-01,5.982082568081228878e-13,1.510039345352425233e-01,9.999999975735340829e-01,9.999999999999387157e-01,0.000000000000000000e+00,4.429759417458933313e-01,-3.175309295159883805e-01
9.999999999998538946e-01,5.229024864301736444e-15,9.999999999999977796e-01,1.121047418156431441e-01,9.999999999990332178e-01,0.000000000000000000e+00,4.429759576647703812e-01,-7.475238649380681055e-01
9.999999999996116440e-01,1.042505859550164684e-12,6.681124789326686741e-01,9.999999982205379778e-01,9.999999999998182565e-01,0.000000000000000000e+00,4.429759473847066920e-01,-5.374343687480885867e-01
9.999999999972710718e-01,2.647517847889349089e-13,1.860966015371705584e-01,9.999999970884114742e-01,9.999999999999581446e-01,0.000000000000000000e+00,4.429759421285615617e-01,-3.324542918749405773e-01
9.999999999957285279e-01,2.032323458929951229e-14,1.957332353015903137e-02,9.999999983373208945e-01,9.999999999996643796e-01,0.000000000000000000e+00,4.429759403127074280e-01,-2.616392918111171140e-01
9.999999999989971355e-01,1.253955067728033723e-14,1.999828097776205071e-01,9.999999969144045542e-01,9.999999999967910114e-01,0.000000000000000000e+00,4.429759422799838253e-01,-3.383594833289073067e-01
9.999999999992180699e-01,1.124663535773608275e-13,3.660770827049628640e-01,9.999999993673454046e-01,9.999999999999638067e-01,0.000000000000000000e+00,4.429759440911598123e-01,-4.089920461808863594e-01
9.999999999987556620e-01,1.111043970720434236e-12,8.954075115168576016e-01,9.999999971678640298e-01,9.999999999999936717e-01,0.000000000000000000e+00,4.429759498632468429e-01,-6.340929136126450816e-01
9.999999999969514386e-01,1.686552559506050452e-13,9.999999999999993339e-01,8.042175487823866042e-01,9.999999999999289457e-01,0.000000000000000000e+00,4.429759524725370712e-01,-6.937756026660061304e-01
9.999999999997966071e-01,1.246374591510925576e-12,5.268353443602697972e-01,9.999999992742183430e-01,9.999999999999946709e-01,0.000000000000000000e+00,4.429759458441492881e-01,-4.773554391624702520e-01
9.999999999983659738e-01,1.161008085071638115e-13,5.139769461369022574e-01,9.999999983553754523e-01,9.999999999999950040e-01,0.000000000000000000e+00,4.429759457039348369e-01,-4.718873300262210746e-01
9.999999999995572431e-01,1.282690338436386804e-09,6.524003854856583740e-01,9.999999994809717352e-01,9.999999999999690248e-01,0.000000000000000000e+00,4.429759472133740772e-01,-5.307527088230984402e-01
9.999999999989971355e-01,4.879851913128481920e-12,1.051748228885409642e-01,9.999999998605272333e-01,9.999999999969728659e-01,0.000000000000000000e+00,4.429759412461494739e-01,-2.980418310058329245e-01
9.999999999992422728e-01,2.999316895268127053e-13,2.222093495519465445e-01,9.999999983268087478e-01,9.999999999997996047e-01,0.000000000000000000e+00,4.429759425223532276e-01,-3.478114495288501251e-01
9.999999999917216220e-01,8.717291559663023742e-13,8.769511095809254808e-01,9.999999996247871392e-01,9.999999999999857891e-01,0.000000000000000000e+00,4.429759496619888881e-01,-6.262442203265271568e-01
9.999999999972510878e-01,1.353537139483368143e-12,3.067583412178809255e-01,9.999999999070188217e-01,9.999999999996743716e-01,0.000000000000000000e+00,4.429759434443182320e-01,-3.837664036543536605e-01
9.999999999998476774e-01,7.600208662506138242e-13,3.620138903001569597e-01,9.999999982669275367e-01,9.999999999999994449e-01,0.000000000000000000e+00,4.429759440468527543e-01,-4.072641498820593897e-01
9.999999999993209876e-01,3.934844814156605553e-14,9.407433124722028861e-01,9.999999997076063352e-01,9.999999999991554533e-01,0.000000000000000000e+00,4.429759503576113366e-01,-6.533722284861717133e-01
9.999999999980078158e-01,1.160992727871430594e-11,1.086727493957405644e-01,9.999999999166672149e-01,9.999999999999317213e-01,0.000000000000000000e+00,4.429759412842926292e-01,-2.995293447503882822e-01
9.999999999986306509e-01,3.846388624892245534e-13,9.999999999999936717e-01,2.280825680875399608e-01,9.999999999995274891e-01,0.000000000000000000e+00,4.429759567947042509e-01,-7.385172311043631810e-01
9.999999999974172882e-01,1.232647298931938839e-12,2.605410108229243016e-01,9.999999962061528747e-01,9.999999999997173372e-01,0.000000000000000000e+00,4.429759429403410942e-01,-3.641122133111264203e-01
9.999999999993364197e-01,1.738169133424648447e-13,9.999999999999937828e-01,3.772536000560781089e-01,9.999999999997085665e-01,0.000000000000000000e+00,4.429759556756224792e-01,-7.269328713450143864e-01
9.999999999997265521e-01,1.983509586991437869e-12,9.904340399036976050e-01,9.999999997488564496e-01,9.999999999999963363e-01,0.000000000000000000e+00,4.429759508994641770e-01,-6.745035015603554340e-01
9.999999999991824318e-01,1.659844486356237000e-13,9.999999999999967804e-01,2.923939169337269051e-01,9.999999999997570832e-01,0.000000000000000000e+00,4.429759563122402377e-01,-7.335229249590901057e-01
9.999999999960400565e-01,1.287816572626004669e-12,9.999999999999994449e-01,5.770266160802969280e-01,9.999999999999975575e-01,0.000000000000000000e+00,4.429759541769244802e-01,-7.114188505784851957e-01
9.999999999997564171e-01,1.956463498422143568e-13,4.929542783731888922e-01,9.999999989984610371e-01,9.999999999999478195e-01,0.000000000000000000e+00,4.429759454746929892e-01,-4.629473172956165561e-01
9.999999999963927744e-01,1.120608890907007296e-13,9.999999999999650280e-01,1.491887018372795026e-01,9.999999999993341993e-01,0.000000000000000000e+00,4.429759573865663658e-01,-7.446439898807740709e-01
9.999999999952092766e-01,6.552730536993120842e-14,2.092665092153980777e-01,9.999999991792717369e-01,9.999999999999885647e-01,0.000000000000000000e+00,4.429759423812179575e-01,-3.423074307511230208e-01
9.999999999998401279e-01,3.304427224000977361e-13,9.525524605211090901e-01,9.999999991390042808e-01,9.999999999999827915e-01,0.000000000000000000e+00,4.429759504863842734e-01,-6.583941379522214588e-01
9.999999999992791322e-01,1.099220673990290955e-14,9.999999999999998890e-01,2.912669242782417456e-02,9.999999999999216183e-01,0.000000000000000000e+00,4.429759582872720980e-01,-7.539677941884092016e-01
