9.999999998704668380e-01,1.039373190932593949e-13,9.999999999999796829e-01,1.075780917958837901e-01,9.999999999996813660e-01,5.999999999999999778e-01,4.429759639080822486e-01,-8.093452604906498093e-01
9.999999999999322764e-01,1.527167944018213787e-12,9.999999999999528155e-01,6.146783159269694208e-01,9.999999999999629186e-01,5.999999999999999778e-01,4.429759601038141259e-01,-7.699647497266725038e-01
9.999999999995845545e-01,1.042918938480841483e-13,9.999999999999975575e-01,4.681937448076212149e-01,9.999999999992041921e-01,5.999999999999999778e-01,4.429759612027420190e-01,-7.813404836648291107e-01
9.999999999998034905e-01,7.791532248943377446e-12,9.999999999999964473e-01,5.496050820695963512e-01,9.999999999999524825e-01,5.999999999999999778e-01,4.429759605919937893e-01,-7.750182225198799513e-01
9.999999998723160255e-01,7.177452363093264929e-14,9.999999999999992228e-01,6.292782107000109704e-02,9.999999999996630473e-01,5.999999999999999778e-01,4.429759642430487476e-01,-8.128127219174064999e-01
9.999999999920426985e-01,1.834879573959947112e-14,9.999999999999986677e-01,7.566826307843952382e-01,9.999999999999921174e-01,5.999999999999999778e-01,4.429759590384971246e-01,-7.589369446023513932e-01
9.999999999968793851e-01,6.879160840688299787e-14,9.999999999999974465e-01,5.241262141070978098e-01,9.999999999999972244e-01,5.999999999999999778e-01,4.429759607831363910e-01,-7.769968665555825327e-01
9.999999999995058397e-01,2.053318049814027003e-12,9.999999999999978906e-01,5.058071572709037234e-02,9.999999999998898659e-01,5.999999999999999778e-01,4.429759643356768195e-01,-8.137715763842464645e-01
9.999999999907248638e-01,6.194726974406678120e-12,9.999999999999995559e-01,1.473562643314023091e-01,9.999999999945180518e-01,5.999999999999999778e-01,4.429759636096661790e-01,-8.062561576318362233e-01
9.999999999968378628e-01,2.973999652202497476e-12,9.999999999999996669e-01,6.264708835394706687e-01,9.999999999998285816e-01,5.999999999999999778e-01,4.429759600153462262e-01,-7.690489596837731812e-01
9.999999999783180105e-01,8.865360080520311334e-14,9.999999999999990008e-01,2.963668758707191930e-01,9.999999999999998890e-01,5.999999999999999778e-01,4.429759624917879446e-01,-7.946842558413212965e-01
9.999999999998815392e-01,1.621853077899820536e-14,1.809435897792566195e-01,9.999999970610656819e-01,9.999999999999965583e-01,5.999999999999999778e-01,4.429759482817233751e-01,-3.917328073051283832e-01
9.999999999920426985e-01,1.996212278433144958e-14,9.999999999999986677e-01,7.187035954761624712e-01,9.999999999999921174e-01,5.999999999999999778e-01,4.429759593234159909e-01,-7.618863296311072508e-01
9.999999999983077981e-01,6.482804553514014506e-14,4.238874395577054144e-01,9.999999978102458442e-01,9.999999999999961142e-01,5.999999999999999778e-01,4.429759509309061372e-01,-4.950461032601144451e-01
9.999999999999218403e-01,9.999423621428558118e-01,9.999999999999973355e-01,8.041153707076771708e-14,9.999999999999584777e-01,5.999999999999999778e-01,4.429759726400743780e-01,-8.178466634453779305e-01
9.999999998561925896e-01,1.950378551121900851e-12,9.045738719434727182e-01,9.999999949772765406e-01,9.999999999999485967e-01,5.999999999999999778e-01,4.429759561725543637e-01,-6.994608261579068342e-01
9.999999998437900661e-01,1.425889736034496918e-14,1.169263513304002189e-01,9.999999982674053767e-01,9.999999999901317826e-01,5.999999999999999778e-01,4.429759475836470006e-01,-3.645091013551527981e-01
9.999999999999389377e-01,6.427787652118695381e-14,5.583291448788234579e-01,9.999999993164722101e-01,9.999999999999208411e-01,5.999999999999999778e-01,4.429759523969265533e-01,-5.522182262949396625e-01
9.999999998589704786e-01,4.210843172522953709e-14,4.535407576802005791e-01,9.999999978349359830e-01,9.999999999894412239e-01,5.999999999999999778e-01,4.429759512542609246e-01,-5.076563505880765659e-01
9.999999999997991607e-01,2.691965238322959958e-13,9.999999999999984457e-01,1.187831771475304082e-02,9.999999999999960032e-01,5.999999999999999778e-01,4.429759646260223449e-01,-8.167771364865522576e-01
9.999999999954224394e-01,7.596258866389819391e-14,9.999999999999947820e-01,6.511940305914093452e-01,9.999999999999866773e-01,5.999999999999999778e-01,4.429759598298730894e-01,-7.671290036032883952e-01
9.999999999996092015e-01,1.412994824602387627e-14,9.999999999999986677e-01,7.695860024731558946e-01,9.999999999999812372e-01,5.999999999999999778e-01,4.429759589416959464e-01,-7.579348914710638541e-01
9.999999999954778396e-01,2.039127251743083155e-13,9.999999999999964473e-01,8.510314851912446077e-01,9.999999999999977796e-01,5.999999999999999778e-01,4.429759583306915882e-01,-7.516099786509083946e-01
9.999999999998764322e-01,3.201526263934204031e-01,9.999999999999984457e-01,2.159264433920782267e-11,9.999999999999698019e-01,5.999999999999999778e-01,4.429759672524704039e-01,-8.177466757593790936e-01
9.999999999976578735e-01,1.946652033982860302e-13,5.084809361496234192e-02,9.999999993315400459e-01,9.999999999999614753e-01,5.999999999999999778e-01,4.429759468630962149e-01,-3.364089348936644130e-01
9.999999999963680164e-01,4.771019481115854068e-14,3.521731990534955337e-01,9.999999954687354142e-01,9.999999999999699130e-01,5.999999999999999778e-01,4.429759501488977347e-01,-4.645492023502127976e-01
9.999999999995221600e-01,6.677376865400147102e-13,2.712289922333105396e-01,9.999999986898142623e-01,9.999999999999710232e-01,5.999999999999999778e-01,4.429759492662411202e-01,-4.301272037352471544e-01
9.999999999963713471e-01,6.449172632902073734e-13,2.048456895744145412e-02,9.999999999298447850e-01,9.999999999999991118e-01,5.999999999999999778e-01,4.429759465319969558e-01,-3.234966680264058647e-01
9.999999998787932887e-01,1.086897347840608689e-13,9.999999999999796829e-01,7.739614147210865935e-02,9.999999999996843636e-01,5.999999999999999778e-01,4.429759641345073495e-01,-8.116891376234035560e-01
9.999999999996082023e-01,2.102752323776507514e-13,6.905254114841640201e-01,9.999999995599669900e-01,9.999999999999533706e-01,5.999999999999999778e-01,4.429759538384615558e-01,-6.084354634529601791e-01
9.999999999999277245e-01,2.618908882264164786e-12,2.198847542845747127e-01,9.999999954209503050e-01,9.999999999999987788e-01,5.999999999999999778e-01,4.429759487063575918e-01,-4.082927658719012198e-01
9.999999999983568699e-01,2.335011289169392748e-12,9.999999999999996669e-01,8.243278188758721425e-01,9.999999999999922284e-01,5.999999999999999778e-01,4.429759585310226178e-01,-7.536837383705053961e-01
9.999999999996208588e-01,3.501945141897792622e-14,9.999999999999975575e-01,4.809916835633419874e-01,9.999999999999222844e-01,5.999999999999999778e-01,4.429759611067318192e-01,-7.803466182690289576e-01
9.999999999998896438e-01,3.881037006806448880e-12,7.487326028177456738e-01,9.999999993495386486e-01,9.999999999999973355e-01,5.999999999999999778e-01,4.429759544731822207e-01,-6.331884127367645165e-01
9.999999999986308730e-01,1.722100726793240647e-13,3.786919774641664405e-02,9.999999974759800070e-01,9.999999999999942268e-01,5.999999999999999778e-01,4.429759467215677593e-01,-3.308895835006867570e-01
9.999999999961145525e-01,2.008221026337587689e-13,9.214862977124843590e-03,9.999999997949621244e-01,9.999999999999952260e-01,5.999999999999999778e-01,4.429759464091063692e-01,-3.187041595164444852e-01
9.999999999963863351e-01,1.070150893315200468e-13,1.856898049563830977e-01,9.999999994331303377e-01,9.999999999999605871e-01,5.999999999999999778e-01,4.429759483334785308e-01,-3.937511629423576798e-01
9.999999999948715468e-01,1.751529784504951101e-13,5.500199634412867855e-01,9.999999952244489343e-01,9.999999999999980016e-01,5.999999999999999778e-01,4.429759523063190318e-01,-5.486846985062460158e-01
9.999999999975807130e-01,1.726391814709231510e-13,6.149026826903750687e-01,9.999999974357541843e-01,9.999999999999902300e-01,5.999999999999999778e-01,4.429759530138330237e-01,-5.762764549733766506e-01
9.999999999804105588e-01,3.630225547735135688e-14,9.999999999999936717e-01,3.587709427310115107e-02,9.999999999996841415e-01,5.999999999999999778e-01,4.429759644459834167e-01,-8.149134337426372499e-01
9.999999999702233744e-01,4.452077658039079996e-13,9.999999999999967804e-01,2.194656941245268778e-01,9.999999999847407617e-01,5.999999999999999778e-01,4.429759630687009619e-01,-8.006562662471184977e-01
9.999999999999256151e-01,2.424161424871594404e-12,2.097320095373333970e-10,9.999999968939903283e-01,9.999999999999982236e-01,5.999999999999999778e-01,4.429759463086228588e-01,-3.147854853415591458e-01
9.999999999953068652e-01,2.996408565981558851e-14,9.999999999999997780e-01,2.079178048408908686e-01,9.999999999998129274e-01,5.999999999999999778e-01,4.429759631553332744e-01,-8.015530550018817868e-01
9.999999999998163691e-01,2.042143058770231886e-13,9.999999999999782396e-01,4.062393278024499788e-01,9.999999999999709122e-01,5.999999999999999778e-01,4.429759616675243428e-01,-7.861517546318043115e-01
9.999999999938739004e-01,1.576361220891967441e-13,3.142588590772587009e-01,9.999999971834061530e-01,9.999999999999988898e-01,5.999999999999999778e-01,4.429759497354605613e-01,-4.484259069256214536e-01
9.999999999999913403e-01,1.584827934485707040e-12,4.988821392471736171e-01,9.999999951974181123e-01,9.999999999995570210e-01,5.999999999999999778e-01,4.429759517486863141e-01,-5.269380390509813550e-01
9.999999999999595879e-01,1.273138374920592465e-14,9.091318539223367523e-01,9.999999993163003476e-01,9.999999999999600320e-01,5.999999999999999778e-01,4.429759562222568836e-01,-7.013991343727389305e-01
9.999999999987491117e-01,2.303436728206433424e-13,4.630595709917789682e-01,9.999999952426045224e-01,9.999999999999892308e-01,5.999999999999999778e-01,4.429759513580588948e-01,-5.117042819397662479e-01
9.999999999995373701e-01,1.040707377031341332e-13,1.477717436454683841e-01,9.999999990849309794e-01,9.999999999999992228e-01,5.999999999999999778e-01,4.429759479200007788e-01,-3.776262851590833636e-01
9.999999999927741134e-01,5.861396682730262221e-14,9.804971217042743881e-01,9.999999972139522741e-01,9.999999999999545919e-01,5.999999999999999778e-01,4.429759570004598856e-01,-7.317476329321032091e-01
9.999999999989689359e-01,1.441406782597245355e-13,3.845786113314568211e-01,9.999999987157882630e-01,9.999999999999067413e-01,5.999999999999999778e-01,4.429759505022627386e-01,-4.783297935972886661e-01
9.999999999927449146e-01,4.691438287428657966e-12,1.113150646746502992e-01,9.999999972143472915e-01,9.999999999999545919e-01,5.999999999999999778e-01,4.429759475224587240e-01,-3.621228688985486110e-01
9.999999999989986899e-01,2.004357326846753646e-13,1.326336715960876877e-02,9.999999979952356455e-01,9.999999999998783196e-01,5.999999999999999778e-01,4.429759464532533331e-01,-3.204258097874593814e-01
9.999999999986308730e-01,5.826144070334031969e-14,7.670451440054093517e-01,9.999999979646684301e-01,9.999999999999887867e-01,5.999999999999999778e-01,4.429759546728714859e-01,-6.409759283140722408e-01
9.999999999995373701e-01,1.040707377031341332e-13,6.856451029384504903e-01,9.999999992243447933e-01,9.999999999999990008e-01,5.999999999999999778e-01,4.429759537852441809e-01,-6.063600836664316818e-01
9.999999999999692468e-01,6.679324189362948472e-01,9.999999999999932276e-01,1.538949523371968553e-11,9.999999999999926725e-01,5.999999999999999778e-01,4.429759700087635421e-01,-8.177978293657458542e-01
9.999999999995373701e-01,1.372889970094612178e-13,6.804219780058785583e-01,9.999999990761782032e-01,9.999999999999990008e-01,5.999999999999999778e-01,4.429759537282886295e-01,-6.041389191881693099e-01
9.999999999821740371e-01,2.833138483973631424e-13,3.422412003742962838e-01,9.999999964872899882e-01,9.999999999999975575e-01,5.999999999999999778e-01,4.429759500405942019e-01,-4.603255616210898404e-01
9.999999999999901190e-01,4.291391230897222471e-12,9.999999999999998890e-01,7.842878628207388125e-01,9.999999999999993339e-01,5.999999999999999778e-01,4.429759588314025609e-01,-7.567931708764151777e-01
9.999999999800571748e-01,1.139204798505969821e-12,9.999999999999936717e-01,2.344686603213608223e-02,9.999999999999902300e-01,5.999999999999999778e-01,4.429759645392350453e-01,-8.158787433877797701e-01
9.999999999999938938e-01,1.975296897188940589e-13,5.035454343908092323e-01,9.999999993164722101e-01,9.999999999999739098e-01,5.999999999999999778e-01,4.429759517995372486e-01,-5.289211323222967609e-01
9.999999999997902789e-01,2.561686238764360119e-12,3.672238930598334394e-01,9.999999994942376791e-01,9.999999999999700240e-01,5.999999999999999778e-01,4.429759503130181186e-01,-4.709495978755685597e-01
9.999999999993531841e-01,7.348398192498235049e-13,5.883852036090572168e-01,9.999999998639418353e-01,9.999999999999684697e-01,5.999999999999999778e-01,4.429759527246729944e-01,-5.649997413860464723e-01
9.999999999998782085e-01,5.141994859238410955e-14,7.266482180289056680e-01,9.999999973536780606e-01,9.999999999999986677e-01,5.999999999999999778e-01,4.429759542323629673e-01,-6.237968988227772238e-01
9.999999999973475662e-01,2.346374044990400080e-14,5.087738687640155355e-01,9.999999948793319993e-01,9.999999999999957812e-01,5.999999999999999778e-01,4.429759518565507537e-01,-5.311445550277663630e-01
9.999999999943596229e-01,7.987171435143339216e-14,9.999999999999996669e-01,5.096436453439900927e-01,9.999999999998750999e-01,5.999999999999999778e-01,4.429759608917847036e-01,-7.781215573527414664e-01
9.999999999974295006e-01,1.070545316534144537e-13,6.369625561932429347e-01,9.999999948330660082e-01,9.999999999999977796e-01,5.999999999999999778e-01,4.429759532543851019e-01,-5.856575456750664488e-01
9.999999999999975575e-01,2.626322342950760362e-13,6.067299305639587415e-01,9.999999969855413173e-01,9.999999999995596855e-01,5.999999999999999778e-01,4.429759529247132011e-01,-5.728009442655933592e-01
9.999999999906764581e-01,4.483276922522817116e-13,9.999999999999995559e-01,1.684272837498192454e-01,9.999999999951022511e-01,5.999999999999999778e-01,4.429759634515913480e-01,-8.046198193549899402e-01
9.999999999999832356e-01,7.816033351994579726e-14,8.673250048765051012e-01,9.999999993822160649e-01,9.999999999999996669e-01,5.999999999999999778e-01,4.429759557663738301e-01,-6.836205267804756902e-01
9.999999999999863443e-01,1.621853077899820536e-14,7.802118768944739380e-02,9.999999971457613768e-01,9.999999999999994449e-01,5.999999999999999778e-01,4.429759471594054143e-01,-3.479644525804558297e-01
9.999999999998638867e-01,1.516539576273747956e-13,9.999999998542755675e-01,2.347053368171453380e-05,9.999999999999960032e-01,5.999999999999999778e-01,4.429759647149574819e-01,-8.176977629874734310e-01
9.999999999995093924e-01,1.749756608878272559e-13,5.664210425212085065e-01,9.999999994419773719e-01,9.999999999999980016e-01,5.999999999999999778e-01,4.429759524851646924e-01,-5.556593531837005218e-01
9.999999999985825783e-01,1.303332604997193564e-13,9.999999999999980016e-01,8.125067877068764544e-01,9.999999999999893419e-01,5.999999999999999778e-01,4.429759586197040688e-01,-7.546017388421136785e-01
9.999999999999249489e-01,9.006105463186160240e-15,8.422486979388881245e-01,9.999999998583644079e-01,9.999999999999789058e-01,5.999999999999999778e-01,4.429759554929290633e-01,-6.729566802452539021e-01
9.999999999948770979e-01,1.450590631433792315e-13,3.922325309428558171e-01,9.999999952426376071e-01,9.999999999999972244e-01,5.999999999999999778e-01,4.429759505857249757e-01,-4.815846680413983227e-01
9.999999999942865703e-01,6.980639785524923634e-14,2.394053473346411387e-01,9.999999954549678716e-01,9.999999999856432620e-01,5.999999999999999778e-01,4.429759489192199862e-01,-4.165940124744887951e-01
9.999999999994774180e-01,1.215253737647976304e-12,1.568450944436733940e-01,9.999999973908427764e-01,9.999999999999604761e-01,5.999999999999999778e-01,4.429759480189411902e-01,-3.814847808961091546e-01
9.999999999995166089e-01,1.453753299130166905e-14,9.999999999999978906e-01,1.189806068483856283e-01,9.999999999998883116e-01,5.999999999999999778e-01,4.429759638225405083e-01,-8.084597612420995061e-01
9.999999999999207301e-01,1.498824278721403497e-12,7.407347494374458829e-01,9.999999969914338260e-01,9.999999999999923395e-01,5.999999999999999778e-01,4.429759543859695947e-01,-6.297872788938737587e-01
9.999999999701721931e-01,3.405561187519752532e-14,9.999999999999766853e-01,5.924050222826797718e-01,9.999999999836107767e-01,5.999999999999999778e-01,4.429759602709084643e-01,-7.716944545029161828e-01
9.999999999999595879e-01,1.273138374920592465e-14,8.088774876501942934e-01,9.999999993163003476e-01,9.999999999999600320e-01,5.999999999999999778e-01,4.429759551290325392e-01,-6.587653775236731457e-01
9.999999999995767830e-01,8.515518402505671777e-13,9.999999999999986677e-01,5.376919284564694035e-01,9.999999999999902300e-01,5.999999999999999778e-01,4.429759606813663542e-01,-7.759433770591700474e-01
9.999999999999913403e-01,1.602410999129005883e-12,5.200483867705704144e-01,9.999999951974181123e-01,9.999999999995570210e-01,5.999999999999999778e-01,4.429759519794937983e-01,-5.359391098651634655e-01
9.999999999999188427e-01,6.094933273457856784e-14,7.805562169180775278e-01,9.999999999702551268e-01,9.999999999999957812e-01,5.999999999999999778e-01,4.429759548202030217e-01,-6.467215911024574160e-01
9.999999999981822318e-01,1.797948714497012001e-13,9.336062427000721975e-01,9.999999949772765406e-01,9.999999999999994449e-01,5.999999999999999778e-01,4.429759564891380674e-01,-7.118070119817389019e-01
9.999999999999259481e-01,2.432927421383837722e-12,2.799713669739442023e-01,9.999999968939903283e-01,9.999999999999991118e-01,5.999999999999999778e-01,4.429759493615724186e-01,-4.338449499718398661e-01
9.999999999997215561e-01,2.089967661328058640e-14,9.999999999999995559e-01,6.934309884431764104e-01,9.999999999999921174e-01,5.999999999999999778e-01,4.429759595130112193e-01,-7.638489558056901219e-01
9.999999999999829026e-01,1.291955532345709900e-13,2.243255285250651543e-01,9.999999947528231958e-01,9.999999999999987788e-01,5.999999999999999778e-01,4.429759487547820229e-01,-4.101812311961082758e-01
9.999999999992434940e-01,4.625604866890940839e-13,4.798425133368610096e-01,9.999999996413377890e-01,9.999999999999736877e-01,5.999999999999999778e-01,4.429759515410685577e-01,-5.188413261957499634e-01
9.999999999988548050e-01,1.366807400076068328e-12,9.864175374769884597e-02,9.999999993277283172e-01,9.999999999999998890e-01,5.999999999999999778e-01,4.429759473842624917e-01,-3.567334689851885399e-01
9.999999999991471267e-01,8.515518402505671777e-13,9.999999999999991118e-01,5.770384798113671332e-01,9.999999999927428052e-01,5.999999999999999778e-01,4.429759603861883610e-01,-7.728877931417982294e-01
9.999999999955133667e-01,1.165114488216838673e-12,9.999999999952249308e-01,1.860045297380473750e-01,1.000000000000000000e+00,5.999999999999999778e-01,4.429759633197267732e-01,-8.032548013707104806e-01
9.999999999960718089e-01,2.090787851181078398e-14,2.959205197624024120e-01,9.999999993214893079e-01,9.999999999999530376e-01,5.999999999999999778e-01,4.429759495354900212e-01,-4.406274204851018395e-01
9.999999999999158451e-01,2.757134743741657510e-14,6.964659545345115443e-01,9.999999992425550044e-01,9.999999999999965583e-01,5.999999999999999778e-01,4.429759539032402382e-01,-6.109617142274316182e-01
9.999999999999849010e-01,2.045800448829029220e-14,9.999999999999995559e-01,7.434587870477877836e-01,9.999999999999812372e-01,5.999999999999999778e-01,4.429759591377024353e-01,-7.599638850290463266e-01
9.999999999988428145e-01,1.863957577116721088e-13,1.650630339675188407e-01,9.999999996033557270e-01,9.999999999999814593e-01,5.999999999999999778e-01,4.429759481085537298e-01,-3.849795076723548926e-01
9.999999999943127715e-01,5.795572483972771646e-14,3.055422434649746055e-01,9.999999951563445233e-01,9.999999999856432620e-01,5.999999999999999778e-01,4.429759496404102048e-01,-4.447191152055346430e-01
9.999999999999011902e-01,2.022776100294207869e-13,8.311679530674805916e-01,9.999999977638364124e-01,9.999999999999981126e-01,5.999999999999999778e-01,4.429759553720990506e-01,-6.682445287080983620e-01
9.999999999993218758e-01,5.118627067086398419e-14,9.999999999999763522e-01,3.933129986838402314e-01,9.999999999999984457e-01,5.999999999999999778e-01,4.429759617644977165e-01,-7.871555905960779809e-01
9.999999999998417932e-01,4.834516798559948557e-14,9.417516456051725493e-01,9.999999995670562081e-01,9.999999999999980016e-01,5.999999999999999778e-01,4.429759565779596286e-01,-7.152708919506426399e-01
9.999999999979430898e-01,1.718811648214091932e-13,2.347610905290649363e-01,9.999999998757307385e-01,9.999999999999641398e-01,5.999999999999999778e-01,4.429759488685766633e-01,-4.146190147047555952e-01
9.999999999995373701e-01,1.040707377031341332e-13,7.381798219012869477e-02,9.999999970470064836e-01,9.999999999999990008e-01,5.999999999999999778e-01,4.429759471135715221e-01,-3.461770148150548065e-01
9.999999999966384667e-01,1.070150893315200468e-13,1.429568991026324287e-01,9.999999994331303377e-01,9.999999999999616973e-01,5.999999999999999778e-01,4.429759478674972772e-01,-3.755787442696209011e-01
9.999999999995126121e-01,5.780240240701729033e-15,5.707115868556632554e-01,9.999999996213285725e-01,9.999999999999980016e-01,5.999999999999999778e-01,4.429759525319509339e-01,-5.574839322951158360e-01
9.999999999994773070e-01,2.578997623055279860e-12,1.000000000000000000e+00,8.005469279395137638e-01,9.999999999999735767e-01,5.999999999999999778e-01,4.429759587094269646e-01,-7.555305204997936341e-01
9.999999999951642016e-01,7.352701466833783808e-14,8.169921861858743251e-01,9.999999971211052108e-01,9.999999999999945599e-01,5.999999999999999778e-01,4.429759552175193127e-01,-6.622162008070450190e-01
9.999999999952706720e-01,2.296323721770683035e-12,5.845401064058656226e-01,9.999999984478451509e-01,1.000000000000000000e+00,5.999999999999999778e-01,4.429759526827441452e-01,-5.633645913742938438e-01
9.999999998589704786e-01,9.372672388777279000e-14,6.414236853237327285e-01,9.999999977146142305e-01,9.999999999999994449e-01,5.999999999999999778e-01,4.429759533030314667e-01,-5.875546667611176721e-01
9.999999999997892797e-01,1.071248378759875082e-13,6.849562290254596064e-02,9.999999999109056015e-01,9.999999999999960032e-01,5.999999999999999778e-01,4.429759470555338363e-01,-3.439136501108602806e-01
9.999999999995027311e-01,8.490701348263328580e-13,5.538690644020122233e-01,9.999999951440983192e-01,9.999999999999980016e-01,5.999999999999999778e-01,4.429759523482915684e-01,-5.503215512554812117e-01
9.999999999957094321e-01,2.400367236232076131e-12,7.709691808789853606e-01,9.999999969436561553e-01,9.999999999999594769e-01,5.999999999999999778e-01,4.429759547156611466e-01,-6.426446480722215471e-01
9.999999999995050626e-01,1.149224140462686092e-13,8.604587776709275715e-02,9.999999972267545889e-01,9.999999999999991118e-01,5.999999999999999778e-01,4.429759472469106951e-01,-3.513769990622409578e-01
9.999999999975676124e-01,3.853487664302058640e-14,2.858857238687969038e-01,9.997864470498983858e-01,9.999999999986964871e-01,5.999999999999999778e-01,4.429759494276676035e-01,-4.363766488107966302e-01
9.999999999804423112e-01,1.700512967180729314e-13,2.753825019497405657e-01,9.999999997819698505e-01,9.999999999999981126e-01,5.999999999999999778e-01,4.429759493115331126e-01,-4.318935080015079420e-01
9.999999999998983036e-01,6.281162894969732158e-14,2.901736468287915427e-01,9.999999951385460939e-01,9.999999999997811750e-01,5.999999999999999778e-01,4.429759494728232605e-01,-4.381835294116905866e-01
9.999999999999468203e-01,1.083394106588957692e-13,9.999999999999998890e-01,4.913471480567758176e-01,9.999999999986659560e-01,5.999999999999999778e-01,4.429759610290450733e-01,-7.795424311240352067e-01
9.999999999992631450e-01,7.139104731691403294e-15,4.342424274123592998e-01,9.999999952220528510e-01,9.999999999999972244e-01,5.999999999999999778e-01,4.429759510438222025e-01,-4.994496227368142582e-01
9.999999999999158451e-01,2.622683465965287250e-12,3.282890453191431024e-01,9.999999973908427764e-01,9.999999999999958922e-01,5.999999999999999778e-01,4.429759498884528468e-01,-4.543923258395120568e-01
9.999999999943194329e-01,1.283599619423480403e-12,9.999999999999991118e-01,3.247370714674594483e-01,9.999999999994362287e-01,5.999999999999999778e-01,4.429759622789546381e-01,-7.924810763906892097e-01
9.999999999971410647e-01,4.989304314994448583e-13,5.466301006954092934e-01,9.999999997832499377e-01,9.999999999999726885e-01,5.999999999999999778e-01,4.429759522693542118e-01,-5.472431391520750088e-01
9.999999999999725775e-01,7.764223080391726374e-13,4.284024755212822444e-01,9.999999949738158644e-01,9.999999999999493738e-01,5.999999999999999778e-01,4.429759509801403650e-01,-4.969661489867142068e-01
9.999999999999654721e-01,1.878331316688901475e-14,9.999999999999708011e-01,4.318768664366138266e-01,9.999999999998532285e-01,5.999999999999999778e-01,4.429759614751914154e-01,-7.841607885097038322e-01
9.999999999988405941e-01,1.569380667870278177e-12,9.999999999999936717e-01,5.613465210593235888e-01,9.999999999999993339e-01,5.999999999999999778e-01,4.429759605039094716e-01,-7.741064030363263848e-01
9.999999999999913403e-01,5.148466909890741564e-14,5.165323359147535598e-01,9.999999951929736675e-01,9.999999999995361488e-01,5.999999999999999778e-01,4.429759519411530233e-01,-5.344438886312762316e-01
9.999999999985826893e-01,2.605526105511929600e-12,1.980638770128531623e-01,9.999999973908427764e-01,9.999999999999604761e-01,5.999999999999999778e-01,4.429759484684116511e-01,-3.990133097668892015e-01
9.999999999970848874e-01,7.946677014334581296e-13,5.624553566035538354e-01,9.999999998100509435e-01,9.999999999999451550e-01,5.999999999999999778e-01,4.429759524419208394e-01,-5.539729219759249590e-01
9.999999999999582556e-01,1.781329155412550172e-13,4.135957974375545354e-02,9.999999997597682766e-01,9.999999999999947820e-01,5.999999999999999778e-01,4.429759467596286471e-01,-3.323738887247841278e-01
9.999999999988636867e-01,2.053318049814027003e-12,9.999999999999978906e-01,9.126470017234344922e-02,9.999999999998949729e-01,5.999999999999999778e-01,4.429759640304653523e-01,-8.106121297671605719e-01
9.999999999966153741e-01,1.033529179167207505e-13,7.572871966027820978e-01,9.999999982865146464e-01,9.999999999999822364e-01,5.999999999999999778e-01,4.429759545664658793e-01,-6.368263039649747492e-01
9.999999999994975131e-01,3.501945141897792622e-14,9.999999999999982236e-01,4.192032964851317711e-01,9.999999999998142597e-01,5.999999999999999778e-01,4.429759615702685838e-01,-7.851449956427486443e-01
9.999999999988855581e-01,1.961396028169076683e-13,8.035475634928781474e-01,9.999999994356416622e-01,9.999999999999968914e-01,5.999999999999999778e-01,4.429759550709123084e-01,-6.564987960275040502e-01
9.999999999986404209e-01,7.335264053311388071e-13,3.465072716812707121e-01,9.999999999992741362e-01,9.999999999999981126e-01,5.999999999999999778e-01,4.429759500871136013e-01,-4.621397331753943627e-01
9.999999999989155341e-01,9.354323786563672577e-14,9.999999999999964473e-01,2.599915394582442696e-01,9.999999999999679146e-01,5.999999999999999778e-01,4.429759627646758791e-01,-7.975091004366133829e-01
9.999999999997206679e-01,1.745449509942739350e-13,5.242000390068259907e-01,9.999999985465800600e-01,9.999999999999993339e-01,5.999999999999999778e-01,4.429759520247654736e-01,-5.377046240521680120e-01
9.999999999999886757e-01,2.696905737725781967e-12,5.129664480179199071e-01,9.999999973454729574e-01,9.999999999999635847e-01,5.999999999999999778e-01,4.429759519022687386e-01,-5.329274737360288894e-01
9.999999999939305217e-01,9.383102650436201346e-14,1.901025513898080277e-01,9.999999988722854116e-01,9.999999999997020161e-01,5.999999999999999778e-01,4.429759483815973176e-01,-3.956277092698782250e-01
9.999999999961145525e-01,2.008221026337587689e-13,9.293945008276837116e-01,9.999999997949621244e-01,9.999999999999952260e-01,5.999999999999999778e-01,4.429759564432110275e-01,-7.100159436907192978e-01
9.999999999998417932e-01,4.834516798559948557e-14,4.382974839702598602e-01,9.999999971164857948e-01,9.999999999999980016e-01,5.999999999999999778e-01,4.429759510880405537e-01,-5.011740591575372106e-01
9.999999999995404787e-01,1.580230424625597744e-14,9.630887957260948484e-01,9.999999996501437449e-01,9.999999999999718003e-01,5.999999999999999778e-01,4.429759568106306777e-01,-7.243446400901979443e-01
9.999999999990031307e-01,1.291178629705314902e-12,9.137732622857182019e-01,9.999999975442280808e-01,9.999999999999998890e-01,5.999999999999999778e-01,4.429759562728691757e-01,-7.033729206196276396e-01
9.999999999976121323e-01,3.992492923517021225e-12,2.292385862725132006e-01,9.999999994363727440e-01,9.999999999999792388e-01,5.999999999999999778e-01,4.429759488083564456e-01,-4.122705374356402386e-01
9.999999999803909079e-01,1.168226797757017709e-12,3.239729424662957102e-01,9.999999996198439822e-01,9.999999999999471534e-01,5.999999999999999778e-01,4.429759498413878283e-01,-4.525568776315823660e-01
9.999999999761004510e-01,1.109302521631528616e-13,9.999999999999998890e-01,8.625361414094491197e-01,9.999999999984983123e-01,5.999999999999999778e-01,4.429759582443836274e-01,-7.507165473004028255e-01
9.999999999744919599e-01,9.064409578060263630e-14,9.999999999999975575e-01,8.746596295750056482e-01,9.999999999999991118e-01,5.999999999999999778e-01,4.429759581534331581e-01,-7.497750585493222486e-01
9.999999999997620792e-01,9.064409578060263630e-14,9.999999999999975575e-01,4.572392976487762439e-01,9.999999999999910072e-01,5.999999999999999778e-01,4.429759612849223371e-01,-7.821911867476577518e-01
9.999999999993209876e-01,7.063333177138457944e-14,9.999999999999763522e-01,3.495999949575973043e-01,9.999999999999517053e-01,5.999999999999999778e-01,4.429759620924328400e-01,-7.905502655182635730e-01
9.999999998623341213e-01,9.025752584604245720e-13,2.151224180033783906e-01,9.999999974397340008e-01,9.999999999998925304e-01,5.999999999999999778e-01,4.429759486544266323e-01,-4.062675543000932032e-01
9.999999999999241718e-01,1.861880161229187069e-13,4.177778226318014099e-01,9.999999994942376791e-01,1.000000000000000000e+00,5.999999999999999778e-01,4.429759508642837629e-01,-4.924479527226220954e-01
9.999999999819892960e-01,1.821481019213715070e-13,8.271749087881007378e-01,9.999999964615499115e-01,9.999999999999990008e-01,5.999999999999999778e-01,4.429759553285568807e-01,-6.665464633262870864e-01
9.999999999997801758e-01,1.322124319593796365e-13,9.999999999999980016e-01,2.838458572737008190e-01,9.999999999999721334e-01,5.999999999999999778e-01,4.429759625857206951e-01,-7.956566161053134634e-01
9.999999999982680521e-01,1.083394106588957692e-13,9.999999999999998890e-01,7.072570900572912045e-01,9.999999999987152499e-01,5.999999999999999778e-01,4.429759594092877450e-01,-7.627752450923203087e-01
9.999999999933644190e-01,1.520446232771306411e-12,9.999999999999796829e-01,1.348867928120243698e-01,9.999999999999960032e-01,5.999999999999999778e-01,4.429759637032122388e-01,-8.072245148396074432e-01
9.999999999991524557e-01,8.563192486197878583e-14,3.716360443348218912e-01,9.999999987019124736e-01,9.999999999999953371e-01,5.999999999999999778e-01,4.429759503611304661e-01,-4.728258911270256659e-01
9.999999999998536726e-01,5.337450140046389556e-14,8.848782945457431826e-01,9.999999994768568046e-01,9.999999999999171774e-01,5.999999999999999778e-01,4.429759559577837735e-01,-6.910851660840283683e-01
9.999999999998634426e-01,1.059022692285103328e-12,9.550083259822907955e-01,9.999999971696246215e-01,9.999999999999887867e-01,5.999999999999999778e-01,4.429759567225171613e-01,-7.209083731648867621e-01
9.999999999906764581e-01,4.483276922522817116e-13,9.999999999999995559e-01,9.545654361066091553e-01,9.999999999951022511e-01,5.999999999999999778e-01,4.429759575539794492e-01,-7.435697142725224973e-01
9.999999999993424149e-01,6.512914131481870403e-14,7.753789638540639073e-01,9.999999995849606638e-01,9.999999999999787947e-01,5.999999999999999778e-01,4.429759547637476258e-01,-6.445199339235628821e-01
9.999999999971110887e-01,4.994506825471913078e-14,5.297047543133721614e-01,9.999999992830684858e-01,9.999999999999921174e-01,5.999999999999999778e-01,4.429759520847916798e-01,-5.400455364412625192e-01
9.999999999993209876e-01,7.063333177138457944e-14,9.999999999999763522e-01,3.369150928441386750e-01,9.999999999999392708e-01,5.999999999999999778e-01,4.429759621875950515e-01,-7.915353526877143553e-01
9.999999999998276934e-01,1.451926015822077877e-13,9.675191989633369349e-01,9.999999982530045628e-01,9.999999999933307793e-01,5.999999999999999778e-01,4.429759568589420882e-01,-7.262286951423190251e-01
9.999999999995856648e-01,4.171990516749141353e-12,4.429405658236770238e-01,9.999999990534378380e-01,9.999999999999945599e-01,5.999999999999999778e-01,4.429759511386710535e-01,-5.031485567787258306e-01
9.999999999995343725e-01,1.041878118556470356e-15,2.623228967521587518e-02,9.999999974501390110e-01,9.999999999999960032e-01,5.999999999999999778e-01,4.429759465946730423e-01,-3.259409201410835566e-01
9.999999999999975575e-01,2.626322342950760362e-13,4.718502059440043972e-01,9.999999969855413173e-01,9.999999999995596855e-01,5.999999999999999778e-01,4.429759514539164389e-01,-5.154425508396337507e-01
9.999999999966129316e-01,4.519977680341905095e-15,2.107497808648394200e-01,9.999999973908427764e-01,9.999999999999610312e-01,5.999999999999999778e-01,4.429759486067452179e-01,-4.044080647319500121e-01
9.999999999987353450e-01,2.863865793107321232e-16,2.536917130702189271e-01,9.999999952556506422e-01,9.999999999999105160e-01,5.999999999999999778e-01,4.429759490750057593e-01,-4.226693732515115487e-01
9.999999999997882805e-01,9.598004104727718874e-14,7.940846888203326737e-01,9.999999994223361943e-01,1.000000000000000000e+00,5.999999999999999778e-01,4.429759549677243502e-01,-6.524746531119659521e-01
9.999999999957565056e-01,1.914617107660514091e-14,4.942530575646426616e-01,9.999999952983881224e-01,9.999999999999996669e-01,5.999999999999999778e-01,4.429759516982084699e-01,-5.249694949265929500e-01
9.999999999999241718e-01,1.861880161229187069e-13,4.040880243332108934e-01,9.999999994942376791e-01,9.999999999999993339e-01,5.999999999999999778e-01,4.429759507150032860e-01,-4.866262857601216796e-01
9.999999999248209148e-01,6.591936255054285727e-14,3.016192861415277759e-01,9.999999951385460939e-01,9.999999999997590816e-01,5.999999999999999778e-01,4.429759495976323125e-01,-4.430508546132906345e-01
9.999999999999247269e-01,2.600930902107616639e-14,3.366065319350757673e-02,9.999999998881030638e-01,9.999999999999794609e-01,5.999999999999999778e-01,4.429759466756756914e-01,-3.290998750757566649e-01
9.999999999834651154e-01,6.919811591244406197e-13,6.025303890302297072e-02,9.999999970910640190e-01,9.999999999999719114e-01,5.999999999999999778e-01,4.429759469656525117e-01,-3.404084431740080907e-01
9.999999999996799227e-01,1.872390386152736427e-13,9.509499702587436154e-01,9.999999983910363710e-01,9.999999999996903588e-01,5.999999999999999778e-01,4.429759566782627833e-01,-7.191825335124936158e-01
9.999999999963680164e-01,7.659414443785732461e-14,8.714984394604274875e-01,9.999999993417304500e-01,1.000000000000000000e+00,5.999999999999999778e-01,4.429759558118830931e-01,-6.853953043006183465e-01
9.999999999995086153e-01,1.670042984709113039e-13,7.316011911596475015e-01,9.999999977897078285e-01,9.999999999999996669e-01,5.999999999999999778e-01,4.429759542863726529e-01,-6.259031796426460792e-01
9.999999999823679930e-01,2.833138483973631424e-13,3.378054030645349926e-01,9.999999980792018128e-01,9.999999999999975575e-01,5.999999999999999778e-01,4.429759499922240051e-01,-4.584392126930841860e-01
9.999999999999599209e-01,1.861880161229187069e-13,5.361435977928312446e-03,9.999999994942376791e-01,9.999999999999604761e-01,5.999999999999999778e-01,4.429759463670867037e-01,-3.170654671232079336e-01
9.999999999947415397e-01,2.600704092180531574e-12,8.516607651731561424e-01,9.999999996081225806e-01,9.999999999999973355e-01,5.999999999999999778e-01,4.429759555955630201e-01,-6.769592170205517290e-01
9.999999999999752420e-01,9.420544195595413150e-14,2.436312146082653673e-01,9.999999999759312530e-01,9.999999999999954481e-01,5.999999999999999778e-01,4.429759489653009585e-01,-4.183910869491488382e-01
9.999999999989432897e-01,2.140321194326644089e-14,8.992092540456976257e-01,9.999999982581848634e-01,9.999999999998927525e-01,5.999999999999999778e-01,4.429759561140558244e-01,-6.971794907005638420e-01
9.999999999999399369e-01,7.980072102990316827e-15,4.087006962333994409e-01,9.999999952515752355e-01,9.999999999999967804e-01,5.999999999999999778e-01,4.429759507653022177e-01,-4.885878518509861879e-01
9.999999999999953371e-01,2.686005956473445869e-12,8.478219201634450419e-01,9.999999999439272980e-01,9.999999999999986677e-01,5.999999999999999778e-01,4.429759555537023386e-01,-6.753267256550322672e-01
9.999999999985299537e-01,4.967365407563468645e-14,6.692205281013788865e-01,9.999999999715617482e-01,9.999999999999987788e-01,5.999999999999999778e-01,4.429759536061423364e-01,-5.993754368937954657e-01
9.999999999938519180e-01,3.398588909061963673e-14,7.079422835120671165e-01,9.999999953204335990e-01,9.999999999999974465e-01,5.999999999999999778e-01,4.429759540283839669e-01,-6.158420906920670790e-01
9.999999998595165973e-01,1.692094220507807395e-16,8.891986613177229604e-01,9.999999949771879448e-01,9.999999999999485967e-01,5.999999999999999778e-01,4.429759560048953104e-01,-6.929224277251740949e-01
9.999999998555620939e-01,1.954220758912102945e-13,4.894629678660561423e-01,9.999999982389868869e-01,9.999999999998627764e-01,5.999999999999999778e-01,4.429759516459748636e-01,-5.229324809784344774e-01
9.999999999936055595e-01,7.962439631233197830e-13,8.567285591028658276e-01,9.999999998486577280e-01,9.999999999854223276e-01,5.999999999999999778e-01,4.429759556508248153e-01,-6.791143260728133013e-01
9.999999999974273912e-01,2.626117693233894837e-13,7.042574865232237302e-01,9.999999951993830960e-01,9.999999999999521494e-01,5.999999999999999778e-01,4.429759539882031083e-01,-6.142751091858601464e-01
9.999999999763617975e-01,4.594662990674650772e-13,9.999999999999984457e-01,1.969791382071982566e-01,9.999999999985463850e-01,5.999999999999999778e-01,4.429759632373951872e-01,-8.024025325974358802e-01
9.999999999999827915e-01,6.148211948205286588e-14,8.812576268997548423e-01,9.999999972172902707e-01,9.999999999999747979e-01,5.999999999999999778e-01,4.429759559183022444e-01,-6.895454561230250912e-01
9.999999999995845545e-01,1.042918938480841483e-13,9.999999999999975575e-01,4.438704811209691625e-01,9.999999999992041921e-01,5.999999999999999778e-01,4.429759613852152222e-01,-7.832293855055553200e-01
9.999999999993040012e-01,1.070545316534144537e-13,7.975108917907072215e-01,9.999999992684840411e-01,9.999999999999974465e-01,5.999999999999999778e-01,4.429759550050854089e-01,-6.539316660183301932e-01
9.999999999993234301e-01,1.441406782597245355e-13,3.992445298816311161e-01,9.999999987157882630e-01,9.999999999999347189e-01,5.999999999999999778e-01,4.429759506621873677e-01,-4.845665614176916103e-01
9.999999999986308730e-01,4.642701141647173044e-14,7.449530646272763956e-01,9.999999979090757884e-01,9.999999999999887867e-01,5.999999999999999778e-01,4.429759544319682441e-01,-6.315811420806359822e-01
9.999999999023425623e-01,1.501451490016101144e-15,3.953903420785397915e-01,9.999999948709085151e-01,9.999999999999347189e-01,5.999999999999999778e-01,4.429759506201593755e-01,-4.829275457632152824e-01
9.999999999986053378e-01,2.605526105511929600e-12,1.069153966320940952e-01,9.999999973908427764e-01,9.999999999999591438e-01,5.999999999999999778e-01,4.429759474744824899e-01,-3.602518842631518003e-01
9.999999999952697838e-01,6.695363020845047133e-14,9.372507032483371470e-01,9.999999971199317050e-01,9.999999999999998890e-01,5.999999999999999778e-01,4.429759565288790557e-01,-7.133568400244137964e-01
9.999999999999088507e-01,1.516938177344846559e-13,6.470527129205161376e-02,9.999999973007109855e-01,9.999999999999897859e-01,5.999999999999999778e-01,4.429759470142018984e-01,-3.423017810759053647e-01
9.999999999984080512e-01,1.085782491154023823e-13,6.184682182319057864e-01,9.999999994299542116e-01,9.999999999999903411e-01,5.999999999999999778e-01,4.429759530527134226e-01,-5.777927197043221108e-01
9.999999999951026952e-01,1.090357213535682550e-13,6.272880847037698437e-01,9.999999995674577757e-01,9.999999999999902300e-01,5.999999999999999778e-01,4.429759531488897117e-01,-5.815434196043184345e-01
9.999999999999017453e-01,1.991375632060488917e-13,8.375748872720119031e-01,9.999999977638364124e-01,9.999999999999981126e-01,5.999999999999999778e-01,4.429759554419634981e-01,-6.709691150287871997e-01
9.999999999985315080e-01,4.551994661576308947e-14,6.603468581289776429e-01,9.999999997633163273e-01,9.999999999999987788e-01,5.999999999999999778e-01,4.429759535093793499e-01,-5.956018567465352076e-01
9.999999999997913891e-01,2.757134743741657510e-14,3.801942626229040112e-01,9.999999992569064133e-01,9.999999999999965583e-01,5.999999999999999778e-01,4.429759504544535931e-01,-4.764653235700152534e-01
9.999999999999967804e-01,2.887101383280560763e-13,8.936522584069266362e-01,9.999999996599779895e-01,9.999999999999727995e-01,5.999999999999999778e-01,4.429759560534595186e-01,-6.948163456259320858e-01
9.999999999982747134e-01,1.083394106588957692e-13,9.999999999999998890e-01,6.778989236291241838e-01,9.999999999987186916e-01,5.999999999999999778e-01,4.429759596295328450e-01,-7.650551486170701354e-01
9.999999999993394173e-01,2.925790335791727328e-15,9.999999999999763522e-01,3.626374433751899384e-01,9.999999999999517053e-01,5.999999999999999778e-01,4.429759619946258553e-01,-7.895378002232654735e-01
9.999999999986928234e-01,5.436790583868603840e-13,9.999999999999875655e-01,2.436131988915188340e-01,9.999999999998692157e-01,5.999999999999999778e-01,4.429759628875462596e-01,-7.987810135341996132e-01
9.999999999982495114e-01,3.662833486818421500e-14,5.931443052734085564e-01,9.999999966607360236e-01,9.999999999999690248e-01,5.999999999999999778e-01,4.429759527765687044e-01,-5.670235775111119869e-01
9.999999999992410515e-01,4.625604866890940839e-13,5.799730388741779485e-01,9.999999996413377890e-01,9.999999999999324984e-01,5.999999999999999778e-01,4.429759526329425379e-01,-5.614224190460578301e-01
9.999999999995343725e-01,1.416183894166425825e-15,1.716138737504296907e-02,9.999999986845077293e-01,9.999999999999960032e-01,5.999999999999999778e-01,4.429759464957593318e-01,-3.220834656775560800e-01
9.999999999989147570e-01,1.888872100666124759e-13,9.999999999999923395e-01,6.035035683275841167e-01,9.999999999999776845e-01,5.999999999999999778e-01,4.429759601876471220e-01,-7.708325609540588319e-01
9.999999999963680164e-01,6.401914918221867437e-14,2.484433266915601624e-01,9.999999954304658045e-01,9.999999999999699130e-01,5.999999999999999778e-01,4.429759490177747061e-01,-4.204374661694819659e-01
9.999999999986529664e-01,1.070545316534144537e-13,7.618806270690856586e-01,9.999999947415282309e-01,9.999999999999971134e-01,5.999999999999999778e-01,4.429759546165549788e-01,-6.387796874680730097e-01
9.999999999998328004e-01,1.073160439645339587e-13,6.106734728615217378e-01,9.999999989394335875e-01,9.999999999999990008e-01,5.999999999999999778e-01,4.429759529677155805e-01,-5.744779585885880779e-01
9.999999999987974064e-01,7.584649341996665659e-14,1.940985940505843832e-01,9.999999996872688257e-01,9.999999999999497069e-01,5.999999999999999778e-01,4.429759484251721835e-01,-3.973270497684319169e-01
9.999999999999351630e-01,7.301206172107766987e-15,6.761687970515941615e-01,9.999999991651966624e-01,9.999999999999990008e-01,5.999999999999999778e-01,4.429759536819097843e-01,-6.023302290523689928e-01
9.999999999997620792e-01,9.064409578060263630e-14,9.999999999999975575e-01,9.879793310552327235e-01,9.999999999999910072e-01,5.999999999999999778e-01,4.429759573033082432e-01,-7.409748500074088140e-01
9.999999999948171459e-01,7.144004481140124742e-13,6.644618363520120585e-01,9.999999998716557759e-01,9.999999999999972244e-01,5.999999999999999778e-01,4.429759535542511228e-01,-5.973517753449387735e-01
9.999999999051989441e-01,2.996408565981558851e-14,9.999999999999997780e-01,2.333345698484594610e-01,9.999999999998120392e-01,5.999999999999999778e-01,4.429759629646565777e-01,-7.995792337722661403e-01
9.999999999999817923e-01,5.386528007118643778e-13,3.887083807559714721e-01,9.999999999632912528e-01,9.999999999999804601e-01,5.999999999999999778e-01,4.429759505472958270e-01,-4.800860021529816946e-01
9.999999999995268229e-01,2.186400508452720774e-13,1.337482185290021774e-01,9.999999971882119754e-01,9.999999999999954481e-01,5.999999999999999778e-01,4.429759477670811574e-01,-3.716626990579386947e-01
9.999999999997400968e-01,4.384718047587202360e-14,9.999999999999936717e-01,1.558610466233328884e-01,9.999999999998863132e-01,5.999999999999999778e-01,4.429759635458632716e-01,-8.055956912095102451e-01
9.999999999996312949e-01,4.087308335928447843e-14,8.763965014535696207e-01,9.999999974699972372e-01,9.999999999999871214e-01,5.999999999999999778e-01,4.429759558652940354e-01,-6.874782340161232908e-01
9.999999999906209469e-01,1.456441307407267580e-13,9.233633724417664723e-01,9.999999998005280055e-01,9.999999999999966693e-01,5.999999999999999778e-01,4.429759563774445796e-01,-7.074511709957157501e-01
9.999999999935675898e-01,8.375950206049450138e-14,4.590438096468196227e-01,9.999999952908378287e-01,9.999999999999754641e-01,5.999999999999999778e-01,4.429759513142689786e-01,-5.099965558879678840e-01
9.999999999999984457e-01,1.519831536738472887e-13,5.422006984959336640e-01,9.999999994272348314e-01,9.999999999999734657e-01,5.999999999999999778e-01,4.429759522210537925e-01,-5.453595099326690177e-01
9.999999999962601027e-01,3.547200407253587837e-14,5.981077663591005678e-01,9.999999972019564254e-01,9.999999999999683586e-01,5.999999999999999778e-01,4.429759528306927985e-01,-5.691343183855978038e-01
9.999999999998735456e-01,3.501945141897792622e-14,9.999999999999975575e-01,6.360466238019725216e-01,9.999999999999222844e-01,5.999999999999999778e-01,4.429759599435089679e-01,-7.683053245501220152e-01
9.999999999976578735e-01,2.007137432827239608e-13,2.591626181485865987e-01,9.999999993428770884e-01,9.999999999999603650e-01,5.999999999999999778e-01,4.429759491346632605e-01,-4.249959073832928480e-01
9.999999999986330934e-01,7.335264053311388071e-13,5.548922178204654387e-02,9.999999999996621591e-01,9.999999999999981126e-01,5.999999999999999778e-01,4.429759469137054539e-01,-3.383826017970076316e-01
9.999999999962250197e-01,1.066149106806297940e-13,9.765324202066738568e-01,9.999999996559550963e-01,9.999999999992058575e-01,5.999999999999999778e-01,4.429759569572268019e-01,-7.300616201928912252e-01
9.999999999974682474e-01,1.348140841933134773e-12,1.527209528129805094e-01,9.999999989138954604e-01,9.999999999999792388e-01,5.999999999999999778e-01,4.429759479739694417e-01,-3.797309653781592020e-01
9.999999998443613869e-01,1.742326609227132651e-14,9.596463504509743503e-01,9.999999982674053767e-01,9.999999999956475927e-01,5.999999999999999778e-01,4.429759567730925385e-01,-7.228807201684276373e-01
9.999999999979396481e-01,1.740180635274220779e-13,6.724063688303371089e-01,9.999999974320168405e-01,9.999999999999902300e-01,5.999999999999999778e-01,4.429759536408823806e-01,-6.007302345335826521e-01
9.999999999995120570e-01,1.784296474341474128e-14,1.229712007989252620e-01,9.999999979469730294e-01,9.999999999999629186e-01,5.999999999999999778e-01,4.429759476495631065e-01,-3.670797090451530797e-01
9.999999999999066302e-01,3.909879406116707354e-12,7.369394864071064921e-01,9.999999968192382349e-01,9.999999999999603650e-01,5.999999999999999778e-01,4.429759543445841441e-01,-6.281733210602019613e-01
9.999999999997913891e-01,2.757134743741657510e-14,3.750133642096999953e-01,9.999999992569064133e-01,9.999999999999965583e-01,5.999999999999999778e-01,4.429759503979584512e-01,-4.742621161553347564e-01
9.999999999998961941e-01,1.310693680770665644e-13,9.999999999999980016e-01,8.371380345643559817e-01,9.999999999999901190e-01,5.999999999999999778e-01,4.429759584349203250e-01,-7.526889195695437573e-01
9.999999999976557641e-01,4.466585074021070760e-14,6.552811825785306299e-01,9.999999974001677616e-01,9.999999999999997780e-01,5.999999999999999778e-01,4.429759534541406474e-01,-5.934476487115459831e-01
9.999999999907409620e-01,4.435309334068974404e-13,9.999999999999996669e-01,9.700032253347952160e-01,9.999999999992932320e-01,5.999999999999999778e-01,4.429759574381650911e-01,-7.423708427354477335e-01
9.999999999999379385e-01,2.064198075881484779e-14,8.130337668192237910e-01,9.999999954851716000e-01,9.999999999999996669e-01,5.999999999999999778e-01,4.429759551743547297e-01,-6.605328598978349453e-01
9.999999999996623812e-01,6.980639785524923634e-14,3.093195460785833628e-01,9.999999954530590651e-01,9.999999999983141263e-01,5.999999999999999778e-01,4.429759496815998121e-01,-4.463254352581481621e-01
9.999999999998815392e-01,1.621853077899820536e-14,4.757177265499265006e-01,9.999999971022055512e-01,9.999999999999965583e-01,5.999999999999999778e-01,4.429759514960898148e-01,-5.170872366362470052e-01
9.999999999968379738e-01,3.668575277045209925e-12,3.022073596612978585e-02,9.999999972129796078e-01,9.999999999999757971e-01,5.999999999999999778e-01,4.429759466381650856e-01,-3.276370303210996981e-01
9.999999999999207301e-01,1.498824278721403497e-12,9.860429382916388041e-01,9.999999969914338260e-01,9.999999999999923395e-01,5.999999999999999778e-01,4.429759570609342889e-01,-7.341060239572919643e-01
9.999999999962082553e-01,3.840442126467687964e-12,2.645565792694558604e-01,9.999999983775318402e-01,9.999999999999983347e-01,5.999999999999999778e-01,4.429759491934817661e-01,-4.272897210387861522e-01
9.999999999993486322e-01,1.676779163088868001e-13,9.721038897308387217e-01,9.999999983032293871e-01,9.999999999999954481e-01,5.999999999999999778e-01,4.429759569089358751e-01,-7.281783617572855638e-01
9.999999998599529150e-01,2.960980926332607657e-14,9.999999999999874545e-01,2.690079845524600000e-01,9.999999999909263693e-01,5.999999999999999778e-01,4.429759626970344866e-01,-7.968088991812100064e-01
9.999999999982569499e-01,1.785546099867742353e-12,4.674529060578011541e-01,9.999999984279883680e-01,9.999999999999776845e-01,5.999999999999999778e-01,4.429759514059660175e-01,-5.135725731791968007e-01
9.999999999761004510e-01,1.083394106588957692e-13,9.999999999999998890e-01,8.880978140798811982e-01,9.999999999986647348e-01,5.999999999999999778e-01,4.429759580526198559e-01,-7.487314727964599070e-01
9.999999999994686473e-01,1.013001067912923397e-13,7.903975446752624645e-01,9.999999990932558758e-01,9.999999999998058220e-01,5.999999999999999778e-01,4.429759549275178454e-01,-6.509066734803984344e-01
9.999999999988381516e-01,3.656909340600847718e-14,8.991274463310214293e-02,9.999999993348633875e-01,9.999999999999614753e-01,5.999999999999999778e-01,4.429759472890769656e-01,-3.530214066971718578e-01
9.999999999999970024e-01,1.424675048256263853e-13,4.845874324283328538e-01,9.999999996976474126e-01,9.999999999999653610e-01,5.999999999999999778e-01,4.429759515928095581e-01,-5.208591308449220803e-01
9.999999999999313882e-01,1.147933762889831571e-12,5.754720363599485911e-01,9.999999974047970586e-01,9.999999999999973355e-01,5.999999999999999778e-01,4.429759525838612988e-01,-5.595083415203957466e-01
9.999999999986523003e-01,1.990050781514939764e-14,3.609972994956094361e-01,9.999999971760755724e-01,9.999999999998296918e-01,5.999999999999999778e-01,4.429759502451202091e-01,-4.683017026489096901e-01
9.999999999999926725e-01,6.148211948205286588e-14,6.509825899400725202e-01,9.999999993100191498e-01,9.999999999999940048e-01,5.999999999999999778e-01,4.429759534072665872e-01,-5.916196468496824901e-01
9.999999999982343013e-01,1.065516895362047773e-13,4.705592868644437043e-02,9.999999966607360236e-01,9.999999999999992228e-01,5.999999999999999778e-01,4.429759468217445706e-01,-3.347962947400188183e-01
9.999999999759868752e-01,1.067790803496990120e-13,9.999999999999998890e-01,9.111260753654951694e-01,9.999999999984934274e-01,5.999999999999999778e-01,4.429759578798617148e-01,-7.469431385609702767e-01
9.999999999972567499e-01,5.141994859238410955e-14,7.215912304528329102e-01,9.999999973855023816e-01,9.999999999999986677e-01,5.999999999999999778e-01,4.429759541772189668e-01,-6.216463852146424385e-01
9.999999999989689359e-01,1.797976990112240066e-13,9.175331594480657937e-01,9.999999979004740025e-01,9.999999999999997780e-01,5.999999999999999778e-01,4.429759563138689904e-01,-7.049718388971585314e-01
9.999999999988428145e-01,1.863957577116721088e-13,1.282891136745932803e-01,9.999999993308518187e-01,9.999999999999814593e-01,5.999999999999999778e-01,4.429759477075523311e-01,-3.693411825565692252e-01
9.999999999992317257e-01,3.511209656244446766e-12,9.389712098428959486e-02,9.999999996540669400e-01,9.999999999999970024e-01,5.999999999999999778e-01,4.429759473325246000e-01,-3.547157860682726982e-01
9.999999999952152718e-01,9.420544195595413150e-14,1.754820049510853464e-01,9.999999999759312530e-01,9.999999999999953371e-01,5.999999999999999778e-01,4.429759482221675149e-01,-3.894102361196370987e-01
9.999999999998969713e-01,1.720000821244476074e-14,8.610793006934613913e-01,9.999999996480880560e-01,9.999999999999172884e-01,5.999999999999999778e-01,4.429759556982675317e-01,-6.809645044494504473e-01
9.999999998590060057e-01,1.759773360686679546e-13,9.482073944713739211e-01,9.999999949772765406e-01,9.999999999999533706e-01,5.999999999999999778e-01,4.429759566483563726e-01,-7.180162373491562056e-01
9.999999999789946914e-01,2.651554474952210634e-12,9.999999999999998890e-01,9.001923466671318819e-01,9.999999999998965272e-01,5.999999999999999778e-01,4.429759579618866017e-01,-7.477922326853544410e-01
9.999999999954011232e-01,7.596258866389819391e-14,9.999999999999955591e-01,6.633997802715982939e-01,9.999999999999866773e-01,5.999999999999999778e-01,4.429759597383055025e-01,-7.661811265679688843e-01
9.999999999941580064e-01,1.332858311155840691e-14,3.328444360048440909e-01,9.999999954039997530e-01,9.999999999999893419e-01,5.999999999999999778e-01,4.429759499381271670e-01,-4.563295325821731252e-01
9.999999999999656941e-01,1.621853077899820536e-14,9.996352502146881314e-01,9.264905433055821149e-01,9.999999999999965583e-01,5.999999999999999778e-01,4.429759577606199872e-01,-7.455948490426095310e-01
9.999999999966129316e-01,6.650182516646566826e-14,2.016688352230797676e-01,9.999999997825363973e-01,9.999999999999609201e-01,5.999999999999999778e-01,4.429759485077219283e-01,-4.005463391893225866e-01
9.999999999986308730e-01,4.642701141647173044e-14,7.849538780407948613e-01,9.999999979090757884e-01,9.999999999999894529e-01,5.999999999999999778e-01,4.429759548681573844e-01,-6.485917224303433537e-01
9.999999999999241718e-01,1.861880161229187069e-13,1.705486884063077413e-01,9.999999994942376791e-01,9.999999999999993339e-01,5.999999999999999778e-01,4.429759481683721023e-01,-3.873123143821058934e-01
9.999999999994879651e-01,7.283365337783715708e-14,9.999999999999998890e-01,3.107702763618447328e-01,9.999999999999893419e-01,5.999999999999999778e-01,4.429759623837335458e-01,-7.935657131135706033e-01
9.999999999989596100e-01,1.139204798505969821e-12,9.999999999999936717e-01,9.998295575175843997e-01,9.999999999999915623e-01,5.999999999999999778e-01,4.429759572144078006e-01,-7.400545822807010898e-01
9.999999998465181061e-01,5.195687485951939876e-14,6.011762872100770982e-01,9.999999982693348333e-01,9.999999999899346070e-01,5.999999999999999778e-01,4.429759528641534772e-01,-5.704392247794086712e-01
9.999999999988620214e-01,9.655066124001236017e-14,7.004699773535866258e-01,9.999999998542197233e-01,9.999999999999026334e-01,5.999999999999999778e-01,4.429759539469021457e-01,-6.126644483507294181e-01
9.999999999946100893e-01,2.116817113124847570e-14,6.235036954752440908e-01,9.999999995674577757e-01,9.999999999999902300e-01,5.999999999999999778e-01,4.429759531076228329e-01,-5.799340859050087227e-01
9.999999999821740371e-01,2.807542699213575010e-13,4.130800702895655041e-01,9.999999986999756896e-01,9.999999999999930056e-01,5.999999999999999778e-01,4.429759508130570733e-01,-4.904502060678274100e-01
9.999999999985825783e-01,1.303332604997193564e-13,9.999999999999974465e-01,7.313151717402913699e-01,9.999999999999893419e-01,5.999999999999999778e-01,4.429759592288038950e-01,-7.609069368172193260e-01
9.999999999992816857e-01,1.713731980803148735e-13,1.381366301791586149e-01,9.999999992839990748e-01,9.999999999999981126e-01,5.999999999999999778e-01,4.429759478149346008e-01,-3.735288966699611413e-01
9.999999999999179545e-01,1.585877662918768886e-13,8.273441705136896918e-02,9.999999973007109855e-01,9.999999999999897859e-01,5.999999999999999778e-01,4.429759472108008578e-01,-3.499687809786301562e-01
9.999999999987491117e-01,2.303436728206433424e-13,6.341620649359472894e-01,9.999999952426045224e-01,9.999999999999892308e-01,5.999999999999999778e-01,4.429759532238471409e-01,-5.844666203226921430e-01
9.999999999943127715e-01,4.354478933530881679e-14,9.937696383260589128e-01,9.999999951563445233e-01,9.999999999856432620e-01,5.999999999999999778e-01,4.429759571451901690e-01,-7.373918485760421193e-01
9.999999998555620939e-01,2.617550345980221089e-13,7.130207260161394167e-01,9.999999950116486014e-01,9.999999999998627764e-01,5.999999999999999778e-01,4.429759540837618914e-01,-6.180017281557935727e-01
9.999999999994964028e-01,9.383102650436201346e-14,3.189993578310428290e-01,9.999999997458390855e-01,9.999999999999872324e-01,5.999999999999999778e-01,4.429759497871533780e-01,-4.504418316058448335e-01
9.999999999951026952e-01,1.090357213535682550e-13,6.302726428226056443e-01,9.999999996104117495e-01,9.999999999999902300e-01,5.999999999999999778e-01,4.429759531814348450e-01,-5.828126204331131044e-01
9.999999999989613864e-01,1.441475452054497509e-13,3.576253666069816872e-01,9.999999986812274644e-01,9.999999999999642508e-01,5.999999999999999778e-01,4.429759502083509548e-01,-4.668677683075156404e-01
9.999999999998276934e-01,1.451926015822077877e-13,9.906453464725483160e-01,9.999999982530045628e-01,9.999999999932615014e-01,5.999999999999999778e-01,4.429759571111213101e-01,-7.360632249124759996e-01
9.999999998437900661e-01,1.425889736034496918e-14,1.596694388875493920e-01,9.999999982674053767e-01,9.999999999901317826e-01,5.999999999999999778e-01,4.429759480497392765e-01,-3.826858498558863841e-01
9.999999999973074871e-01,7.063333177138457944e-14,9.999999999999763522e-01,9.420078811992654844e-01,9.999999999999447109e-01,5.999999999999999778e-01,4.429759576481862582e-01,-7.445449118805799182e-01
9.999999999999313882e-01,1.147933762889831571e-12,7.171177824449841420e-01,9.999999974047970586e-01,9.999999999999973355e-01,5.999999999999999778e-01,4.429759541284382651e-01,-6.197440252296672059e-01
9.999999999997705169e-01,3.656909340600847718e-14,9.971091204470990954e-01,9.999999993348633875e-01,9.999999999999733546e-01,5.999999999999999778e-01,4.429759571816055397e-01,-7.388119825958806564e-01
9.999999999999913403e-01,5.148466909890741564e-14,5.362155584926664442e-01,9.999999951929736675e-01,9.999999999995361488e-01,5.999999999999999778e-01,4.429759521557888324e-01,-5.428142943958255140e-01
9.999999999982868149e-01,1.146512016378642702e-14,9.999999999999996669e-01,3.758123617072924860e-01,9.999999999999241718e-01,5.999999999999999778e-01,4.429759618957875844e-01,-7.885146592583306413e-01
9.999999998673201329e-01,5.992463249349687760e-14,7.522485745625634435e-01,9.999999973320929936e-01,9.999999999999803491e-01,5.999999999999999778e-01,4.429759545115222186e-01,-6.346836004842825174e-01
9.999999999972478681e-01,2.751704512854424181e-14,8.221997154789165707e-01,9.999999969649528975e-01,9.999999999999981126e-01,5.999999999999999778e-01,4.429759552743048334e-01,-6.644307331726336807e-01
9.999999999995062838e-01,7.144004481140124742e-13,6.461897456328882239e-01,9.999999998601089013e-01,9.999999999999972244e-01,5.999999999999999778e-01,4.429759533550030048e-01,-5.895814616745164161e-01
9.999999999999940048e-01,2.136944426751469382e-13,2.067160450496261515e-01,9.999999949795458365e-01,9.999999999995583533e-01,5.999999999999999778e-01,4.429759485627592919e-01,-4.026926951228305684e-01
9.999999999995559108e-01,3.668575277045209925e-12,1.025630771343445935e-01,9.999999998441049254e-01,9.999999999999757971e-01,5.999999999999999778e-01,4.429759474270225650e-01,-3.584010346974769723e-01
9.999999998671269541e-01,3.041228581788963651e-12,4.478154731002590427e-01,9.999999954824128068e-01,9.999999999999695799e-01,5.999999999999999778e-01,4.429759511918295312e-01,-5.052216399471652908e-01
