9.999999999999746869e-01,4.933784852934334344e-12,9.999999999999685807e-01,8.917952339127332984e-01,9.999999999999795719e-01,0.000000000000000000e+00,4.429759518155289011e-01,-6.869744738018245256e-01
9.999999999977730036e-01,2.716240584273852714e-12,9.999999999999596989e-01,1.352592171601478266e-01,9.999999999970181630e-01,0.000000000000000000e+00,4.429759574910654418e-01,-7.457257291414544076e-01
9.999999999988078425e-01,3.419758878154694107e-14,2.509764812915844107e-02,9.999999960982776104e-01,9.999999999999816813e-01,0.000000000000000000e+00,4.429759403729474632e-01,-2.639885433994805242e-01
9.999999999980656584e-01,3.322012453079665750e-01,9.999999999999457101e-01,2.831855527851701027e-09,9.999999999993769428e-01,0.000000000000000000e+00,4.429759611386075990e-01,-7.562785838474422873e-01
9.999999999993570698e-01,1.830989195714626046e-12,9.999999999999505951e-01,8.519186456590714940e-01,9.999999999999713562e-01,0.000000000000000000e+00,4.429759521146832135e-01,-6.900712194506458674e-01
9.999999999999940048e-01,2.034290467902970967e-12,9.999999999999860112e-01,5.639555795680728512e-01,9.999999999999912292e-01,0.000000000000000000e+00,4.429759542749834300e-01,-7.124339242656910764e-01
9.999999999981185050e-01,7.170994756388204635e-13,9.999999999999884537e-01,5.416560631503335443e-01,9.999999999997977174e-01,0.000000000000000000e+00,4.429759544422744999e-01,-7.141656654569216167e-01
9.999999999998375744e-01,2.028306759251716278e-11,9.999999999999524825e-01,7.410348506944283153e-01,9.999999999998706590e-01,0.000000000000000000e+00,4.429759529465339685e-01,-6.986822597803549195e-01
9.999999999969287900e-01,1.979101764301270325e-13,9.999999999998490097e-01,2.313356426925823883e-01,9.999999999998844258e-01,0.000000000000000000e+00,4.429759567702996614e-01,-7.382646030569014473e-01
9.999999999998629985e-01,1.145800091595468506e-11,9.999999999999986677e-01,7.187187139233591759e-01,9.999999999999172884e-01,0.000000000000000000e+00,4.429759531139497164e-01,-7.004152916796121398e-01
9.999999999996077582e-01,7.401379672662524032e-12,9.999999999999986677e-01,7.079611217591803562e-01,9.999999999999923395e-01,0.000000000000000000e+00,4.429759531946532158e-01,-7.012507073503403410e-01
9.999999999912917437e-01,5.236769447985500771e-13,9.999999999999803491e-01,3.991567176011417417e-01,9.999999999986366461e-01,0.000000000000000000e+00,4.429759555113051972e-01,-7.252319137928117110e-01
9.999999999974319431e-01,3.426091672257785352e-12,9.999999999999754641e-01,5.174356154866841528e-01,9.999999999992608135e-01,0.000000000000000000e+00,4.429759546239763757e-01,-7.160465827875092115e-01
9.999999999986909360e-01,9.999271442246466801e-01,9.999999999999861222e-01,1.527641801946089117e-08,9.999999999999564793e-01,0.000000000000000000e+00,4.429759664306007760e-01,-7.563767961410358120e-01
9.999999999998994138e-01,3.867424113128879454e-12,9.999999999999998890e-01,5.886170704285632604e-01,9.999999999999675815e-01,0.000000000000000000e+00,4.429759540899728121e-01,-7.105187562968037218e-01
9.999999999998261391e-01,1.656036219687795338e-12,1.551272378809629982e-01,9.999999953494388416e-01,9.999999999996613820e-01,0.000000000000000000e+00,4.429759417908559760e-01,-3.192843886038180257e-01
9.999999999994677591e-01,4.834887351084682478e-12,9.999999999999952260e-01,9.200999318445398645e-01,9.999999999997646327e-01,0.000000000000000000e+00,4.429759516031869238e-01,-6.847763807841354966e-01
9.999999999974998888e-01,3.426091672257785352e-12,9.999999999999754641e-01,5.053892252969952592e-01,9.999999999993030020e-01,0.000000000000000000e+00,4.429759547143484744e-01,-7.169820842447097720e-01
9.999999999999968914e-01,3.879510763999106868e-13,8.061010124493244167e-01,9.999999984783027873e-01,9.999999999998981925e-01,0.000000000000000000e+00,4.429759488894035591e-01,-5.961148013568436932e-01
9.999999999901916237e-01,3.681687582788769655e-13,7.162679209640334665e-01,9.999999956890207597e-01,9.999999999999206191e-01,0.000000000000000000e+00,4.429759479098180353e-01,-5.579127529073065750e-01
9.999999999961520780e-01,1.636014338339561354e-12,9.999999999999987788e-01,7.966809107929717637e-01,9.999999999997161160e-01,0.000000000000000000e+00,4.429759525290769551e-01,-6.943608847058168054e-01
9.999999999995211608e-01,1.499445723104054572e-13,7.935373090618574876e-02,9.999999981337627242e-01,9.999999999999876765e-01,0.000000000000000000e+00,4.429759409645832591e-01,-2.870612604367283049e-01
9.999999999995597966e-01,3.142234145126205386e-12,9.999999999999965583e-01,4.545376878694317724e-01,9.999999999998420153e-01,0.000000000000000000e+00,4.429759550958369263e-01,-7.209311251278870403e-01
9.999999999995563549e-01,2.209054638280754711e-12,9.999999999999993339e-01,6.026096782590576462e-01,9.999999999998687716e-01,0.000000000000000000e+00,4.429759539850002259e-01,-7.094321150036516643e-01
9.999999999999870104e-01,2.009209413711715536e-12,5.379397339727249872e-01,9.999999985164514937e-01,9.999999999998639977e-01,0.000000000000000000e+00,4.429759459652372056e-01,-4.820776459872376796e-01
9.999999999843753873e-01,1.854144822375936288e-12,9.999999999998516742e-01,2.093314053976344513e-01,9.999999999998502309e-01,0.000000000000000000e+00,4.429759569353755588e-01,-7.399734133912762024e-01
9.999999999974134024e-01,8.794703851130564327e-12,8.774153931980299692e-02,9.999999956482796826e-01,9.999999999996366240e-01,0.000000000000000000e+00,4.429759410560481503e-01,-2.906282253188797737e-01
9.999999999997200018e-01,3.198719311867782478e-11,9.999999999999450440e-01,1.267351415314982299e-02,9.999999999993737232e-01,0.000000000000000000e+00,4.429759584107039183e-01,-7.552455190506918159e-01
9.999999999972557507e-01,1.713534212665534550e-13,9.999999999998380185e-01,4.235420124903745837e-02,9.999999999970342612e-01,0.000000000000000000e+00,4.429759581880392538e-01,-7.529405691376028775e-01
9.999999999915299975e-01,1.230512231263620662e-12,9.999999999999803491e-01,3.410472188461702858e-01,9.999999999984510168e-01,0.000000000000000000e+00,4.429759559472429276e-01,-7.297445951766728944e-01
9.999999999997687405e-01,6.587140287608767490e-13,3.886965107837385691e-01,9.999999965123207435e-01,9.999999999999841238e-01,0.000000000000000000e+00,4.429759443378135653e-01,-4.186110907662249359e-01
9.999999999893834923e-01,2.784783371162509718e-12,9.999999999999987788e-01,1.494436997742689677e-01,9.999999999999830136e-01,0.000000000000000000e+00,4.429759573846533960e-01,-7.446241871904085707e-01
9.999999999952046137e-01,4.854190131297965584e-13,9.999999999999600320e-01,4.657689776999853759e-01,9.999999999997871702e-01,0.000000000000000000e+00,4.429759550115797695e-01,-7.200589229301631589e-01
9.999999999992850164e-01,1.796987658989787645e-12,9.999999999999998890e-01,6.543977051730519578e-01,9.999999999998570033e-01,0.000000000000000000e+00,4.429759535964862271e-01,-7.054103479946703947e-01
9.999999999995550226e-01,1.935567172041649917e-12,9.999999999999965583e-01,9.470567233285345776e-02,9.999999999993187672e-01,0.000000000000000000e+00,4.429759577952983030e-01,-7.488750460468359682e-01
9.999999999988629096e-01,1.473891423148027011e-11,9.999999999998490097e-01,2.425829620188152125e-01,9.999999999997036815e-01,0.000000000000000000e+00,4.429759566859222120e-01,-7.373911560364126982e-01
9.999999999895351488e-01,9.548773530996178067e-12,9.999999999999965583e-01,6.273719987950875376e-01,9.999999999998109290e-01,0.000000000000000000e+00,4.429759537992331575e-01,-7.075091167794668179e-01
9.999999999995901057e-01,2.209525717398119428e-12,9.317799027841049408e-01,9.999999996144522951e-01,9.999999999998891997e-01,0.000000000000000000e+00,4.429759502598697996e-01,-6.495604859892657457e-01
9.999999999706606912e-01,6.943792625895503935e-12,1.001248177787826821e-01,9.999999986083742964e-01,9.999999999999131806e-01,0.000000000000000000e+00,4.429759411910816902e-01,-2.958942868328647835e-01
9.999999999996221911e-01,1.705217811129452832e-14,7.196978717618414123e-01,9.999999962573234980e-01,9.999999999993861577e-01,0.000000000000000000e+00,4.429759479472199502e-01,-5.593713595428863039e-01
9.999999998577223659e-01,1.455117204653546231e-14,9.505805751408725746e-01,9.999999944071668034e-01,9.999999999997172262e-01,0.000000000000000000e+00,4.429759504648818624e-01,-6.575555825034548052e-01
9.999999999959492403e-01,3.345798975841169936e-12,9.999999999999908962e-01,8.257167611076592362e-01,9.999999999987654320e-01,0.000000000000000000e+00,4.429759523112498654e-01,-6.921060116824436781e-01
9.999999999978471665e-01,1.368638216802177161e-13,7.822916857045361105e-01,9.999999999851920673e-01,9.999999999999895639e-01,0.000000000000000000e+00,4.429759486297745741e-01,-5.859897454953285623e-01
9.999999999999673594e-01,7.444667560879403566e-13,8.152281939287472357e-01,9.999999980420793966e-01,9.999999999999965583e-01,0.000000000000000000e+00,4.429759489889309454e-01,-5.999961888094692553e-01
9.999999999993601785e-01,3.520765142199738855e-14,8.488523407534694920e-01,9.999999992932724346e-01,9.999999999999491518e-01,0.000000000000000000e+00,4.429759493555856520e-01,-6.142950542206747633e-01
9.999999999992935651e-01,4.055111073007042498e-14,9.999999999999991118e-01,3.862003495514427232e-01,9.999999999999197309e-01,0.000000000000000000e+00,4.429759556085039462e-01,-7.262380825286770536e-01
9.999999999968433029e-01,4.423277783977488970e-13,8.453056146473019172e-01,9.999999981974535546e-01,9.999999999996638245e-01,0.000000000000000000e+00,4.429759493169103668e-01,-6.127867882418728263e-01
9.999999999951620921e-01,7.890484691929522694e-14,7.577448704965735748e-01,9.999999964090636739e-01,9.999999999993713917e-01,0.000000000000000000e+00,4.429759483621036886e-01,-5.755510687366723888e-01
9.999999999892310587e-01,1.073315909098358043e-13,9.999999999999987788e-01,2.192876975883741864e-01,9.999999999999830136e-01,0.000000000000000000e+00,4.429759568606834175e-01,-7.392002252655053285e-01
9.999999999997375433e-01,8.604831038867315207e-13,9.999999999999739098e-01,1.209583954641685472e-01,9.999999999999825695e-01,0.000000000000000000e+00,4.429759575983502340e-01,-7.468363057806358674e-01
9.999999999991375788e-01,2.794514819614422450e-12,9.999999999999988898e-01,5.748312916458848676e-01,9.999999999999700240e-01,0.000000000000000000e+00,4.429759541933938061e-01,-7.115893356101993250e-01
9.999999999997516431e-01,2.027999346421532286e-11,6.071447925963793235e-01,9.999999990489730761e-01,9.999999999999963363e-01,0.000000000000000000e+00,4.429759467198842171e-01,-5.115075027364625049e-01
9.999999999994141353e-01,1.368638216802177161e-13,7.077542203793795172e-01,9.999999999989548360e-01,9.999999999996428413e-01,0.000000000000000000e+00,4.429759478169802978e-01,-5.542922515005334061e-01
9.999999999995786704e-01,2.027606454490794697e-14,8.687627892005780339e-01,9.999999960982776104e-01,9.999999999999992228e-01,0.000000000000000000e+00,4.429759495726993124e-01,-6.227620893661466317e-01
9.999999999999414912e-01,2.438614633448654362e-11,1.984655128849061034e-01,9.999999993686323752e-01,9.999999999999942268e-01,0.000000000000000000e+00,4.429759422634383936e-01,-3.377142437428194421e-01
9.999999999688494734e-01,2.196974230182468385e-12,3.470790231060677522e-02,9.999999980114178122e-01,9.999999999997556399e-01,0.000000000000000000e+00,4.429759404777425247e-01,-2.680753601669324526e-01
9.999999999940447637e-01,1.950872545874722658e-12,9.999999999998516742e-01,2.809164043035992098e-01,9.999999999998527844e-01,0.000000000000000000e+00,4.429759563983445836e-01,-7.344142483860335302e-01
9.999999999988629096e-01,1.469543928998715866e-11,9.999999999999268363e-01,1.585708834631253950e-01,9.999999999997142286e-01,0.000000000000000000e+00,4.429759573161812236e-01,-7.439153861711168547e-01
9.999999999998894218e-01,4.368368969717809753e-14,3.491836073660207207e-01,9.999999981028659946e-01,9.999999999987178034e-01,0.000000000000000000e+00,4.429759439069448357e-01,-4.018079968782043432e-01
9.999999999991109334e-01,4.563538121907116445e-13,9.999999999998516742e-01,2.691610134482975702e-01,9.999999999998890887e-01,0.000000000000000000e+00,4.429759564865335397e-01,-7.353271513474316512e-01
9.999999999995276001e-01,2.000237210318214576e-13,9.999999999999987788e-01,1.724838240486808449e-01,9.999999999986226573e-01,0.000000000000000000e+00,4.429759572118062705e-01,-7.428349316964014681e-01
9.999999999999211742e-01,2.228833840453776442e-12,9.999999999999993339e-01,6.156368826696114738e-01,9.999999999999698019e-01,0.000000000000000000e+00,4.429759538872700686e-01,-7.084204452410179931e-01
9.999999999998632205e-01,1.299046822626615650e-12,9.999999999998396838e-01,2.804045794540444003e-02,9.999999999998830935e-01,0.000000000000000000e+00,4.429759582954210240e-01,-7.540521492462944897e-01
9.999999999999222844e-01,1.368638216802177161e-13,8.103963020879720869e-01,9.999999994321293606e-01,9.999999999999518163e-01,0.000000000000000000e+00,4.429759489362415370e-01,-5.979413983766325158e-01
9.999999999927967620e-01,5.100982254739589437e-13,6.252261679106611847e-02,9.999999944520655548e-01,9.999999999993578470e-01,0.000000000000000000e+00,4.429759407810482941e-01,-2.799037307983017753e-01
9.999999999920105020e-01,5.236769447985500771e-13,9.999999999999915623e-01,4.296031556948701202e-01,9.999999999996935784e-01,0.000000000000000000e+00,4.429759552828959057e-01,-7.228674970041709669e-01
9.999999999913766757e-01,7.478072596070689484e-13,9.999999999999500400e-01,7.545029377747388688e-01,9.999999999999902300e-01,0.000000000000000000e+00,4.429759528454962902e-01,-6.976363518456637491e-01
9.999999999774230597e-01,2.726634744771281064e-13,9.546547773714952889e-01,9.999999981614117184e-01,9.999999999993348654e-01,0.000000000000000000e+00,4.429759505093089911e-01,-6.592881605893688990e-01
9.999999999999746869e-01,2.762882423293401414e-13,9.999999999999871214e-01,9.553618018347109775e-01,9.999999999999809042e-01,0.000000000000000000e+00,4.429759513386522518e-01,-6.820380060314251702e-01
9.999999999997666311e-01,3.064160882828343958e-13,3.921686698939750304e-01,9.999999967874451112e-01,9.999999999999897859e-01,0.000000000000000000e+00,4.429759443756757231e-01,-4.200876467568340766e-01
9.999999999990565325e-01,5.037182279644214284e-12,2.716007575298587939e-01,9.999999999553174090e-01,9.999999999999953371e-01,0.000000000000000000e+00,4.429759430609421234e-01,-3.688154351288625010e-01
9.999999999919558791e-01,1.196455316093275664e-12,9.001903626307525830e-01,9.999999959887144740e-01,9.999999999999360512e-01,0.000000000000000000e+00,4.429759499154014568e-01,-6.361268491738297781e-01
9.999999999843753873e-01,5.744596829922370236e-12,9.717256114519196020e-01,9.999995435322849291e-01,9.999999999974538145e-01,0.000000000000000000e+00,4.429759506954614179e-01,-6.665476681401211190e-01
9.999999999997516431e-01,2.027999346421532286e-11,5.776306724250850344e-01,9.999999990489730761e-01,9.999999999999963363e-01,0.000000000000000000e+00,4.429759463980472711e-01,-4.989564501516666750e-01
9.999999999995340394e-01,5.708824652975949226e-12,9.999999999999948930e-01,8.363636715395794674e-02,9.999999999999077405e-01,0.000000000000000000e+00,4.429759578783402652e-01,-7.497346688019547178e-01
9.999999999998094857e-01,1.037973576868477727e-14,9.999999999999941158e-01,4.418524384139336791e-01,9.999999999999358291e-01,0.000000000000000000e+00,4.429759551910017468e-01,-7.219162392704426834e-01
9.999999999978328447e-01,3.306542929325861816e-13,4.757001598571349299e-01,9.999999980881404404e-01,9.999999999999061862e-01,0.000000000000000000e+00,4.429759452865453806e-01,-4.556099023413392457e-01
9.999999999985839105e-01,5.031857539164449072e-13,4.285088613011319714e-01,9.999999980872422700e-01,9.999999999999320544e-01,0.000000000000000000e+00,4.429759447719475718e-01,-4.355415260417246914e-01
9.999999999967658093e-01,2.865216974609017063e-15,1.592002799182963835e-01,9.999999980698588420e-01,9.999999999983412158e-01,0.000000000000000000e+00,4.429759418352704481e-01,-3.210164733906760715e-01
9.999999993674358878e-01,3.503668523894301971e-14,6.744293332638301441e-02,9.999999989817665025e-01,9.999999999970657916e-01,0.000000000000000000e+00,4.429759408347018756e-01,-2.819961238909490797e-01
9.999999999968738340e-01,8.029963546059848215e-14,8.940738145087412381e-01,9.999999999988042898e-01,9.999999999996589395e-01,0.000000000000000000e+00,4.429759498487035319e-01,-6.335257509236985607e-01
9.999999999999860112e-01,1.144062953039716651e-11,9.999999999999997780e-01,1.989720935578984662e-01,9.999999999986473043e-01,0.000000000000000000e+00,4.429759570130911706e-01,-7.407778993133448120e-01
9.999999999999596989e-01,1.260632508885126663e-11,2.409878937305265090e-01,9.999999997599336998e-01,9.999999999999192868e-01,0.000000000000000000e+00,4.429759427271239836e-01,-3.557971353909351597e-01
9.999999999990449862e-01,5.477681778900541053e-13,9.458883453775173145e-01,9.999999965450323547e-01,9.999999999999226175e-01,0.000000000000000000e+00,4.429759504137154025e-01,-6.555601841295172205e-01
9.999999999913192772e-01,7.483046055559320397e-13,7.746248810991468448e-01,9.999999992482290212e-01,9.999999999999931166e-01,0.000000000000000000e+00,4.429759485461718937e-01,-5.827293919589168203e-01
9.999999999993518518e-01,4.527015010985963603e-13,8.359539106488902971e-02,9.999999940650208252e-01,9.999999999996366240e-01,0.000000000000000000e+00,4.429759410108364825e-01,-2.888650515960510257e-01
9.999999999999958922e-01,2.179894808161785306e-12,6.279168918657448417e-01,9.999999996532943358e-01,9.999999999999958922e-01,0.000000000000000000e+00,4.429759469463936949e-01,-5.203409596499016798e-01
9.999999999969554354e-01,1.627062647809640532e-12,9.999999999999952260e-01,9.347404352562680430e-01,9.999999999996568301e-01,0.000000000000000000e+00,4.429759514933538367e-01,-6.836394250605787315e-01
9.999999999999218403e-01,6.697366228473054731e-14,4.402899544958448486e-01,9.999999967104294951e-01,9.999999999999797939e-01,0.000000000000000000e+00,4.429759449004145866e-01,-4.405515050784470921e-01
9.999999999999616973e-01,8.690321268193090350e-13,9.999999999999981126e-01,4.110769353591046116e-01,9.999999999999998890e-01,0.000000000000000000e+00,4.429759554218796747e-01,-7.243062106645182796e-01
9.999999999984439114e-01,3.977177825435014889e-13,8.238296571022409864e-01,9.999999984657721441e-01,9.999999999999492628e-01,0.000000000000000000e+00,4.429759490827256396e-01,-6.036540114044356420e-01
9.999999999997889466e-01,6.262133869307872039e-13,8.816901721771360778e-01,9.999999993614232530e-01,9.999999999999946709e-01,0.000000000000000000e+00,4.429759497136659951e-01,-6.282595344915108404e-01
9.999999999995252686e-01,1.409038600416161333e-13,9.858481013554187822e-03,9.999999980144760325e-01,9.999999999999203970e-01,0.000000000000000000e+00,4.429759402067718344e-01,-2.575079981173061805e-01
9.999999994437094308e-01,1.249388403346839882e-12,6.326007389291459226e-01,9.999999980191918159e-01,9.999999999971598275e-01,0.000000000000000000e+00,4.429759469974687280e-01,-5.223327931921256662e-01
9.999999999999941158e-01,5.479708260139267012e-12,5.922884000720016751e-01,9.999999975203732738e-01,9.999999999999830136e-01,0.000000000000000000e+00,4.429759465578825828e-01,-5.051897348608204164e-01
9.999999999977221554e-01,6.584086350636074256e-15,1.683894500319439991e-01,9.999999981156914020e-01,9.999999999983412158e-01,0.000000000000000000e+00,4.429759419354737937e-01,-3.249242218360314238e-01
9.999999994293320427e-01,1.386259096099994951e-12,7.775855607721442464e-01,9.999999980706726355e-01,9.999999999972086773e-01,0.000000000000000000e+00,4.429759485784566242e-01,-5.839884384336971879e-01
9.999999999995919930e-01,3.323676218824937665e-13,4.892061040287297713e-01,9.999999980088920548e-01,9.999999999999767963e-01,0.000000000000000000e+00,4.429759454338210167e-01,-4.613533842645441974e-01
9.999999999967151831e-01,2.046342061117838875e-12,2.807364497987874796e-01,9.999999998186881456e-01,9.999999999999955591e-01,0.000000000000000000e+00,4.429759431605623798e-01,-3.727004418205467351e-01
9.999999999996556088e-01,1.212959950597415531e-13,9.999999999999596989e-01,9.451658372950660914e-01,9.999999999999847899e-01,0.000000000000000000e+00,4.429759514151423994e-01,-6.828298066897643404e-01
9.999999999999624745e-01,2.284915009137567730e-13,1.941956870642056465e-01,9.999999981512790459e-01,9.999999999993096633e-01,0.000000000000000000e+00,4.429759422168780825e-01,-3.358984753813777369e-01
9.999999999998915312e-01,3.587364688614749522e-12,5.472797712689881910e-01,9.999999990889311130e-01,9.999999999997054578e-01,0.000000000000000000e+00,4.429759460670856797e-01,-4.860495515449915205e-01
9.999999999998213651e-01,2.154942017178952845e-12,7.428853797247761404e-02,9.999999979557960827e-01,9.999999999996165290e-01,0.000000000000000000e+00,4.429759409093498301e-01,-2.849072574682230963e-01
9.999999999998573363e-01,1.230052167128114332e-13,9.405469401175676758e-01,9.999999995554078591e-01,9.999999999999902300e-01,0.000000000000000000e+00,4.429759503554699940e-01,-6.532887200030174091e-01
9.999999999684907603e-01,1.418980209857340655e-13,7.470953538873410515e-01,9.999999986333623081e-01,9.999999999999988898e-01,0.000000000000000000e+00,4.429759482459759701e-01,-5.710222992086623206e-01
9.999999999999816813e-01,2.762882423293401414e-13,9.999999999999870104e-01,9.671279686311438084e-01,9.999999999999990008e-01,0.000000000000000000e+00,4.429759512503824159e-01,-6.811242662295459160e-01
9.999999999685199592e-01,2.802329638987482816e-13,7.669333332286144556e-01,9.999999986333906188e-01,9.999999999999160671e-01,0.000000000000000000e+00,4.429759484622993182e-01,-5.794585161939439510e-01
9.999999999989088728e-01,2.019821029088924976e-12,3.070114829937912182e-01,9.999999981901049884e-01,9.999999999996533884e-01,0.000000000000000000e+00,4.429759434470786350e-01,-3.838740538109858269e-01
9.999999999996103117e-01,1.846552805180753389e-12,9.999999999999968914e-01,2.953756486104366363e-01,9.999999999999936717e-01,0.000000000000000000e+00,4.429759562898712422e-01,-7.332913689261525425e-01
9.999999999999996669e-01,3.811118100553278953e-13,6.984737397449076735e-01,9.999999965548255210e-01,9.999999999996213029e-01,0.000000000000000000e+00,4.429759477157813041e-01,-5.503456729847576723e-01
9.999999999999622524e-01,1.052686613180296625e-13,1.752219877450791885e-01,9.999999964309066458e-01,9.999999999999353850e-01,0.000000000000000000e+00,4.429759420099792511e-01,-3.278297986743966552e-01
9.999999999996304068e-01,3.276031661715349675e-11,9.999999999999825695e-01,3.562623842973680066e-01,9.999999999999902300e-01,0.000000000000000000e+00,4.429759558330986779e-01,-7.285630122102463302e-01
9.999999999952200458e-01,7.890484691929522694e-14,5.589028937700372124e-01,9.999999964216640391e-01,9.999999999999281686e-01,0.000000000000000000e+00,4.429759461938301279e-01,-4.909923527182512570e-01
9.999999999992537081e-01,5.288587400646013012e-13,3.367034253635992069e-01,9.999999993488714045e-01,9.999999999999074074e-01,0.000000000000000000e+00,4.429759437708545855e-01,-3.965007262385354947e-01
9.999999999972855047e-01,4.147362490874506364e-12,8.775744563903666862e-01,9.999999980455458459e-01,9.999999999998185896e-01,0.000000000000000000e+00,4.429759496687861731e-01,-6.265093023324862509e-01
9.999999999996279643e-01,4.145180732496884837e-12,5.091742232548418512e-01,9.999999980478102568e-01,9.999999999999991118e-01,0.000000000000000000e+00,4.429759456515635074e-01,-4.698449439954094364e-01
9.999999999996636024e-01,1.185591631227853867e-13,9.161022091430968128e-01,9.999999979426649199e-01,9.999999999999988898e-01,0.000000000000000000e+00,4.429759500889122736e-01,-6.428934550100983136e-01
9.999999999996812550e-01,9.409921136285296383e-13,9.262490042796823753e-01,9.999999966206770674e-01,9.999999999999519273e-01,0.000000000000000000e+00,4.429759501995580995e-01,-6.472084392149722865e-01
9.999999999988264943e-01,1.987038969245563575e-12,6.685534075913099894e-01,9.999999948983891995e-01,9.999999999996399547e-01,0.000000000000000000e+00,4.429759473895148458e-01,-5.376218765021271162e-01
9.999999999983879562e-01,1.495913422659146108e-12,9.999999999998500089e-01,7.059380677207321986e-02,9.999999999999169553e-01,0.000000000000000000e+00,4.429759579761856081e-01,-7.507475310825909576e-01
9.999999999995244915e-01,2.061475550213847426e-11,1.035219802853513671e-01,9.999999988057788336e-01,9.999999999996108668e-01,0.000000000000000000e+00,4.429759412281260578e-01,-2.973389500835236232e-01
9.999999999981111776e-01,3.849731284172116617e-13,6.135789059622187569e-01,9.999999951159087574e-01,9.999999999993420818e-01,0.000000000000000000e+00,4.429759467900450387e-01,-5.142436474612722686e-01
9.999999999997802869e-01,1.959012531984399662e-13,2.919982559172989989e-01,9.999999981038861785e-01,9.999999999999781286e-01,0.000000000000000000e+00,4.429759432833668131e-01,-3.774895910109422603e-01
9.999999999843753873e-01,1.854144822375936288e-12,9.999999999998516742e-01,1.875745150639848424e-01,9.999999999999777955e-01,0.000000000000000000e+00,4.429759570985958295e-01,-7.416630151953461647e-01
9.999999999973852027e-01,6.876349486880756341e-12,1.370628912952576439e-01,9.999999956482796826e-01,9.999999999996366240e-01,0.000000000000000000e+00,4.429759415938731570e-01,-3.116024193193903669e-01
9.999999999688494734e-01,9.360657861316801537e-14,8.355812984866216597e-01,9.999999981308391739e-01,9.999999999997556399e-01,0.000000000000000000e+00,4.429759492108715224e-01,-6.086514658055041105e-01
9.999999999909798820e-01,1.230052167128114332e-13,4.195161246699659618e-01,9.999999939764390167e-01,9.999999999999902300e-01,0.000000000000000000e+00,4.429759446738862350e-01,-4.317173124014980212e-01
9.999999999999992228e-01,3.403091465024916948e-12,3.035383544423753688e-01,9.999999958858253324e-01,9.999999999999552580e-01,0.000000000000000000e+00,4.429759434092059300e-01,-3.823970857175934546e-01
9.999999999997184474e-01,8.349940727941795022e-14,9.999999999999746869e-01,5.683413853066532351e-02,9.999999999987058130e-01,0.000000000000000000e+00,4.429759580794107032e-01,-7.518160826967722477e-01
9.999999999994945155e-01,5.439432962529902570e-13,5.451627464939554080e-02,9.999999943992365914e-01,9.999999999998490097e-01,0.000000000000000000e+00,4.429759406937430755e-01,-2.764989868815667107e-01
9.999999999998424594e-01,1.888768921190600659e-13,3.447572489866607137e-01,9.999999980276605971e-01,9.999999999999970024e-01,0.000000000000000000e+00,4.429759438586775566e-01,-3.999256620410912566e-01
9.999999999999727995e-01,2.321016150720994470e-13,4.554503087499227609e-01,9.999999986314798139e-01,9.999999999999945599e-01,0.000000000000000000e+00,4.429759450657307362e-01,-4.469985344306511843e-01
9.999999999995144995e-01,1.929663939794115787e-14,9.999999999998427924e-01,3.258857910851223338e-01,9.999999999999962252e-01,0.000000000000000000e+00,4.429759560609839997e-01,-7.309220049684433951e-01
9.999999999994348965e-01,6.656423676117848576e-01,9.999999999999890088e-01,3.177753615801748310e-10,9.999999999999829026e-01,0.000000000000000000e+00,4.429759637812610840e-01,-7.563276286276633398e-01
9.999999999970573539e-01,2.788057053210373432e-14,4.996484601621922206e-01,9.999999963330326036e-01,9.999999999999850120e-01,0.000000000000000000e+00,4.429759455476897645e-01,-4.657940575441213982e-01
9.999999999972248865e-01,3.838921106392461561e-14,5.815304406732821341e-02,9.999999959963048468e-01,9.999999999999432676e-01,0.000000000000000000e+00,4.429759407334002419e-01,-2.780455442676933453e-01
9.999999999982305265e-01,1.809690810719109828e-12,4.240944750245984052e-01,9.999999981386874515e-01,9.999999999999358291e-01,0.000000000000000000e+00,4.429759447238108550e-01,-4.336642824009452335e-01
9.999999999997070121e-01,9.857646107632665191e-13,9.640317429050587750e-02,9.999999986884074987e-01,9.999999999999054090e-01,0.000000000000000000e+00,4.429759411504989863e-01,-2.943116361204388687e-01
9.999999999770853298e-01,1.453634469333403147e-12,9.053518269658029638e-01,9.999999981827961681e-01,9.999999999998600009e-01,0.000000000000000000e+00,4.429759499716846571e-01,-6.383217919629650128e-01
9.999999999998778755e-01,7.876313878764275012e-13,4.652695357693785727e-01,9.999999939764390167e-01,9.999999999999200639e-01,0.000000000000000000e+00,4.429759451728045860e-01,-4.511742186333288496e-01
9.999999999999793499e-01,7.651895610376812384e-13,7.913340706042839567e-01,9.999999986653560491e-01,9.999999999972135623e-01,0.000000000000000000e+00,4.429759487283773112e-01,-5.898350727736655363e-01
9.999999999997067901e-01,1.315830860535101876e-12,7.286834990318645788e-01,9.999999987280031588e-01,9.999999999999976685e-01,0.000000000000000000e+00,4.429759480452037934e-01,-5.631925500125266604e-01
9.999999999992996713e-01,1.786637223123221664e-13,2.256441824719609412e-01,9.999999978844088533e-01,9.999999999999753530e-01,0.000000000000000000e+00,4.429759425598083777e-01,-3.492721323940600753e-01
9.999999999998261391e-01,1.656036219687795338e-12,9.112242440336993932e-01,9.999999953494388416e-01,9.999999999996613820e-01,0.000000000000000000e+00,4.429759500357204893e-01,-6.408190719593719331e-01
9.999999999997123412e-01,3.850981641895251298e-13,9.672836031511378163e-01,9.999999996638230249e-01,9.999999999996034283e-01,0.000000000000000000e+00,4.429759506470201114e-01,-6.646586426537549608e-01
9.999999999999873435e-01,2.640161585850231928e-12,5.823534285499247787e-01,9.999999979734973676e-01,9.999999999999684697e-01,0.000000000000000000e+00,4.429759464495466315e-01,-5.009648299568508767e-01
9.999999999963711250e-01,5.891304061939697895e-15,2.856628035150680089e-01,9.999999999212977331e-01,9.999999999999826805e-01,0.000000000000000000e+00,4.429759432142817976e-01,-3.747954026042220610e-01
9.999999999994034772e-01,3.019494797375582538e-13,4.600886928341573756e-01,9.999999994300622363e-01,9.999999999999956701e-01,0.000000000000000000e+00,4.429759451163099992e-01,-4.489710343870366716e-01
9.999999999992975619e-01,1.809596257269514588e-13,9.999999999999998890e-01,8.654531965353858824e-01,9.999999999970637932e-01,0.000000000000000000e+00,4.429759520131469896e-01,-6.890201500545211077e-01
9.999999999998238076e-01,2.833803418430437729e-12,7.334954775079551847e-01,9.999999997588997491e-01,9.999999999989784838e-01,0.000000000000000000e+00,4.429759480976760422e-01,-5.652388719823798757e-01
9.999999999991177058e-01,5.533419810916602184e-13,3.688419719469483438e-01,9.999999965988107808e-01,9.999999999999230615e-01,0.000000000000000000e+00,4.429759441213095839e-01,-4.101678317512150729e-01
9.999999999989209742e-01,2.760100751852894620e-13,7.121956224011086745e-01,9.999999998299268222e-01,9.999999999996300737e-01,0.000000000000000000e+00,4.429759478654116123e-01,-5.561809837543240098e-01
9.999999999999141798e-01,6.697366228473054731e-14,7.376284852866239472e-01,9.999999967104294951e-01,9.999999999999794609e-01,0.000000000000000000e+00,4.429759481427444356e-01,-5.669964580004512866e-01
9.999999999999260591e-01,4.822837566360171092e-12,8.406861674630138337e-01,9.996760408815847931e-01,9.999999999999961142e-01,0.000000000000000000e+00,4.429759492689679390e-01,-6.108474992074429677e-01
9.999999999686011165e-01,2.343095854445834077e-12,2.026107031911884571e-01,9.999999998452341332e-01,9.999999999998657740e-01,0.000000000000000000e+00,4.429759423086396808e-01,-3.394770101783320948e-01
9.999999999998261391e-01,2.006234731882690952e-11,1.517128667839387213e-01,9.999999950697352480e-01,9.999999999996613820e-01,0.000000000000000000e+00,4.429759417536239252e-01,-3.178324073053885312e-01
9.999999999967659203e-01,4.108615124125988695e-12,8.538366926196393480e-01,9.999999998249248234e-01,9.999999999999995559e-01,0.000000000000000000e+00,4.429759494099375638e-01,-6.164146790235879303e-01
9.999999999998238076e-01,2.833803418430437729e-12,6.026408409929659982e-01,9.999999989515238052e-01,9.999999999999686917e-01,0.000000000000000000e+00,4.429759466707708371e-01,-5.095921709266341137e-01
9.999999999999904521e-01,2.009209413711715536e-12,2.314321119069576715e-01,9.999999985049043971e-01,9.999999999999952260e-01,0.000000000000000000e+00,4.429759426229228914e-01,-3.517334832615700568e-01
9.999999999997886135e-01,2.347352786518341472e-13,2.166444385382673143e-01,9.999999953346614401e-01,9.999999999999996669e-01,0.000000000000000000e+00,4.429759424616706576e-01,-3.454449387369419311e-01
9.999999999999414912e-01,2.965982521282585394e-13,1.872766153997192373e-01,9.999999993599060222e-01,9.999999999997701838e-01,0.000000000000000000e+00,4.429759421414289911e-01,-3.329560995093213682e-01
9.999999999996265210e-01,8.692419914141246073e-12,2.994607073988442281e-02,9.999999980288605261e-01,9.999999999999863443e-01,0.000000000000000000e+00,4.429759404258171163e-01,-2.660503633814036428e-01
9.999999999996508349e-01,8.907741053258249861e-14,2.125833414752913708e-01,9.999999980008619227e-01,9.999999999999016342e-01,0.000000000000000000e+00,4.429759424173863591e-01,-3.437179332012229027e-01
9.999999999993794964e-01,3.520765142199738855e-14,6.779233232953423283e-01,9.999999992313124419e-01,9.999999999998974154e-01,0.000000000000000000e+00,4.429759474916891149e-01,-5.416064877358369722e-01
9.999999999995944355e-01,9.092001633184560141e-12,1.251080953430529219e-01,9.999999962628012273e-01,9.999999999996366240e-01,0.000000000000000000e+00,4.429759414635119907e-01,-3.065185722254878398e-01
9.999999999985839105e-01,5.254565790010709130e-13,4.152115253794297356e-01,9.999999980708589309e-01,9.999999999999320544e-01,0.000000000000000000e+00,4.429759446269466716e-01,-4.298867560062599180e-01
9.999999999989815924e-01,1.336750095591359516e-13,1.208805998102426837e-01,9.999999961388428282e-01,9.999999999993761657e-01,0.000000000000000000e+00,4.429759414174132548e-01,-3.047208049828079579e-01
9.999999999991177058e-01,7.154904650045899835e-13,5.255118602472241829e-03,9.999999976017699410e-01,9.999999999996638245e-01,0.000000000000000000e+00,4.429759401565744881e-01,-2.555503913033486674e-01
9.999999999981208365e-01,6.296827995123907104e-14,1.643727348845814840e-01,9.999999996497167531e-01,9.999999999970395903e-01,0.000000000000000000e+00,4.429759418916734970e-01,-3.232160900584896135e-01
9.999999999999114042e-01,3.019522574931050693e-12,6.946756036848218407e-01,9.999999980686760104e-01,9.999999999999981126e-01,0.000000000000000000e+00,4.429759476743644897e-01,-5.487304932463793472e-01
9.999999999999091838e-01,3.371985850446833921e-13,8.857292469490586351e-01,9.999999966762157522e-01,9.999999999972135623e-01,0.000000000000000000e+00,4.429759497577101524e-01,-6.299771749199200022e-01
9.999999999999517053e-01,2.409601210907952985e-11,1.832695520278769807e-01,9.999903485681052029e-01,9.999999999074143942e-01,0.000000000000000000e+00,4.429759420978063855e-01,-3.312528217880715831e-01
9.999999999995049516e-01,1.991785464103147662e-13,5.330595730329412696e-01,9.999999984591794178e-01,9.999999999999942268e-01,0.000000000000000000e+00,4.429759459120214404e-01,-4.800023289490106260e-01
9.999999999980992982e-01,1.271107606110817022e-12,5.037250967306410310e-01,9.999999980233049701e-01,9.999999999968588460e-01,0.000000000000000000e+00,4.429759455921434830e-01,-4.675276710063253072e-01
9.999999999999488187e-01,2.630061687319743661e-12,9.999999999999973355e-01,2.557883083055087492e-01,9.999999999993478550e-01,0.000000000000000000e+00,4.429759565868556237e-01,-7.363656520888922641e-01
9.999999999999161782e-01,1.795652332290371492e-11,6.568078430598357498e-01,9.999999984036630485e-01,9.999999999999896749e-01,0.000000000000000000e+00,4.429759472614352434e-01,-5.326270060717480659e-01
9.999999999921199700e-01,9.713239258508378458e-13,7.525708839463643995e-01,9.999999934291573522e-01,9.999999999998948619e-01,0.000000000000000000e+00,4.429759483056839864e-01,-5.733508008627555830e-01
9.999999999996901368e-01,5.176729025805267029e-14,6.420185701037217640e-01,9.999999957152256869e-01,9.999999999996009858e-01,0.000000000000000000e+00,4.429759471001655236e-01,-5.263377812766031338e-01
9.999999999999870104e-01,7.765041939153066441e-13,7.428779955959925463e-01,9.999999986333623081e-01,9.999999999999995559e-01,0.000000000000000000e+00,4.429759481999877568e-01,-5.692288428777237952e-01
9.999999999996345146e-01,8.787347505231038378e-16,1.324422247501531591e-01,9.999999997894286619e-01,9.999999999999180655e-01,0.000000000000000000e+00,4.429759415434870728e-01,-3.096374534677962531e-01
9.999999999993601785e-01,4.401766916632129020e-13,2.362211005760850302e-01,9.999999941827310002e-01,9.999999999991605604e-01,0.000000000000000000e+00,4.429759426751445073e-01,-3.537700290968367467e-01
9.999999999928904648e-01,9.125312282053865189e-15,3.409487399918987860e-01,9.999999964607755309e-01,9.999999999999201750e-01,0.000000000000000000e+00,4.429759438171476660e-01,-3.983060713904499339e-01
9.999999999999867883e-01,5.499686899358206994e-12,4.442461590756087153e-01,9.999999975031547139e-01,9.999999999987329025e-01,0.000000000000000000e+00,4.429759449435550223e-01,-4.422339042026096623e-01
9.999999999985406118e-01,1.484639893018470387e-12,5.056545778587193118e-02,9.999999992273148619e-01,9.999999999999317213e-01,0.000000000000000000e+00,4.429759406506613151e-01,-2.748188784793671458e-01
9.999999999972744025e-01,3.039144320187850923e-12,8.639186276628725292e-01,9.999999999036172094e-01,9.999999999996068700e-01,0.000000000000000000e+00,4.429759495198760666e-01,-6.207020809852433763e-01
9.999999999989233057e-01,5.126000438068988401e-13,9.999999999999955591e-01,8.385764779499856880e-01,9.999999999999489297e-01,0.000000000000000000e+00,4.429759522147762585e-01,-6.911073487090596545e-01
9.999999999998971933e-01,2.000237210318214576e-13,9.999999999999995559e-01,9.923456286162140039e-01,9.999999999986233234e-01,0.000000000000000000e+00,4.429759510611994133e-01,-6.791659071453800545e-01
9.999999999985468291e-01,3.596930010012524221e-13,2.074326606031383080e-01,9.999999958576055725e-01,9.999999999994639843e-01,0.000000000000000000e+00,4.429759423612207869e-01,-3.415275761387531750e-01
9.999999999994975131e-01,6.056466458756653833e-14,9.999999999999860112e-01,3.110870974979628167e-01,9.999999999999406031e-01,0.000000000000000000e+00,4.429759561720039152e-01,-7.320712454620056375e-01
9.999999999993106625e-01,1.351533245206827983e-13,1.127116032770017068e-01,9.999999981054554787e-01,9.999999999994686473e-01,0.000000000000000000e+00,4.429759413283343994e-01,-3.012468911757192336e-01
9.999999999994034772e-01,3.087913941996081420e-13,4.716690504841561937e-01,9.999999996989774598e-01,9.999999999999956701e-01,0.000000000000000000e+00,4.429759452425880983e-01,-4.538956493288045513e-01
9.999999999976244558e-01,2.588903556623307497e-12,3.140813419913968674e-01,9.999999962356006522e-01,9.999999999996007638e-01,0.000000000000000000e+00,4.429759435241719667e-01,-3.868805529382074448e-01
9.999999999913192772e-01,7.129995133728520618e-13,2.469312778492747662e-01,9.999999991809304101e-01,9.999999999999931166e-01,0.000000000000000000e+00,4.429759427919336412e-01,-3.583245943663956323e-01
9.999999999997708500e-01,2.017279684789628950e-11,5.179442490915044939e-01,9.999999979750078261e-01,9.999999999996569411e-01,0.000000000000000000e+00,4.429759457471962869e-01,-4.735744488899650273e-01
9.999999999997200018e-01,3.309535959848310325e-11,9.999999999998375744e-01,9.243716903029053356e-13,9.999999999992200683e-01,0.000000000000000000e+00,4.429759585057806426e-01,-7.562297218504993035e-01
9.999999999706606912e-01,5.901052940078978970e-13,4.016867245833605216e-01,9.999999985925556167e-01,9.999999999999491518e-01,0.000000000000000000e+00,4.429759444794654222e-01,-4.241352551586868858e-01
9.999999999987492227e-01,7.288401995082225655e-11,9.209686826447136543e-01,9.999999996205395369e-01,9.999999999997924993e-01,0.000000000000000000e+00,4.429759501419787693e-01,-6.449629512593210157e-01
9.999999999988350430e-01,1.121784608178825372e-12,2.039231832103186037e-02,9.999999978883516993e-01,9.999999999999951150e-01,0.000000000000000000e+00,4.429759403216381730e-01,-2.619875741807088376e-01
9.999999999961520780e-01,4.798206135099163607e-13,9.999999999999995559e-01,7.827265542373500473e-01,9.999999999997069011e-01,0.000000000000000000e+00,4.429759526337626041e-01,-6.954445554726712553e-01
9.999999999999631406e-01,6.876670845461155477e-12,2.766694489227111142e-01,9.999999644540946697e-01,9.999999999999689138e-01,0.000000000000000000e+00,4.429759431162139660e-01,-3.709709286078487489e-01
9.999999999999303890e-01,2.092196221089480786e-11,9.999999999999789058e-01,5.529210098339965018e-01,9.999999999999962252e-01,0.000000000000000000e+00,4.429759543577648229e-01,-7.132908495272088922e-01
9.999999999997722933e-01,2.237515256864607544e-12,9.627890578721756132e-01,9.999999954698230997e-01,9.999999999999993339e-01,0.000000000000000000e+00,4.429759505980093715e-01,-6.627473112571408143e-01
9.999999999960899055e-01,1.847371415716254766e-12,7.020736430405254414e-01,9.999999963260457481e-01,9.999999999999930056e-01,0.000000000000000000e+00,4.429759477550364588e-01,-5.518765529773693723e-01
9.999999999998400169e-01,2.009145631909069763e-12,8.897072947214834659e-01,9.999999996336250696e-01,9.999999999995216049e-01,0.000000000000000000e+00,4.429759498010887864e-01,-6.316688628206922340e-01
9.999999999994562128e-01,5.588566017057919874e-13,5.676684046912303661e-01,9.999999992001948890e-01,9.999999999995234923e-01,0.000000000000000000e+00,4.429759462894136690e-01,-4.947199373966782998e-01
9.999999999993240962e-01,1.799919454030746217e-14,6.221461908398124852e-01,9.999999992313124419e-01,9.999999999998974154e-01,0.000000000000000000e+00,4.429759468834670311e-01,-5.178869352489826605e-01
9.999999999997123412e-01,3.003459117324556469e-13,1.913826029615870172e-01,9.999999993896395711e-01,9.999999999999995559e-01,0.000000000000000000e+00,4.429759421862027868e-01,-3.347021947824010413e-01
9.999999999998102629e-01,2.816301122199864348e-13,6.866542033173225201e-01,9.999999894274590462e-01,9.999999999996589395e-01,0.000000000000000000e+00,4.429759475868951246e-01,-5.453193463979840727e-01
9.999999999999793499e-01,1.515774861897348126e-12,8.198011818166957010e-01,9.999999988746715029e-01,9.999999999972395415e-01,0.000000000000000000e+00,4.429759490387971121e-01,-6.019408786465644257e-01
9.999999999978809173e-01,1.445101111981906054e-13,1.166052570649652731e-01,9.999999980234886010e-01,9.999999999999894529e-01,0.000000000000000000e+00,4.429759413707927695e-01,-3.029026902760202367e-01
9.999999999998494538e-01,1.686539102071755115e-12,9.868264483996750380e-01,9.999999985164514937e-01,9.999999999999930056e-01,0.000000000000000000e+00,4.429759508601252005e-01,-6.729693522254428517e-01
9.999999999996279643e-01,3.982966960585895383e-12,1.287200671258615370e-01,9.999999963720099805e-01,9.999999999999991118e-01,0.000000000000000000e+00,4.429759415028987624e-01,-3.080545843870100553e-01
9.999999999981113996e-01,1.085839692026074138e-13,7.241789821686103190e-01,9.999999960730209247e-01,9.999999999993761657e-01,0.000000000000000000e+00,4.429759479960842516e-01,-5.612769780216347870e-01
9.999999999997771782e-01,1.991785464103147662e-13,2.512137483687817419e-01,9.999999979941311956e-01,9.999999999999029665e-01,0.000000000000000000e+00,4.429759428386318976e-01,-3.601457401468263209e-01
9.999999999995252686e-01,1.409038600416161333e-13,1.794797021432614215e-01,9.999999980144760325e-01,9.999999999999203970e-01,0.000000000000000000e+00,4.429759420564075567e-01,-3.296404165536873654e-01
9.999999999993542943e-01,4.407569716993241861e-13,2.205771485295040524e-01,9.999999958359983010e-01,9.999999999994639843e-01,0.000000000000000000e+00,4.429759425045549093e-01,-3.471173466712623723e-01
9.999999999980992982e-01,1.253417363174332395e-11,3.968249824052858532e-01,9.999999980359015606e-01,9.999999999992559285e-01,0.000000000000000000e+00,4.429759444264504964e-01,-4.220677708455701227e-01
9.999999999999401590e-01,2.142467803209149736e-11,8.321689905424441980e-01,9.999999996391918389e-01,9.999999999999933387e-01,0.000000000000000000e+00,4.429759491736619537e-01,-6.072003617364792882e-01
9.999999999996197486e-01,9.139393217091773418e-12,5.628420111697589601e-01,9.999999997174179311e-01,9.999999999998071543e-01,0.000000000000000000e+00,4.429759462367842127e-01,-4.926674852239961711e-01
9.999999999448466736e-01,4.224762363931418495e-14,1.414081083471123157e-01,9.999999995446879897e-01,9.999999999969673148e-01,0.000000000000000000e+00,4.429759416412555884e-01,-3.134502480350086495e-01
9.999999999902224879e-01,9.330544699299677946e-11,9.824115491929469313e-01,9.999999953194504965e-01,9.999999999996272981e-01,0.000000000000000000e+00,4.429759508119829325e-01,-6.710918907100237307e-01
9.999999999893830482e-01,1.754007825949818289e-13,9.999999999999972244e-01,5.299158562516669280e-01,9.999999999997895017e-01,0.000000000000000000e+00,4.429759545303496027e-01,-7.150773892587199976e-01
9.999999999991731059e-01,3.748010634616875167e-14,5.273813504185831391e-01,9.999999979799480965e-01,9.999999999995221600e-01,0.000000000000000000e+00,4.429759458501032476e-01,-4.775876315396522243e-01
9.999999999995707878e-01,3.376631612113723662e-13,4.235283007612888895e-02,9.999999993135915144e-01,9.999999999999377165e-01,0.000000000000000000e+00,4.429759405611066736e-01,-2.713264104048579428e-01
9.999999999982994714e-01,2.816373176830447964e-12,9.778752622489821356e-01,9.999999997498782989e-01,9.999999999989491739e-01,0.000000000000000000e+00,4.429759507625169457e-01,-6.691628077561170285e-01
9.999999999997516431e-01,1.005361816209054345e-11,9.365516571722505290e-01,9.999999990489730761e-01,9.999999999999963363e-01,0.000000000000000000e+00,4.429759503119033992e-01,-6.515897025526703468e-01
9.999999999993989253e-01,5.378108919617376394e-12,9.999999999999945599e-01,6.808968261612893258e-01,9.999999999998423483e-01,0.000000000000000000e+00,4.429759533976896924e-01,-7.033524729057972769e-01
9.999999999999958922e-01,1.099950010506434523e-13,6.467777770603851950e-01,9.999999980658895726e-01,9.999999999999958922e-01,0.000000000000000000e+00,4.429759471520623437e-01,-5.283616617458047893e-01
9.999999999997548628e-01,1.725536526435882095e-12,4.370671562334921822e-01,9.999902876935836682e-01,9.999999999157407338e-01,0.000000000000000000e+00,4.429759448653444176e-01,-4.391817452128733423e-01
9.999999999991177058e-01,6.723788751481064922e-13,3.320867696842591532e-01,9.999999965988107808e-01,9.999999999999230615e-01,0.000000000000000000e+00,4.429759437205122441e-01,-3.945374665663382574e-01
9.999999999927967620e-01,5.120725761231724628e-13,2.959034482958926571e-01,9.999999944520655548e-01,9.999999999993578470e-01,0.000000000000000000e+00,4.429759433259510271e-01,-3.791502972413612893e-01
9.999999999954600760e-01,7.890484691929522694e-14,7.858416417325533310e-01,9.999999964090636739e-01,9.999999999993713917e-01,0.000000000000000000e+00,4.429759486684851089e-01,-5.874993853801752097e-01
9.999999999999977796e-01,5.195794810389540825e-14,2.612834196890396754e-01,9.999999981853987530e-01,9.999999999987321253e-01,0.000000000000000000e+00,4.429759429484366740e-01,-3.644279268791236204e-01
9.999999999994464428e-01,2.332902574012985472e-12,9.999999999999508171e-01,4.899880317738199431e-01,9.999999999999781286e-01,0.000000000000000000e+00,4.429759548298882743e-01,-7.181781138233348516e-01
9.999999999997803979e-01,1.131496659444133523e-11,9.999999999999997780e-01,9.803032351524323396e-01,9.999999999996930233e-01,0.000000000000000000e+00,4.429759511515414805e-01,-6.801010982235907720e-01
9.999999999888058433e-01,1.782732622202533853e-13,9.999999999999860112e-01,4.782480282311587505e-01,9.999999999985540455e-01,0.000000000000000000e+00,4.429759549179618783e-01,-7.190898218326632341e-01
9.999999999999965583e-01,2.111780724317084179e-13,4.851087103138256307e-01,9.999999967176412818e-01,9.999999999972384312e-01,0.000000000000000000e+00,4.429759453891409793e-01,-4.596109436725593911e-01
9.999999999990509814e-01,2.225741727383122644e-12,8.281598712275931584e-01,9.999999992482290212e-01,9.999999999999275024e-01,0.000000000000000000e+00,4.429759491299445351e-01,-6.054954602797776309e-01
9.999999999999809042e-01,6.432127670577561501e-12,3.635804488750725705e-01,9.999999985771395039e-01,9.999999999999740208e-01,0.000000000000000000e+00,4.429759440639352563e-01,-4.079303380737614448e-01
9.999999999999727995e-01,8.434313749010250103e-12,8.004492142646839614e-01,9.999999985145278103e-01,9.999999999998806510e-01,0.000000000000000000e+00,4.429759488277734691e-01,-5.937113410512048217e-01
9.999999999910910153e-01,2.243979862015591662e-13,9.195882256026904900e-02,9.999999951765782269e-01,9.999999999999823475e-01,0.000000000000000000e+00,4.429759411020355864e-01,-2.924216497710859786e-01
9.999999999961909358e-01,2.911404644344179373e-12,6.373068439355654702e-01,9.999999966079284874e-01,9.999999999998415712e-01,0.000000000000000000e+00,4.429759470487865114e-01,-5.243340920381490688e-01
9.999999999999291678e-01,1.866164245888803532e-13,2.999123317773502162e-01,9.999996124867737146e-01,9.999999977520962480e-01,0.000000000000000000e+00,4.429759433696688342e-01,-3.808551280827862096e-01
9.999999999686776109e-01,9.547104448433316614e-14,4.612381064553094934e-02,9.999999996174653294e-01,9.999999999999981126e-01,0.000000000000000000e+00,4.429759406022273360e-01,-2.729300419704508984e-01
9.999999999986080024e-01,5.466739827154770850e-13,8.734003064745287093e-01,9.999999979438174424e-01,9.999999999999894529e-01,0.000000000000000000e+00,4.429759496232691385e-01,-6.247342206240887874e-01
9.999999999895351488e-01,9.554944675336144663e-12,9.999999999999965583e-01,8.129508696287031100e-01,9.999999999998707700e-01,0.000000000000000000e+00,4.429759524070196464e-01,-6.930973883418799497e-01
9.999999999994715338e-01,1.072485973959391306e-11,9.999999999999986677e-01,6.689672338394410112e-01,9.999999999998735456e-01,0.000000000000000000e+00,4.429759534871855475e-01,-7.042789040455840199e-01
9.999999999978501641e-01,3.907798687668035218e-14,6.628013390540772320e-01,9.999999997108371952e-01,9.999999999999601430e-01,0.000000000000000000e+00,4.429759473267913528e-01,-5.351757752699567439e-01
9.999999999952865481e-01,8.949441393740317361e-14,5.530021398550842848e-01,9.999999964216640391e-01,9.999999999994517719e-01,0.000000000000000000e+00,4.429759461294853207e-01,-4.884830225320170305e-01
9.999999999969997333e-01,3.232146263060436048e-14,5.221493193124541188e-01,9.999999992404581262e-01,9.999999999999801270e-01,0.000000000000000000e+00,4.429759457930504962e-01,-4.753626795490616397e-01
9.999999999999806821e-01,5.479708260139267012e-12,3.587299590893674450e-01,9.999999975203732738e-01,9.999999999999144018e-01,0.000000000000000000e+00,4.429759440110430657e-01,-4.058676389458032441e-01
9.999999999998790967e-01,7.876313878764275012e-13,4.951478670838342921e-01,9.999999995704703659e-01,9.999999999999166223e-01,0.000000000000000000e+00,4.429759454986130218e-01,-4.638801537067184233e-01
9.999999999996792566e-01,4.586588143787877124e-12,7.963187901431042492e-01,9.999999984177539991e-01,9.999999999999167333e-01,0.000000000000000000e+00,4.429759487827332198e-01,-5.919548539926694497e-01
9.999999999981972199e-01,4.289392208129403247e-13,7.711363339563067631e-01,9.999999955988320144e-01,9.999999999999842348e-01,0.000000000000000000e+00,4.429759485081309900e-01,-5.812458671232062501e-01
9.999999999996750377e-01,9.244732151427167950e-11,3.184856280810123286e-01,9.999999773605623421e-01,9.999999998635212828e-01,0.000000000000000000e+00,4.429759435721986605e-01,-3.887535028762550970e-01
9.999999999994360067e-01,2.111274339833309446e-11,1.564066499609062522e-02,9.999999992273148619e-01,9.999999999999943379e-01,0.000000000000000000e+00,4.429759402698237314e-01,-2.599669056508141507e-01
9.999999999998889777e-01,1.083092525547732734e-12,3.261306403804150600e-01,9.999999993361576855e-01,9.999999999999380496e-01,0.000000000000000000e+00,4.429759436555635865e-01,-3.920045874582364087e-01
9.999999999989168664e-01,5.183666383087672805e-13,9.999999999999803491e-01,3.737059828290737462e-01,9.999999999997931655e-01,0.000000000000000000e+00,4.429759557022367455e-01,-7.272083730538351221e-01
9.999999999996357358e-01,2.890436537719260590e-13,5.985071160163981663e-01,9.999999979769214065e-01,9.999999999996569411e-01,0.000000000000000000e+00,4.429759466256946165e-01,-5.078342802287981739e-01
9.999999999999625855e-01,3.248382687199224300e-13,3.894483333780707213e-02,9.999999982854665959e-01,9.999999999996440625e-01,0.000000000000000000e+00,4.429759405239441783e-01,-2.698771398971727686e-01
9.999999999997802869e-01,1.959012531984399662e-13,1.575203856241103040e-11,9.999999942223045668e-01,9.999999999995241584e-01,0.000000000000000000e+00,4.429759400992699936e-01,-2.533156215869994954e-01
9.999999999997101208e-01,5.046858930399143113e-14,7.105537043612229764e-02,9.999999979943804407e-01,9.999999999999090727e-01,0.000000000000000000e+00,4.429759408740936988e-01,-2.835323340210310628e-01
9.999999995752705262e-01,3.503668523894301971e-14,3.849513817254749393e-01,9.999999996554559401e-01,9.999999999999675815e-01,0.000000000000000000e+00,4.429759442969747329e-01,-4.170184524393890646e-01
9.999999999998375744e-01,2.028306759251716278e-11,9.999999999999524825e-01,6.928289528856564905e-01,9.999999999998706590e-01,0.000000000000000000e+00,4.429759533081747969e-01,-7.024258449473063104e-01
9.999999999927474681e-01,8.620408101178026042e-15,3.786538300828574677e-01,9.999999980539585609e-01,9.999999999999210631e-01,0.000000000000000000e+00,4.429759442283030535e-01,-4.143403818176164544e-01
9.999999999995885513e-01,7.975431636141424720e-13,3.224107911881761712e-01,9.999999980275802169e-01,9.999999999998946398e-01,0.000000000000000000e+00,4.429759436150004781e-01,-3.904226998893144396e-01
9.999999999999836797e-01,5.490833834005887850e-12,8.584046842462617066e-01,9.999999957266934025e-01,9.999999999989742649e-01,0.000000000000000000e+00,4.429759494597492742e-01,-6.183572445545452156e-01
9.999999999990449862e-01,1.117028762511580963e-13,9.909387699175299380e-01,9.999999994679718007e-01,9.999999999999900080e-01,0.000000000000000000e+00,4.429759509049680521e-01,-6.747181409789840822e-01
9.999999999999874545e-01,1.408212722598937901e-12,2.551668991583944668e-01,9.999999989663078681e-01,9.999999999998995248e-01,0.000000000000000000e+00,4.429759428817390265e-01,-3.618268406136594395e-01
9.999999999996064259e-01,2.365584069004515790e-13,6.184103734393381346e-01,9.999999993837908052e-01,9.999999999999523714e-01,0.000000000000000000e+00,4.429759468427297842e-01,-5.162982569917219378e-01
9.999999999998210320e-01,2.749029007139417656e-13,6.728242988610231290e-01,9.999999887552700750e-01,9.999999999970395903e-01,0.000000000000000000e+00,4.429759474360868698e-01,-5.394380985232717363e-01
9.999999999913192772e-01,7.483046055559320397e-13,7.628788925746856631e-01,9.999999996190411800e-01,9.999999999999931166e-01,0.000000000000000000e+00,4.429759484180876838e-01,-5.777343414662089449e-01
9.999999999989815924e-01,1.336750095591359516e-13,1.079311919540114628e-01,9.999999961388428282e-01,9.999999999993761657e-01,0.000000000000000000e+00,4.429759412762063753e-01,-2.992139933952872033e-01
9.999999999995164979e-01,1.355797630385292110e-12,9.999999999999996669e-01,8.784706074786545749e-01,9.999999999970637932e-01,0.000000000000000000e+00,4.429759519154903291e-01,-6.880092408340946486e-01
9.999999999995415889e-01,4.320446539828046776e-13,3.540409435408019556e-01,9.999999949035400792e-01,9.999999999993161026e-01,0.000000000000000000e+00,4.429759439599116888e-01,-4.038736078046410993e-01
9.999999999996146416e-01,1.247867039978482036e-12,2.670791255243847862e-01,9.999999999760595948e-01,9.999999999999217293e-01,0.000000000000000000e+00,4.429759430116360086e-01,-3.668925846148988201e-01
9.999999999997537525e-01,2.403074383769213829e-14,3.742485619179917178e-01,9.999999746311475368e-01,9.999999999315826171e-01,0.000000000000000000e+00,4.429759441802659792e-01,-4.124670175300190200e-01
9.999999999990449862e-01,1.516406027037982517e-13,1.714641102792881511e-01,9.999999982160122647e-01,9.999999999999226175e-01,0.000000000000000000e+00,4.429759419690014743e-01,-3.262317391188428450e-01
9.999999999999965583e-01,2.142352012102970679e-13,4.325046835723025396e-01,9.999999967176412818e-01,9.999999999990748512e-01,0.000000000000000000e+00,4.429759448155200507e-01,-4.372407729883655003e-01
9.999999999975773823e-01,1.636014338339561354e-12,9.999999999999914513e-01,7.679483025511398830e-01,9.999999999996891376e-01,0.000000000000000000e+00,4.429759527446291423e-01,-6.965922084841432715e-01
9.999999999988888888e-01,2.716240584273852714e-12,9.999999999999596989e-01,1.055144463999628801e-01,9.999999999988193888e-01,0.000000000000000000e+00,4.429759577142108329e-01,-7.480356556782349342e-01
9.999999999995468070e-01,3.352609083995702314e-13,4.787926238690050074e-01,9.999999980263386545e-01,9.999999999999510392e-01,0.000000000000000000e+00,4.429759453202671837e-01,-4.569249907917000142e-01
9.999999999999824585e-01,2.349683746669345737e-13,9.958998872230062638e-01,9.999999999962198016e-01,9.999999999999996669e-01,0.000000000000000000e+00,4.429759509590665556e-01,-6.768278851484564873e-01
9.999999999994715338e-01,1.072485973959391306e-11,9.999999999999944489e-01,6.393189442888536078e-01,9.999999999999749090e-01,0.000000000000000000e+00,4.429759537096071287e-01,-7.065813380220756779e-01
9.999999999969997333e-01,1.311460430458915233e-14,6.904349509886380520e-01,9.999999992404581262e-01,9.999999999999801270e-01,0.000000000000000000e+00,4.429759476281222574e-01,-5.469271307424145023e-01
9.999999999998219202e-01,1.020010643953668165e-12,4.496533345491361411e-01,9.999999965123207435e-01,9.999999999999861222e-01,0.000000000000000000e+00,4.429759450025176348e-01,-4.445333373404151134e-01
9.999999999996291855e-01,5.793759740841951435e-13,4.114810156132192032e-01,9.999999985937433333e-01,9.999999999999406031e-01,0.000000000000000000e+00,4.429759445862673228e-01,-4.283003348230790541e-01
9.999999999999716893e-01,1.983793965061211929e-12,5.428544425608412549e-01,9.999999985164514937e-01,9.999999999998498978e-01,0.000000000000000000e+00,4.429759460188296694e-01,-4.841676546192660302e-01
9.999999999999616973e-01,2.008094413345675755e-12,9.576289446469299360e-01,9.999998111888407371e-01,9.999999999544650908e-01,0.000000000000000000e+00,4.429759505417422694e-01,-6.605529571749136908e-01
9.999999999996374012e-01,4.145180732496884837e-12,5.132594969208976732e-01,9.999999980478102568e-01,9.999999999999917843e-01,0.000000000000000000e+00,4.429759456961114283e-01,-4.715822305660496427e-01
9.999999999999401590e-01,2.200335203699955725e-11,9.999581513240659580e-01,9.999999996391918389e-01,9.999999999999933387e-01,0.000000000000000000e+00,4.429759510033199343e-01,-6.785536857716948367e-01
9.999999999999746869e-01,4.933784852934334344e-12,9.999999999999685807e-01,9.062691322475419087e-01,9.999999999999795719e-01,0.000000000000000000e+00,4.429759517069456476e-01,-6.858504563340054316e-01
9.999999999980826448e-01,3.849731284172116617e-13,5.724360107415321641e-01,9.999999951159087574e-01,9.999999999993420818e-01,0.000000000000000000e+00,4.429759463414020826e-01,-4.967473901296534100e-01
9.999999999996003197e-01,1.012217868424436982e-11,4.062028462931281392e-01,9.999999980263386545e-01,9.999999999999963363e-01,0.000000000000000000e+00,4.429759445287114739e-01,-4.260557624289195155e-01
9.999999999999601430e-01,1.402007195597044019e-12,6.824297214625603125e-01,9.999999996205395369e-01,9.999999999997501998e-01,0.000000000000000000e+00,4.429759475408291958e-01,-5.435228599383167269e-01
9.999999999999512612e-01,6.965639446590820624e-13,5.865847167525243266e-01,9.999999966810210195e-01,9.999999999999527045e-01,0.000000000000000000e+00,4.429759464956867232e-01,-5.027642101651405016e-01
9.999999999998187006e-01,2.028306759251716278e-11,9.999999999999640288e-01,7.312926774600593260e-01,9.999999999999953371e-01,0.000000000000000000e+00,4.429759530196197836e-01,-6.994388198048983041e-01
9.999999999993991473e-01,2.047579818145264392e-11,6.519460613123002624e-01,9.999999998249248234e-01,9.999999999999680256e-01,0.000000000000000000e+00,4.429759472084199290e-01,-5.305595047786549889e-01
9.999999999999904521e-01,2.009209413711715536e-12,3.113357159086287962e-01,9.999999995166533040e-01,9.999999999998644418e-01,0.000000000000000000e+00,4.429759434942322494e-01,-3.857129590994626822e-01
9.999999999972029041e-01,2.788057053210373432e-14,1.458776301351270288e-01,9.999999963330326036e-01,9.999999999999850120e-01,0.000000000000000000e+00,4.429759416899935465e-01,-3.153509386208398491e-01
