9.999999999950796026e-01,7.611836481829579156e-15,9.999999999999992228e-01,6.687026526811093996e-01,9.999999999998853140e-01,4.000000000000000222e-01,4.429759576287390366e-01,-7.452793602059618605e-01
9.999999999995290434e-01,1.323358914092332278e-13,9.999999999999799050e-01,8.271289041079216142e-01,9.999999999998512301e-01,4.000000000000000222e-01,4.429759564402245831e-01,-7.329762563957989974e-01
9.999999999994987343e-01,3.282245068258187463e-13,1.630460016999180084e-09,9.999999981411411554e-01,9.999999999999722444e-01,4.000000000000000222e-01,4.429759442388385704e-01,-2.942955312232710119e-01
9.999999999982969179e-01,9.999982346869450422e-01,9.999999999999432676e-01,1.906106819224799879e-12,9.999999999999344968e-01,4.000000000000000222e-01,4.429759705707329021e-01,-7.973567170366518964e-01
9.999999999996065370e-01,3.233999186231551739e-15,9.999999999999841238e-01,4.669111515063488205e-01,9.999999999999814593e-01,4.000000000000000222e-01,4.429759591425797560e-01,-7.609501329757267785e-01
9.999999999999237277e-01,1.942733334887858795e-15,6.234834830368614078e-01,9.999999995468517033e-01,9.999999999999895639e-01,4.000000000000000222e-01,4.429759510376181098e-01,-5.594355358221155816e-01
9.999999999980712095e-01,1.045191399268670872e-13,9.999999999999997780e-01,2.223168889116603208e-01,9.999999999999305000e-01,4.000000000000000222e-01,4.429759609775269502e-01,-7.799448928527318303e-01
9.999999999997056799e-01,4.509613821833383376e-15,2.547552264872858241e-01,9.999999992923570558e-01,9.999999999999986677e-01,4.000000000000000222e-01,4.429759470168185276e-01,-4.026316836255060538e-01
9.999999999989401811e-01,3.613525945962441903e-13,1.788345536985726514e-01,9.999999948187401344e-01,9.999999999998733236e-01,4.000000000000000222e-01,4.429759461889410943e-01,-3.703459728980559307e-01
9.999999999966721065e-01,6.389318516236876417e-11,9.999999999999463762e-01,4.273498221962768184e-12,9.999999999996341815e-01,4.000000000000000222e-01,4.429759626453492749e-01,-7.972096311041377836e-01
9.999999999997682965e-01,1.453344087588147829e-15,8.108778555755777884e-01,9.999999968323678434e-01,9.999999999998582245e-01,4.000000000000000222e-01,4.429759530810612467e-01,-6.391260912748796263e-01
9.999999999968427478e-01,6.389318516236876417e-11,9.999999999999463762e-01,9.292508042432836568e-01,9.999999999996338484e-01,4.000000000000000222e-01,4.429759556741056370e-01,-7.250456493950115933e-01
9.999999999997182254e-01,1.027452139938121370e-11,9.999999999999992228e-01,8.947172660834826763e-01,9.999999999999468203e-01,4.000000000000000222e-01,4.429759559331764018e-01,-7.277274631792701731e-01
9.999999999987945198e-01,3.355641308088795904e-01,9.999999999998706590e-01,1.538846732196609643e-14,9.999999999999786837e-01,4.000000000000000222e-01,4.429759653048284118e-01,-7.972589879540582514e-01
9.999999999995913269e-01,7.076696813775371448e-13,9.999999999999983347e-01,4.896297172424399213e-02,9.999999999999565903e-01,4.000000000000000222e-01,4.429759622780288231e-01,-7.934072529087144998e-01
9.999999999977494669e-01,1.111121759368375028e-13,9.999999999999948930e-01,1.621404061963240828e-01,9.999999999999807931e-01,4.000000000000000222e-01,4.429759614289712211e-01,-7.846180925726494726e-01
9.999999999995272670e-01,1.756555911998533267e-13,9.999999999999996669e-01,7.911796784030094010e-01,9.999999999999805711e-01,4.000000000000000222e-01,4.429759567099158524e-01,-7.357680099827469400e-01
9.999999999999217293e-01,8.246497696231870743e-13,9.999999999999993339e-01,2.096781108189102183e-01,9.999999999999539257e-01,4.000000000000000222e-01,4.429759610723431607e-01,-7.809263981114812347e-01
9.999999999997500888e-01,5.979712221599846390e-11,9.999999999999827915e-01,8.542028679244182410e-01,9.999999999999900080e-01,4.000000000000000222e-01,4.429759562371156090e-01,-7.308737400237185211e-01
9.999999999998901989e-01,2.962580257403384246e-13,7.546995003712371197e-01,9.999999988906315140e-01,9.999999999999630296e-01,4.000000000000000222e-01,4.429759524684639960e-01,-6.152359163026200894e-01
9.999999999998073763e-01,1.756308480800418196e-13,3.179919823870849815e-01,9.999999971683404265e-01,9.999999999999596989e-01,4.000000000000000222e-01,4.429759477063841544e-01,-4.295234848681394046e-01
9.999999999995455857e-01,1.333821566734098609e-13,9.999999999999911182e-01,6.942483680417184111e-01,9.999999999998563371e-01,4.000000000000000222e-01,4.429759574370949471e-01,-7.432955249186464775e-01
9.999999999996680433e-01,2.656918530783924430e-14,3.902301148117366392e-01,9.999999981288746342e-01,9.999999999999903411e-01,4.000000000000000222e-01,4.429759484941053205e-01,-4.602431739948756872e-01
9.999999999974694687e-01,4.002368322540409429e-12,9.999999999999948930e-01,5.196150179249212631e-01,9.999999999999983347e-01,4.000000000000000222e-01,4.429759587471950866e-01,-7.568572434836032814e-01
9.999999999966721065e-01,6.389318516236876417e-11,9.999999999999463762e-01,5.051993946041577477e-01,9.999999999996341815e-01,4.000000000000000222e-01,4.429759588553411898e-01,-7.579767354147667335e-01
9.999999999996956879e-01,2.195392774581385455e-14,6.645386115766845903e-01,9.999999977527617157e-01,9.999999999999351630e-01,4.000000000000000222e-01,4.429759514853040536e-01,-5.768944699973065360e-01
9.999999999999096278e-01,1.246881550279285357e-13,9.999999999999967804e-01,3.413333103998839047e-02,9.999999999999997780e-01,4.000000000000000222e-01,4.429759623892808307e-01,-7.945588966997058078e-01
9.999999999977720044e-01,3.284202313830953475e-15,9.999999999999800160e-01,4.515745232149473987e-01,9.999999999997351008e-01,4.000000000000000222e-01,4.429759592576352212e-01,-7.621411485322523438e-01
9.999999999996271871e-01,6.710062644150774558e-13,2.914562788034593122e-01,9.999999990467079991e-01,9.999999999999956701e-01,4.000000000000000222e-01,4.429759474170253952e-01,-4.182390212472520963e-01
9.999999999996003197e-01,2.932222810173337845e-13,3.597953584474289368e-02,9.999999924181758315e-01,9.999999999999764633e-01,4.000000000000000222e-01,4.429759446311776760e-01,-3.095960394672986338e-01
9.999999999999800160e-01,3.592742204335529204e-13,9.999999999999948930e-01,8.147842003913237097e-01,9.999999999999548139e-01,4.000000000000000222e-01,4.429759565328346138e-01,-7.339349243556280156e-01
9.999999999998675504e-01,2.938995656353091841e-12,7.355285720798354632e-01,9.999999994318199414e-01,9.999999999999918954e-01,4.000000000000000222e-01,4.429759522594144960e-01,-6.070833666432423614e-01
9.999999999989775956e-01,4.616469943381141324e-15,9.999999999999800160e-01,4.149647899151508446e-01,9.999999999998842037e-01,4.000000000000000222e-01,4.429759595322815824e-01,-7.649841959763988841e-01
9.999999999996460609e-01,5.077014502043004609e-16,2.477882429337063819e-01,9.999999974014560644e-01,9.999999999999800160e-01,4.000000000000000222e-01,4.429759469408470207e-01,-3.996689331828885416e-01
9.999999999984676702e-01,1.926472921611373479e-13,9.999999999999997780e-01,2.589878535106798774e-01,9.999999999999305000e-01,4.000000000000000222e-01,4.429759607024212342e-01,-7.770970902932307078e-01
9.999999999999970024e-01,1.460871275476009417e-13,6.282113077657256461e-01,9.999999993361570194e-01,9.999999999999995559e-01,4.000000000000000222e-01,4.429759510891727037e-01,-5.614460710140213306e-01
9.999999999999328315e-01,1.277980343452308097e-13,9.999999999983749666e-01,1.145320655877580529e-01,9.999999999999793499e-01,4.000000000000000222e-01,4.429759617861291909e-01,-7.883152724988858884e-01
9.999999999999363842e-01,7.091548743953310222e-16,2.270386332799057688e-02,9.999999996968766958e-01,9.999999999999729106e-01,4.000000000000000222e-01,4.429759444864129758e-01,-3.039504813559933405e-01
9.999999999999902300e-01,2.535664018968093478e-13,8.930908208874651644e-01,9.999999987487875330e-01,9.999999999999961142e-01,4.000000000000000222e-01,4.429759539775530719e-01,-6.740876364758189299e-01
9.999999999997913891e-01,1.216197393896531852e-12,7.465787803744039497e-01,9.999999990806810457e-01,9.999999999996946887e-01,4.000000000000000222e-01,4.429759523799115528e-01,-6.117825325126932112e-01
9.999999999999970024e-01,1.577860896969380294e-13,9.999999999983749666e-01,5.628810962835844034e-01,9.999999999999965583e-01,4.000000000000000222e-01,4.429759584226127811e-01,-7.534972759986316992e-01
9.999999999993154365e-01,2.419576779812401177e-14,9.999999987637951948e-01,7.526645435779296678e-01,9.999999999999186207e-01,4.000000000000000222e-01,4.429759569988565016e-01,-7.387590270301066520e-01
9.999999999999860112e-01,2.712099943819258093e-13,5.004883346011264056e-01,9.999999996165573890e-01,9.999999999999743538e-01,4.000000000000000222e-01,4.429759496964167376e-01,-5.071311280690434797e-01
9.999999999998138156e-01,2.506320983532200326e-13,7.788627877639144881e-01,9.999999974150889370e-01,9.999999999999950040e-01,4.000000000000000222e-01,4.429759527319527268e-01,-6.255114960021975756e-01
9.999999999992241762e-01,2.719220212163834204e-12,9.999994117801984661e-01,2.460090325385159704e-01,9.999999999999903411e-01,4.000000000000000222e-01,4.429759607997820203e-01,-7.781047525395828890e-01
9.999999999997744027e-01,1.073811357569715596e-13,9.999999999999980016e-01,1.033258465553520966e-01,9.999999999999855671e-01,4.000000000000000222e-01,4.429759618701982760e-01,-7.891855277438112326e-01
9.999999999981353804e-01,6.668182004309121782e-14,9.999999999999569233e-01,9.052588101778960561e-02,9.999999999999894529e-01,4.000000000000000222e-01,4.429759619662236858e-01,-7.901795505359768823e-01
9.999999999998777644e-01,1.627888555447035492e-13,9.999999986776016980e-01,8.648212368282557350e-01,9.999999999999624745e-01,4.000000000000000222e-01,4.429759561574564963e-01,-7.300491356240615959e-01
9.999999999996795896e-01,1.756434247463023378e-16,7.970188327133542749e-02,9.999999959148725415e-01,9.999999999999622524e-01,4.000000000000000222e-01,4.429759451079482990e-01,-3.281892236962297149e-01
9.999999999998060440e-01,7.655332434593844755e-14,4.424398616321336131e-01,9.999999958888524665e-01,9.999999999996604938e-01,4.000000000000000222e-01,4.429759490634268548e-01,-4.824456750057833920e-01
9.999999999999079625e-01,4.647618827212330162e-13,4.043791884173078000e-01,9.999999973233251183e-01,9.999999999999888978e-01,4.000000000000000222e-01,4.429759486483940134e-01,-4.662601505363882515e-01
9.999999999998711031e-01,6.568640451283296834e-13,9.629925720849459303e-01,9.999999976172418981e-01,9.999999999999911182e-01,4.000000000000000222e-01,4.429759547397971176e-01,-7.038137659541353619e-01
9.999999999997686295e-01,1.877439405389675300e-13,1.410752699158472068e-01,9.999999959773988589e-01,9.999999999999754641e-01,4.000000000000000222e-01,4.429759457771947906e-01,-3.542886160716768318e-01
9.999999999998855360e-01,1.771411415834653865e-13,2.339979358171535018e-01,9.999999958418798185e-01,9.999999999999963363e-01,4.000000000000000222e-01,4.429759467904705872e-01,-3.938045243766378212e-01
9.999999999999333866e-01,2.443014724646996240e-13,9.999999999999796829e-01,8.021396510655403045e-01,9.999999999997848388e-01,4.000000000000000222e-01,4.429759566276940674e-01,-7.349168777989126822e-01
9.999999999999668043e-01,8.487263924553499548e-14,2.951966818360569622e-01,9.999999958558585256e-01,9.999999999999891198e-01,4.000000000000000222e-01,4.429759474578126577e-01,-4.198296498071348859e-01
9.999999999996841415e-01,3.920904781754337550e-12,4.585796573752732308e-01,9.999999974896067734e-01,9.999999999999672484e-01,4.000000000000000222e-01,4.429759492394233500e-01,-4.893092176158427842e-01
9.999999999984251486e-01,1.052047176325668337e-13,2.789056387795721403e-02,9.999999957582773602e-01,9.999999999999290567e-01,4.000000000000000222e-01,4.429759445429714004e-01,-3.061561564694973425e-01
9.999999999996500577e-01,8.347352461854293875e-15,2.872159434489574004e-01,9.999999960425808299e-01,9.999999999999746869e-01,4.000000000000000222e-01,4.429759473707866602e-01,-4.164357940182542572e-01
9.999999999997913891e-01,1.216197393896531852e-12,6.880491555433171369e-02,9.999999995210855364e-01,9.999999999996946887e-01,4.000000000000000222e-01,4.429759449891221834e-01,-3.235552240268574353e-01
9.999999999999902300e-01,1.622185389943517117e-12,9.999999999999433786e-01,2.709203972314498943e-01,9.999999999999800160e-01,4.000000000000000222e-01,4.429759606129032301e-01,-7.761704299525585826e-01
9.999999999981903365e-01,4.989484513720366902e-14,1.506817718410554396e-01,9.999999959873848709e-01,9.999999999996994626e-01,4.000000000000000222e-01,4.429759458819489404e-01,-3.583738373184884862e-01
9.999999999995085043e-01,1.500331269359815940e-14,5.924876755958184971e-01,9.999999970017018347e-01,9.999999999997543076e-01,4.000000000000000222e-01,4.429759506996241991e-01,-5.462543872383841537e-01
9.999999999967643660e-01,6.131056806581506871e-13,9.999999999999465983e-01,9.700784609029680094e-01,9.999999999999895639e-01,4.000000000000000222e-01,4.429759553678163653e-01,-7.218750454468255695e-01
9.999999999999750200e-01,6.302826294913373990e-12,1.297210767558973077e-01,9.999999992054747766e-01,9.999999999999876765e-01,4.000000000000000222e-01,4.429759456533828854e-01,-3.494601786327745652e-01
9.999999999997222222e-01,2.541204826128947475e-14,9.999999751000993031e-01,3.096662585904171316e-01,9.999999999999611422e-01,4.000000000000000222e-01,4.429759603222313546e-01,-7.731614839745234447e-01
9.999999999998807620e-01,6.281788721844287692e-13,8.549375076375917981e-01,9.999999959917726944e-01,9.999999999999936717e-01,4.000000000000000222e-01,4.429759535615100385e-01,-6.578627166132876569e-01
9.999999999999630296e-01,7.320249548694373534e-14,8.317705129529052721e-01,9.999999989454054772e-01,9.999999999999955591e-01,4.000000000000000222e-01,4.429759533088853396e-01,-6.480108161123786514e-01
9.999999999997610800e-01,1.756434247463023378e-16,8.722192798128169944e-02,9.999999959908799640e-01,9.999999999999745759e-01,4.000000000000000222e-01,4.429759451899506484e-01,-3.313871667787838815e-01
9.999999999998899769e-01,1.601410244541946352e-12,9.999999999999967804e-01,7.794715195883786252e-02,9.999999999999997780e-01,4.000000000000000222e-01,4.429759620605893677e-01,-7.911563924922043745e-01
9.999999999996195266e-01,6.437935434263109100e-13,4.503789313187395726e-01,9.999999965150805359e-01,9.999999999999866773e-01,4.000000000000000222e-01,4.429759491499984936e-01,-4.858218108717847761e-01
9.999999999998926414e-01,2.963094173263946043e-07,9.999999999995927702e-01,4.945233535420601179e-01,9.999999999999679146e-01,4.000000000000000222e-01,4.429759589354352323e-01,-7.588058180142364106e-01
9.999999999999770184e-01,4.719685876039909512e-14,2.159634663789351539e-01,9.999999958010588053e-01,9.999999999999468203e-01,4.000000000000000222e-01,4.429759465938135632e-01,-3.861352605519215997e-01
9.999999999982157606e-01,8.120241996247086089e-14,4.799042326438093253e-01,9.999999993023220846e-01,9.999999999999832356e-01,4.000000000000000222e-01,4.429759494719572865e-01,-4.983776180923474852e-01
9.999999999978319565e-01,4.877572194881752604e-15,8.807542191774762053e-01,9.999999989710496306e-01,9.999999999999887867e-01,4.000000000000000222e-01,4.429759538430285137e-01,-6.688414242760863937e-01
9.999999999999946709e-01,1.342879725547212713e-13,9.999999999999746869e-01,3.741311115875516347e-01,9.999999999993842703e-01,4.000000000000000222e-01,4.429759598386159847e-01,-7.681552675561434951e-01
9.999999999997839506e-01,2.484773097075600582e-14,9.999999999999703570e-01,5.327955891219778861e-01,9.999999999999859002e-01,4.000000000000000222e-01,4.429759586483144052e-01,-7.558336635257080216e-01
9.999999999999970024e-01,1.472402577227799175e-13,3.855496382407622713e-01,9.999999993361570194e-01,9.999999999999995559e-01,4.000000000000000222e-01,4.429759484430670358e-01,-4.582527738068656875e-01
9.999999999991456834e-01,1.676525945628928046e-12,6.979260772398763191e-01,9.999999982508875895e-01,9.999999999999718003e-01,4.000000000000000222e-01,4.429759518493778803e-01,-5.910926854158603527e-01
9.999999999995272670e-01,2.432628939947298760e-12,9.999999999999996669e-01,9.576318419277971561e-01,9.999999999999599209e-01,4.000000000000000222e-01,4.429759554611909511e-01,-7.228416279669508393e-01
9.999999999999323874e-01,2.659175890322296663e-12,7.960813551406318300e-01,9.999999998765771725e-01,9.999999999999782396e-01,4.000000000000000222e-01,4.429759529197127010e-01,-6.328337925052843760e-01
9.999999999999029665e-01,9.571010870728859449e-14,9.999999999998924194e-01,1.736785322036127344e-01,9.999999999997859490e-01,4.000000000000000222e-01,4.429759613424121278e-01,-7.837220620176695851e-01
9.999999999997888356e-01,1.453344087588147829e-15,8.192158709472384670e-01,9.999999968323678434e-01,9.999999999998582245e-01,4.000000000000000222e-01,4.429759531719831833e-01,-6.426718811804138509e-01
9.999999999996620481e-01,1.691659013198210229e-13,5.050756010057260159e-01,9.999999996148293269e-01,9.999999999999966693e-01,4.000000000000000222e-01,4.429759497464386131e-01,-5.090818899936334629e-01
9.999999999999452660e-01,5.138314349685466824e-12,3.593619024098923531e-01,9.999999970576555208e-01,9.999999999999895639e-01,4.000000000000000222e-01,4.429759481575026858e-01,-4.471162858354283953e-01
9.999999999998616662e-01,5.885459383358912413e-12,9.999999999999886757e-01,5.925067288099166163e-01,9.999999999994803046e-01,4.000000000000000222e-01,4.429759582003611751e-01,-7.511966015261092311e-01
9.999999999976066922e-01,3.502743915746546290e-15,8.973586232057633172e-01,9.999999985757216381e-01,9.999999999999998890e-01,4.000000000000000222e-01,4.429759540240913451e-01,-6.759025444379057612e-01
9.999999999999935607e-01,1.472402577227799175e-13,3.771575451111522925e-01,9.999999993361570194e-01,9.999999999999811262e-01,4.000000000000000222e-01,4.429759483515554042e-01,-4.546839870175288789e-01
9.999999999962612129e-01,1.557124991083333069e-13,1.838074543237193659e-01,9.999999979040490317e-01,9.999999999999917843e-01,4.000000000000000222e-01,4.429759462431681061e-01,-3.724607277954582463e-01
9.999999999997913891e-01,1.216197393896531852e-12,5.672406325634665736e-02,9.999999990806810457e-01,9.999999999997012390e-01,4.000000000000000222e-01,4.429759448573864500e-01,-3.184177708158036912e-01
9.999999999998576694e-01,5.894927721085628370e-13,7.594167098130637505e-01,9.999999975982638567e-01,9.999999999999528155e-01,4.000000000000000222e-01,4.429759525199028491e-01,-6.172419373648520002e-01
9.999999999974268361e-01,2.660237911632361035e-12,5.736290099847892732e-01,9.999999973931671393e-01,9.999999999999723554e-01,4.000000000000000222e-01,4.429759504939797532e-01,-5.382346291262792848e-01
9.999999999984648946e-01,2.578994309221698213e-14,2.590704069191042680e-01,9.999999973919487806e-01,9.999999999999791278e-01,4.000000000000000222e-01,4.429759470638734431e-01,-4.044667395427298251e-01
9.999999999999957812e-01,1.061314933761774994e-14,6.907682473682834612e-01,9.999999982457121739e-01,9.999999999999934497e-01,4.000000000000000222e-01,4.429759517713252603e-01,-5.880487763116043487e-01
9.999999999999786837e-01,2.896571733648700523e-13,7.376358184933701212e-02,9.999999997619339887e-01,9.999999999999654721e-01,4.000000000000000222e-01,4.429759450431939860e-01,-3.256639259133037312e-01
9.999999999999782396e-01,1.212528505266786013e-12,3.730561874573965486e-01,9.999999996127021396e-01,9.999999999999988898e-01,4.000000000000000222e-01,4.429759483068321235e-01,-4.529398606156976870e-01
9.999999999994604316e-01,5.156944855434560881e-14,4.267952337861795620e-01,9.999999973147866150e-01,9.999999999999552580e-01,4.000000000000000222e-01,4.429759488928298738e-01,-4.757927052101881271e-01
9.999999999999233946e-01,3.273280595795317865e-13,5.580468211865968753e-01,9.999999996256588863e-01,9.999999999999992228e-01,4.000000000000000222e-01,4.429759503240636165e-01,-5.316082118396073808e-01
9.999999999999997780e-01,4.628273501635231592e-14,6.188622875383229527e-01,9.999999958038843229e-01,9.999999999999794609e-01,4.000000000000000222e-01,4.429759509872263079e-01,-5.574703456423949488e-01
9.999999999997548628e-01,1.152121343711197104e-14,9.196315960454263250e-01,9.999999997601498603e-01,9.999999999999996669e-01,4.000000000000000222e-01,4.429759542669670647e-01,-6.853742565881758564e-01
9.999999999999656941e-01,1.269928733719085153e-13,9.999999999999980016e-01,2.967994142646356859e-01,9.999999999999795719e-01,4.000000000000000222e-01,4.429759604187587518e-01,-7.741607110448150975e-01
9.999999999992384980e-01,1.423901125787986332e-12,9.999999999999986677e-01,9.461698620835037321e-01,9.999999999999805711e-01,4.000000000000000222e-01,4.429759555471787791e-01,-7.237317451456065642e-01
9.999999999996278532e-01,5.809022497112412698e-12,1.338963701822641350e-01,9.999999960130313559e-01,9.999999999999859002e-01,4.000000000000000222e-01,4.429759456989124100e-01,-3.512357468818897432e-01
9.999999999998899769e-01,1.942609839903927059e-13,9.999999999999967804e-01,2.310572888238116018e-02,9.999999999999997780e-01,4.000000000000000222e-01,4.429759624720099875e-01,-7.954152808716788980e-01
9.999999999999020783e-01,2.664019436941975265e-12,7.023007299004510040e-01,9.999999959394393345e-01,9.999999999999624745e-01,4.000000000000000222e-01,4.429759518970813326e-01,-5.929530322788439944e-01
9.999999999997416511e-01,3.278806632674797113e-13,9.999999999999569233e-01,1.844684883391543573e-01,9.999999999999965583e-01,4.000000000000000222e-01,4.429759612614658226e-01,-7.828841330173045288e-01
9.999999999994150235e-01,8.231145487467340442e-15,5.099373821700708964e-02,9.999999978800530043e-01,9.999999999999883427e-01,4.000000000000000222e-01,4.429759447949001006e-01,-3.159809166009802661e-01
9.999999999967643660e-01,5.134093511131488843e-14,9.999999999999465983e-01,6.388367171972985092e-01,9.999999999999982236e-01,4.000000000000000222e-01,4.429759578527933672e-01,-7.475986961827661981e-01
9.999999999997623013e-01,7.529322390388082692e-16,1.124175066768142717e-01,9.999999959677426942e-01,9.999999999999968914e-01,4.000000000000000222e-01,4.429759454646959860e-01,-3.421017342917925808e-01
9.999999999999725775e-01,1.575075175911993112e-13,9.999999999983749666e-01,6.809312185350768765e-01,9.999999999999965583e-01,4.000000000000000222e-01,4.429759575370002533e-01,-7.443297113057362191e-01
9.999999999999613642e-01,2.535664018968093478e-13,8.889490626528538941e-01,9.999999987487875330e-01,9.999999999999961142e-01,4.000000000000000222e-01,4.429759539323891993e-01,-6.723263295113791616e-01
9.999999999998089306e-01,1.755059454834441218e-13,9.999999999999996669e-01,8.415139228632620982e-01,9.999999999997347677e-01,4.000000000000000222e-01,4.429759563323081295e-01,-7.318591411601326202e-01
9.999999999999847899e-01,8.310943869432334884e-13,9.017983025963438592e-01,9.999999987015586456e-01,9.999999999999961142e-01,4.000000000000000222e-01,4.429759540725038414e-01,-6.777905441098136530e-01
9.999999999999018563e-01,1.396766477584276922e-12,9.999999999999997780e-01,9.874343708093129557e-01,9.999999999999162892e-01,4.000000000000000222e-01,4.429759552376122400e-01,-7.205272160353272115e-01
9.999999999998063771e-01,4.199087773780425545e-13,1.078414179176666182e-01,9.999999967944170898e-01,9.999999999998570033e-01,4.000000000000000222e-01,4.429759454147960129e-01,-3.401557256620030278e-01
9.999999999999770184e-01,4.719685876039909512e-14,3.443846140114878995e-01,9.999999958010588053e-01,9.999999999999417133e-01,4.000000000000000222e-01,4.429759479941827727e-01,-4.407471062593107947e-01
9.999999999998855360e-01,1.771411415834653865e-13,2.383693581435603615e-01,9.999999958418798185e-01,9.999999999994442224e-01,4.000000000000000222e-01,4.429759468381387899e-01,-3.956634973423999169e-01
9.999999999998616662e-01,5.876622712580885184e-12,9.999999999999886757e-01,7.780038305504982654e-01,9.999999999994803046e-01,4.000000000000000222e-01,4.429759568087611177e-01,-7.367912231337058193e-01
9.999999999998715472e-01,2.332053146466230447e-15,9.459035375298243675e-01,9.999999985980928541e-01,9.999999999999878986e-01,4.000000000000000222e-01,4.429759545534496246e-01,-6.965465537748868341e-01
9.999999999995723421e-01,7.076696813775371448e-13,9.999999999999983347e-01,6.482305149345735096e-02,9.999999999999548139e-01,4.000000000000000222e-01,4.429759621590464436e-01,-7.921755870321146586e-01
9.999999999973144815e-01,6.677754070405710340e-01,9.999999999998924194e-01,3.311240170944529382e-14,9.999999999999442668e-01,4.000000000000000222e-01,4.429759679377348602e-01,-7.973078516460635479e-01
9.999999999973212539e-01,6.624507451967015256e-13,2.822711175352239366e-01,9.999999981460204745e-01,9.999999999999974465e-01,4.000000000000000222e-01,4.429759473168657369e-01,-4.143329776538503539e-01
9.999999999999668043e-01,1.559000155067214584e-13,3.135281828031879492e-01,9.999999958558585256e-01,9.999999999999891198e-01,4.000000000000000222e-01,4.429759476577086463e-01,-4.276252280345888002e-01
9.999999999995889954e-01,2.207337091659398242e-14,6.456948113888076879e-01,9.999999975696132193e-01,9.999999999999595879e-01,4.000000000000000222e-01,4.429759512798217003e-01,-5.688810335380268812e-01
9.999999999997892797e-01,1.102351489367077600e-13,6.594890278951618390e-01,9.999999983296226080e-01,9.999999999999567013e-01,4.000000000000000222e-01,4.429759514302408219e-01,-5.747471048959124085e-01
9.999999999998855360e-01,1.732503253430208844e-13,2.631253591054655838e-01,9.999999958418798185e-01,9.999999999999971134e-01,4.000000000000000222e-01,4.429759471080907396e-01,-4.061911318468597321e-01
9.999999999994987343e-01,3.282245068258187463e-13,4.552976802981371224e-02,9.999999981731867438e-01,9.999999999999722444e-01,4.000000000000000222e-01,4.429759447353182056e-01,-3.136573312316287554e-01
9.999999999996557198e-01,8.084847274945984126e-14,8.671826119127745702e-01,9.999999976855147299e-01,9.999999999999955591e-01,4.000000000000000222e-01,4.429759536950368393e-01,-6.630700188427948172e-01
9.999999999962612129e-01,1.557124991083333069e-13,9.509283129050938310e-02,9.999999979040490317e-01,9.999999999999917843e-01,4.000000000000000222e-01,4.429759452757789373e-01,-3.347343143933066978e-01
9.999999999982788212e-01,4.367790555576855149e-15,7.078627866758049336e-01,9.999999964029885335e-01,9.999999999999102940e-01,4.000000000000000222e-01,4.429759519577328164e-01,-5.953183294861866814e-01
9.999999999999411582e-01,4.232027639696887947e-13,3.153278077826340842e-02,9.999999998208873864e-01,9.999999999999961142e-01,4.000000000000000222e-01,4.429759445826879638e-01,-3.077050302377931645e-01
9.999999999999996669e-01,7.693873942981546047e-13,6.779374950780853171e-01,9.999999996455881668e-01,9.999999999999920064e-01,4.000000000000000222e-01,4.429759516314122347e-01,-5.825924235903302550e-01
9.999999999992766897e-01,1.933775646337724056e-13,8.441371387955857175e-01,9.999999958007028678e-01,9.999999999999761302e-01,4.000000000000000222e-01,4.429759534437373580e-01,-6.532697964773367394e-01
9.999999999999368283e-01,1.489182738236454678e-15,3.397756379239276758e-01,9.999999990536416750e-01,9.999999999999654721e-01,4.000000000000000222e-01,4.429759479439241421e-01,-4.387871119132787934e-01
9.999999999993154365e-01,5.566932677175798352e-14,9.999999987637951948e-01,7.230727843889613871e-01,9.999999999999961142e-01,4.000000000000000222e-01,4.429759572208540330e-01,-7.410570709586582483e-01
9.999999999999779066e-01,4.915200908384896152e-14,6.381203058971639530e-01,9.999999993389367958e-01,9.999999999999895639e-01,4.000000000000000222e-01,4.429759511972254371e-01,-5.656599305457458149e-01
9.999999999999917843e-01,1.500262906036076546e-13,8.356923557566249272e-01,9.999999958533409838e-01,9.999999999999812372e-01,4.000000000000000222e-01,4.429759533516511305e-01,-6.496786029897773096e-01
9.999999999999256151e-01,6.754421097774111033e-15,9.999999999992780220e-01,5.471320569617724727e-01,9.999999999999165112e-01,4.000000000000000222e-01,4.429759585407621603e-01,-7.547203186694554367e-01
9.999999999999860112e-01,3.533411716113026532e-12,7.869577933882170306e-01,9.999999973456096258e-01,9.999999999999907851e-01,4.000000000000000222e-01,4.429759528202247831e-01,-6.289539445936968010e-01
9.999999999992893462e-01,4.427400455949689168e-16,9.323793222283467408e-01,9.999999972129675063e-01,9.999999999999903411e-01,4.000000000000000222e-01,4.429759544059747589e-01,-6.907953020608624817e-01
9.999999999999960032e-01,3.240179767044757373e-14,9.999999999998800959e-01,6.266452693517809980e-01,9.999999999999676925e-01,4.000000000000000222e-01,4.429759579442537065e-01,-7.485454625623843006e-01
9.999999999999860112e-01,2.591085634135116030e-13,4.907887281558491743e-01,9.999999996165573890e-01,9.999999999999743538e-01,4.000000000000000222e-01,4.429759495906473443e-01,-5.030063135787713469e-01
9.999999999966298070e-01,1.506619521739722924e-13,7.736170630878849153e-01,9.999999957559322361e-01,9.999999999999664713e-01,4.000000000000000222e-01,4.429759526747507059e-01,-6.232807209668617121e-01
9.999999999986302068e-01,3.797701675843110727e-15,9.238687498137141407e-01,9.999999995010599996e-01,9.999999999999508171e-01,4.000000000000000222e-01,4.429759543131711608e-01,-6.871761310829219704e-01
9.999999999999872324e-01,1.470037596898818996e-13,5.695594341471874600e-01,9.999999977081973634e-01,9.999999999999313882e-01,4.000000000000000222e-01,4.429759504496030287e-01,-5.365040181250143592e-01
9.999999999996660449e-01,1.212859669356185816e-13,5.957629941898172632e-01,9.999999989018170110e-01,9.999999999999737987e-01,4.000000000000000222e-01,4.429759507353399073e-01,-5.476472355194913488e-01
9.999999999991401323e-01,1.265410425878850320e-14,7.638620210027008417e-01,9.999999974953809323e-01,9.999999999999991118e-01,4.000000000000000222e-01,4.429759525683767962e-01,-6.191323320109555217e-01
9.999999999997688516e-01,5.660043919782513885e-12,9.148545411298611985e-01,9.999999973456096258e-01,9.999999999999314992e-01,4.000000000000000222e-01,4.429759542148756779e-01,-6.833427861745581255e-01
9.999999999999079625e-01,1.493880373480945314e-13,2.513070023935043418e-01,9.999999972866450149e-01,9.999999999999967804e-01,4.000000000000000222e-01,4.429759469792173832e-01,-4.011653062747259080e-01
9.999999999999815703e-01,9.038537522470892209e-16,7.322768700025791277e-01,9.999999977459490541e-01,9.999999999999924505e-01,4.000000000000000222e-01,4.429759522239563041e-01,-6.057005614080429590e-01
9.999999999993086641e-01,6.389318516236876417e-11,9.999999999999463762e-01,7.391896336387773214e-01,9.999999999999781286e-01,4.000000000000000222e-01,4.429759570999453611e-01,-7.398054653416331616e-01
9.999999999998808731e-01,3.703291791801330186e-12,5.149985371462832973e-01,9.999999958932209720e-01,9.999999999999693578e-01,4.000000000000000222e-01,4.429759498546433916e-01,-5.133016770347406110e-01
9.999999999999388267e-01,4.078051679915709141e-12,5.276212391027390591e-01,9.999999981657312631e-01,9.999999999999638067e-01,4.000000000000000222e-01,4.429759499922876764e-01,-5.186695548476950579e-01
9.999999999999967804e-01,8.829744354609379533e-15,4.227911743293730207e-01,9.999999997362246651e-01,9.999999999996159739e-01,4.000000000000000222e-01,4.429759488491675778e-01,-4.740899552706442366e-01
9.999999999999917843e-01,2.926417856392853586e-13,8.068309819760921542e-01,9.999999959302611208e-01,9.999999999999469313e-01,4.000000000000000222e-01,4.429759530369321019e-01,-6.374051346277090913e-01
9.999999999998843148e-01,1.782257713343278336e-13,2.300438022773211577e-01,9.999999959238521363e-01,9.999999999999963363e-01,4.000000000000000222e-01,4.429759467473526890e-01,-3.921230059078270047e-01
9.999999999998400169e-01,2.640751265610121911e-12,7.826568112107639141e-01,9.999999959394393345e-01,9.999999999999624745e-01,4.000000000000000222e-01,4.429759527733247437e-01,-6.271249268239217356e-01
9.999999999999702460e-01,6.130918607873847727e-13,9.999999997325488277e-01,4.259908885089206954e-01,9.999999999999308331e-01,4.000000000000000222e-01,4.429759594495637498e-01,-7.641279284550687168e-01
9.999999999997524203e-01,7.584833879626668976e-14,9.501479614920224082e-01,9.999999994355145416e-01,9.999999999999981126e-01,4.000000000000000222e-01,4.429759545997329906e-01,-6.983515198760740228e-01
9.999999999999065192e-01,2.754944987663780574e-12,9.999999977873114121e-01,8.787832083245431525e-01,9.999999999999903411e-01,4.000000000000000222e-01,4.429759560527137263e-01,-7.289648731152925665e-01
9.999999999999296119e-01,2.963094173263946043e-07,9.999999999999417133e-01,4.815779643336553506e-01,9.999999999999682476e-01,4.000000000000000222e-01,4.429759590325516028e-01,-7.598111341523138274e-01
9.999999999999411582e-01,4.606364948882864162e-14,4.702862141994583745e-01,9.999999958288511293e-01,9.999999999999972244e-01,4.000000000000000222e-01,4.429759493670775705e-01,-4.942874996479814653e-01
9.999999999999885647e-01,1.347711794216190284e-14,7.152967023223202325e-01,9.999999957577541121e-01,9.999999999999896749e-01,4.000000000000000222e-01,4.429759520387959726e-01,-5.984796457353641630e-01
9.999999999991724398e-01,3.033133307841932628e-13,9.999999999999994449e-01,6.512791411092527794e-01,9.999999999999533706e-01,4.000000000000000222e-01,4.429759577594502562e-01,-7.466324394440090328e-01
9.999999999963855579e-01,1.240082569543642308e-14,7.653219312413583886e-03,9.999999960734923254e-01,9.999999999996995736e-01,4.000000000000000222e-01,4.429759443222931470e-01,-2.975501070575005125e-01
9.999999999999331646e-01,1.118942285962705364e-13,6.730911301395678947e-01,9.999999990660608518e-01,9.999999999999366063e-01,4.000000000000000222e-01,4.429759515785650081e-01,-5.805314785400791378e-01
9.999999999995412558e-01,1.767724335092063044e-13,4.164858287327720676e-01,9.999999976855147299e-01,9.999999999997738476e-01,4.000000000000000222e-01,4.429759487804109108e-01,-4.714085702586584548e-01
9.999999999999289457e-01,4.433280831734096895e-14,6.134885465736263921e-01,9.999999925343513452e-01,9.999999999999992228e-01,4.000000000000000222e-01,4.429759509286283481e-01,-5.551851310543775009e-01
9.999999999999756861e-01,4.135518552883054270e-14,5.503004399512653189e-01,9.999999963802783665e-01,9.999999999999944489e-01,4.000000000000000222e-01,4.429759502395931858e-01,-5.283140180693274290e-01
9.999999999996808109e-01,3.920904781754337550e-12,3.493398989482179307e-01,9.999999959750481837e-01,9.999999999998455680e-01,4.000000000000000222e-01,4.429759480482177159e-01,-4.428543702083477251e-01
9.999999999997971623e-01,7.423525114091375925e-13,8.595851678108239469e-01,9.999999970666927362e-01,9.999999999999329425e-01,4.000000000000000222e-01,4.429759536121904429e-01,-6.598391612588508925e-01
9.999999999997888356e-01,5.395660132573357136e-15,3.539794927811792946e-01,9.999999971062570880e-01,9.999999999999596989e-01,4.000000000000000222e-01,4.429759480988101905e-01,-4.448273845909705981e-01
9.999999999998855360e-01,1.152121343711197104e-14,9.361498934390566351e-01,9.999999957535355977e-01,9.999999999999996669e-01,4.000000000000000222e-01,4.429759544470909804e-01,-6.923987596800457167e-01
9.999999999999363842e-01,7.091548743953310222e-16,1.827892418474919706e-02,9.999999996968766958e-01,9.999999999999729106e-01,4.000000000000000222e-01,4.429759444381611844e-01,-3.020687500502353684e-01
9.999999999999014122e-01,2.954293766006891254e-13,9.999999999999267253e-01,3.868498409220855749e-01,9.999999999994105826e-01,4.000000000000000222e-01,4.429759597432000318e-01,-7.671675534254452922e-01
9.999999999997182254e-01,1.027452139938121370e-11,9.999999999999992228e-01,9.067905064060148845e-01,9.999999999999190647e-01,4.000000000000000222e-01,4.429759558426029087e-01,-7.267898765879580170e-01
9.999999999997514211e-01,6.270275649820435779e-11,9.947445284344881289e-01,9.999999989515546694e-01,9.999999999999974465e-01,4.000000000000000222e-01,4.429759550860365436e-01,-7.173164713864205178e-01
9.999999999995925481e-01,1.281742211062563976e-13,1.932896043940987851e-01,9.999999958326309946e-01,9.999999999999920064e-01,4.000000000000000222e-01,4.429759463465662850e-01,-3.764930678485974846e-01
9.999999999999866773e-01,4.647618827212330162e-13,3.948195638891254244e-01,9.999999973233251183e-01,9.999999999999888978e-01,4.000000000000000222e-01,4.429759485441510103e-01,-4.621948641762877452e-01
9.999999999992370547e-01,1.427004947843863975e-12,9.999999999999968914e-01,1.986147737306920846e-01,9.999999999999805711e-01,4.000000000000000222e-01,4.429759611553403253e-01,-7.817855573949327175e-01
9.999999999990675237e-01,1.213800734461800708e-13,9.814266606604672427e-01,9.999999975021623966e-01,9.999999999999181766e-01,4.000000000000000222e-01,4.429759549408117669e-01,-7.116529701723920409e-01
9.999999999990675237e-01,7.850548483734498148e-14,5.542916101236990967e-01,9.999999971762504325e-01,9.999999999999618083e-01,4.000000000000000222e-01,4.429759502831149276e-01,-5.300112865161273890e-01
9.999999999981767917e-01,3.533411716113026532e-12,8.232871118114272191e-01,9.999999959818784978e-01,9.999999999999790168e-01,4.000000000000000222e-01,4.429759532163780600e-01,-6.444032002857599251e-01
9.999999999997680744e-01,3.480837631792776740e-15,3.807779708470858671e-01,9.999999968323678434e-01,9.999999999999584777e-01,4.000000000000000222e-01,4.429759483910343798e-01,-4.562235944757410122e-01
9.999999999999251710e-01,6.606297227222893452e-13,6.947121542038603437e-01,9.999999959246101966e-01,9.999999999999964473e-01,4.000000000000000222e-01,4.429759518143316366e-01,-5.897259459888012367e-01
9.999999999998616662e-01,1.621889605443721090e-13,9.999999999999692468e-01,7.659384399931645770e-01,9.999999999995086153e-01,4.000000000000000222e-01,4.429759568992757135e-01,-7.377282001257047250e-01
9.999999999993084421e-01,1.377338056818140203e-13,1.648789269629741261e-01,9.999999997542025065e-01,9.999999999999961142e-01,4.000000000000000222e-01,4.429759460367618806e-01,-3.644112604513579656e-01
9.999999999998598899e-01,4.475723941740940448e-15,3.032180707968921141e-01,9.999999998341222440e-01,9.999999999999718003e-01,4.000000000000000222e-01,4.429759475452819117e-01,-4.232407921670283679e-01
9.999999999999917843e-01,2.926417856392853586e-13,7.203359302230014638e-01,9.999999959302611208e-01,9.999999999999468203e-01,4.000000000000000222e-01,4.429759520937462947e-01,-6.006226069210977014e-01
9.999999999998058220e-01,2.458227036455739835e-13,4.534519773999714509e-01,9.999999974521588397e-01,9.999999999996194155e-01,4.000000000000000222e-01,4.429759491835085217e-01,-4.871286416568653133e-01
9.999999999999328315e-01,7.253821384770356664e-14,9.999999999983749666e-01,1.295514656841106893e-01,9.999999999999793499e-01,4.000000000000000222e-01,4.429759616734535999e-01,-7.871488923257911052e-01
9.999999999999754641e-01,1.263682504628434746e-12,3.689899579451835221e-01,9.999999996968766958e-01,9.999999999999729106e-01,4.000000000000000222e-01,4.429759482624918698e-01,-4.512106726772330267e-01
9.999999999995845545e-01,7.076696813775371448e-13,9.999999999999983347e-01,1.480439593570453960e-01,9.999999999999548139e-01,4.000000000000000222e-01,4.429759615347227952e-01,-7.857127978204171415e-01
9.999999999996854738e-01,1.583971702137861558e-13,1.881944977535868202e-01,9.999999959174045161e-01,9.999999999999920064e-01,4.000000000000000222e-01,4.429759462910066725e-01,-3.743263438808021037e-01
9.999999999999027445e-01,4.253024718553004680e-14,7.686607438703999540e-01,9.999999958913907694e-01,9.999999999996855848e-01,4.000000000000000222e-01,4.429759526207044940e-01,-6.211730171606760775e-01
9.999999999999299449e-01,1.985340101988617072e-12,8.020607368593308806e-01,9.999999959394393345e-01,9.999999999999920064e-01,4.000000000000000222e-01,4.429759529849149335e-01,-6.353765599326574032e-01
9.999999999984648946e-01,2.578994309221698213e-14,2.257667652527799718e-01,9.999999973919487806e-01,9.999999999999794609e-01,4.000000000000000222e-01,4.429759467007137186e-01,-3.903041707317446152e-01
9.999999999998034905e-01,1.054727320685754430e-14,5.773447226038709301e-01,9.999999746526577749e-01,9.999999999999759082e-01,4.000000000000000222e-01,4.429759505344978976e-01,-5.398147594614813860e-01
9.999999999999860112e-01,2.806409911121826429e-13,3.645616460370824652e-01,9.999999996165573890e-01,9.999999999999743538e-01,4.000000000000000222e-01,4.429759482142033300e-01,-4.493275070906704860e-01
9.999999999999411582e-01,4.239458276883797424e-13,2.103832497070043661e-01,9.999999998237456555e-01,9.999999999999958922e-01,4.000000000000000222e-01,4.429759465329640156e-01,-3.837622403938180105e-01
9.999999999998878675e-01,6.130918607873847727e-13,9.999999756251656269e-01,3.618191256528635047e-01,9.999999999999362732e-01,4.000000000000000222e-01,4.429759599309803231e-01,-7.691113843455449350e-01
9.999999999996704858e-01,3.179969429825366698e-05,8.491402669054990415e-01,9.999999976509212907e-01,9.999999999999955591e-01,4.000000000000000222e-01,4.429759534985460157e-01,-6.553974105624525981e-01
9.999999999999960032e-01,3.084748543597235458e-14,9.999999999998800959e-01,1.139935677119963131e-02,9.999999999999339417e-01,4.000000000000000222e-01,4.429759625598312378e-01,-7.963243771226101719e-01
9.999999999998675504e-01,3.078471037715861123e-12,9.425022268128323555e-01,9.999999994302056772e-01,9.999999999999981126e-01,4.000000000000000222e-01,4.429759545163600154e-01,-6.951001263927515383e-01
9.999999999983025800e-01,1.909391554438692861e-13,6.543623749774123421e-01,9.999999985998182517e-01,9.999999999999964473e-01,4.000000000000000222e-01,4.429759513743372068e-01,-5.725669656748365588e-01
9.999999999999702460e-01,5.907286079534767414e-14,6.693500943979162621e-01,9.999999992483828981e-01,9.999999999999873435e-01,4.000000000000000222e-01,4.429759515377708623e-01,-5.789405811511741939e-01
9.999999999993284261e-01,1.317959899001357189e-13,9.999999999999951150e-01,7.081931383363895272e-01,9.999999999999240607e-01,4.000000000000000222e-01,4.429759573324812405e-01,-7.422125986036273160e-01
9.999999999983014698e-01,1.519424594211048560e-13,2.680195195444333156e-01,9.999999959873848709e-01,9.999999999996994626e-01,4.000000000000000222e-01,4.429759471614591604e-01,-4.082724022465397118e-01
9.999999999979366505e-01,6.624507451967015256e-13,2.775134520008272765e-01,9.999999981648898251e-01,9.999999999999756861e-01,4.000000000000000222e-01,4.429759472649857366e-01,-4.123097524989322027e-01
9.999999999999902300e-01,7.793579043142683733e-14,1.990635842206268102e-01,9.999999971160944412e-01,9.999999999999894529e-01,4.000000000000000222e-01,4.429759464095286980e-01,-3.789484865112570100e-01
9.999999999999967804e-01,5.509443115390756708e-13,8.848794662988697102e-01,9.999999959062282340e-01,9.999999999999943379e-01,4.000000000000000222e-01,4.429759538880123082e-01,-6.705957100301266349e-01
9.999999999999911182e-01,6.019554592440855121e-14,4.669183697122718524e-01,9.999999987379754041e-01,9.999999999999983347e-01,4.000000000000000222e-01,4.429759493303528917e-01,-4.928553038147976961e-01
9.999999999994637623e-01,2.489933523034766806e-15,1.245477099242791319e-01,9.999999973574119627e-01,9.999999999999938938e-01,4.000000000000000222e-01,4.429759455969698445e-01,-3.472601742099022948e-01
9.999999999990675237e-01,1.377948250169835517e-14,5.376730296724918645e-01,9.999999975021623966e-01,9.999999999999181766e-01,4.000000000000000222e-01,4.429759501018974976e-01,-5.229441377514950640e-01
9.999999999982492893e-01,6.437935434263109100e-13,4.007466157013331309e-01,9.999999986253160777e-01,9.999999999999888978e-01,4.000000000000000222e-01,4.429759486087825882e-01,-4.647153775965918721e-01
9.999999999998876454e-01,3.214995113697026412e-13,9.999999999999743538e-01,5.788337330700160654e-01,9.999999999999987788e-01,4.000000000000000222e-01,4.429759583029360681e-01,-7.522584223075857723e-01
9.999999999940935025e-01,1.272501956657920503e-13,5.426141929484036286e-01,9.999999960204486449e-01,9.999999999996630473e-01,4.000000000000000222e-01,4.429759501557784529e-01,-5.250453965099189935e-01
9.999999999997707389e-01,1.470081161393466951e-13,6.321714155165770732e-01,9.999999992410901761e-01,9.999999999999276135e-01,4.000000000000000222e-01,4.429759511323557719e-01,-5.631301300519803155e-01
9.999999999999702460e-01,6.130918607873847727e-13,9.999999744262584311e-01,3.265922311293097957e-01,9.999999999999302780e-01,4.000000000000000222e-01,4.429759601952525938e-01,-7.718470424551203690e-01
9.999999999999994449e-01,1.419453766664996582e-15,6.085225847709594404e-01,9.999999995468517033e-01,9.999999999999984457e-01,4.000000000000000222e-01,4.429759508744769425e-01,-5.530733261475585527e-01
9.999999999998645528e-01,1.102798861633129567e-14,4.628404826428229035e-01,9.999999973927914398e-01,9.999999999997449818e-01,4.000000000000000222e-01,4.429759492858855174e-01,-4.911211585420914849e-01
9.999999999999020783e-01,7.365748484414450442e-13,6.832799865869265687e-01,9.999999959882011069e-01,9.999999999999620304e-01,4.000000000000000222e-01,4.429759516896695226e-01,-5.848643497000155511e-01
9.999999999993252064e-01,1.146064211140032349e-13,2.425356993596293753e-01,9.999999996069972585e-01,9.999999999999965583e-01,4.000000000000000222e-01,4.429759468835706149e-01,-3.974352580717636085e-01
9.999999999997021272e-01,5.551869428985134171e-13,4.385872790300562873e-01,9.999999981657312631e-01,9.999999999999459321e-01,4.000000000000000222e-01,4.429759490214163486e-01,-4.808073414978540905e-01
9.999999999997688516e-01,2.506102913842144225e-13,8.770886749904180935e-01,9.999999971748850802e-01,9.999999999999314992e-01,4.000000000000000222e-01,4.429759538030575428e-01,-6.672826302659277120e-01
9.999999999998331335e-01,1.229968934051089572e-14,2.204018129094071077e-01,9.999999977307429955e-01,9.999999999999974465e-01,4.000000000000000222e-01,4.429759466422115155e-01,-3.880226932772065096e-01
9.999999999999613642e-01,2.535664018968093478e-13,8.277769335680512652e-01,9.999999975636892913e-01,9.999999999999633626e-01,4.000000000000000222e-01,4.429759532653373411e-01,-6.463125231802379078e-01
9.999999999999723554e-01,2.747409307054785047e-13,8.725270963048910033e-01,9.999999973060278435e-01,9.999999999999845679e-01,4.000000000000000222e-01,4.429759537533157765e-01,-6.653427921839206727e-01
9.999999999994902966e-01,9.164376943492589942e-15,5.855112954310568441e-01,9.999999981485278022e-01,9.999999999999722444e-01,4.000000000000000222e-01,4.429759506235501632e-01,-5.432876405954364385e-01
9.999999999981177279e-01,9.874881681410336306e-16,1.032434200257807966e-01,9.999999998248383370e-01,9.999999999999901190e-01,4.000000000000000222e-01,4.429759453646570644e-01,-3.382003998749688600e-01
9.999999999977522425e-01,1.315381650201681152e-16,6.303277307563209808e-02,9.999999997619339887e-01,9.999999999999654721e-01,4.000000000000000222e-01,4.429759449261798654e-01,-3.211005865889321464e-01
9.999999999998073763e-01,9.577952519925233048e-14,9.282265967712539645e-01,9.999999987467674822e-01,9.999999999999962252e-01,4.000000000000000222e-01,4.429759543606913152e-01,-6.890293311014586974e-01
9.999999999999490408e-01,6.891583051350725101e-13,1.555998891824213748e-01,9.999999956805583068e-01,1.000000000000000000e+00,4.000000000000000222e-01,4.429759459355785411e-01,-3.604652955671722170e-01
9.999999999997896127e-01,5.548406184232673743e-12,2.728416385780493281e-01,9.999999971548146904e-01,9.999999999999972244e-01,4.000000000000000222e-01,4.429759472140419319e-01,-4.103230365373949917e-01
9.999999999982720489e-01,5.495722309550037105e-13,1.687689493618561021e-01,9.999997785319867383e-01,9.999999999999795719e-01,4.000000000000000222e-01,4.429759460791822812e-01,-3.660655324554261680e-01
9.999999999997206679e-01,4.135518552883054270e-14,5.466349846471451057e-01,9.999999963802783665e-01,9.999999999999944489e-01,4.000000000000000222e-01,4.429759501996232141e-01,-5.267552617181209262e-01
9.999999999998109290e-01,3.085269463815549109e-13,5.193959088883264297e-01,9.999999975047692002e-01,9.999999999999800160e-01,4.000000000000000222e-01,4.429759499025945346e-01,-5.151716850158177818e-01
9.999999999999996669e-01,2.884585117539482303e-14,7.114766542508462743e-01,9.999999996455881668e-01,9.999999999999920064e-01,4.000000000000000222e-01,4.429759519971402382e-01,-5.968551476016564772e-01
9.999999999997494227e-01,6.298830381836607115e-14,6.496046370262349434e-01,9.999999994355145416e-01,9.999999999999983347e-01,4.000000000000000222e-01,4.429759513224564293e-01,-5.705437096614235370e-01
9.999999999983735233e-01,7.759832488200350850e-13,7.912255896744707639e-01,9.999999997858473044e-01,9.999999999998577804e-01,4.000000000000000222e-01,4.429759528667630009e-01,-6.307688497887046220e-01
9.999999999998797628e-01,3.703291791801330186e-12,5.233142152207524989e-01,9.999999958932209720e-01,9.999999999999945599e-01,4.000000000000000222e-01,4.429759499453217453e-01,-5.168379678743947325e-01
9.999999999992977839e-01,3.338229602517737629e-13,9.761208944326229542e-01,9.999999960418449740e-01,9.999999999999629186e-01,4.000000000000000222e-01,4.429759548829550475e-01,-7.093966621007511408e-01
9.999999999995492495e-01,2.521038578597748681e-13,9.999999758534530159e-01,4.022280391942220090e-01,9.999999999999457101e-01,4.000000000000000222e-01,4.429759596278324829e-01,-7.659732993488405084e-01
9.999999999998034905e-01,1.054727320685754430e-14,1.366831319871064654e-02,9.999999745017191799e-01,9.999999999999759082e-01,4.000000000000000222e-01,4.429759443878849567e-01,-3.001080626617825819e-01
9.999999999998686606e-01,6.389993028972808781e-13,9.725758492008407252e-01,9.999999990623585910e-01,9.999999999999630296e-01,4.000000000000000222e-01,4.429759548442980255e-01,-7.078891106030379410e-01
9.999999999999285016e-01,3.780634334128818847e-14,3.077761504952169491e-01,9.999999974337441255e-01,9.999999999999935607e-01,4.000000000000000222e-01,4.429759475949855418e-01,-4.251791424599055125e-01
9.999999999999694689e-01,8.487263924553499548e-14,3.251357997713490988e-01,9.999999994204097353e-01,9.999999999999891198e-01,4.000000000000000222e-01,4.429759477842839521e-01,-4.325614349046101870e-01
9.999999999997706279e-01,5.723115093028651803e-12,9.541123391799406495e-01,9.999999983152344507e-01,9.999999999999866773e-01,4.000000000000000222e-01,4.429759546429625772e-01,-7.000373948096957344e-01
9.999999999999946709e-01,1.342879725547212713e-13,9.999999999999868994e-01,3.380646986414029831e-01,9.999999999993842703e-01,4.000000000000000222e-01,4.429759601091863841e-01,-7.709561216978552123e-01
9.999999999977522425e-01,1.197421998231257533e-12,4.332293672539161977e-01,9.999999997614947844e-01,9.999999999999654721e-01,4.000000000000000222e-01,4.429759489629909175e-01,-4.785288579879066750e-01
9.999999999995432542e-01,2.069351496958069066e-13,4.087666998803913820e-01,9.999999976855147299e-01,9.999999999999844569e-01,4.000000000000000222e-01,4.429759486962376314e-01,-4.681259654721224850e-01
9.999999999983157917e-01,1.387472886981557074e-13,9.050742772318793872e-01,9.999999959769432234e-01,9.999999999996994626e-01,4.000000000000000222e-01,4.429759541082267660e-01,-6.791836717354836628e-01
9.999999999998057110e-01,1.861545077843253686e-13,9.999999999999996669e-01,6.101506125925511004e-01,9.999999999997347677e-01,4.000000000000000222e-01,4.429759580679966668e-01,-7.498264085703140180e-01
9.999999999998868683e-01,1.734641594356107485e-13,9.587909690262911289e-01,9.999999976172418981e-01,9.999999999999921174e-01,4.000000000000000222e-01,4.429759546939807113e-01,-7.020270096286721495e-01
9.999999999998622213e-01,4.456344864102474829e-14,4.959372427157742180e-01,9.999999996481512277e-01,9.999999999999843459e-01,4.000000000000000222e-01,4.429759496467893243e-01,-5.051957495680724497e-01
9.999999999989743760e-01,1.104932482770656685e-12,9.999999999995944355e-01,2.838657864485377713e-01,9.999999999999887867e-01,4.000000000000000222e-01,4.429759605157868596e-01,-7.751651138133784924e-01
9.999999999991771027e-01,1.882825692659499186e-13,2.985991810678870206e-01,9.999999971631710061e-01,9.999999999999525935e-01,4.000000000000000222e-01,4.429759474949152565e-01,-4.212765824459600017e-01
9.999999999996956879e-01,2.195392774581385455e-14,1.163717223849388693e-01,9.999999959977488029e-01,9.999999999999351630e-01,4.000000000000000222e-01,4.429759455078147723e-01,-3.437832876946745886e-01
9.999999999999635847e-01,4.239458276883797424e-13,2.045256600771001854e-01,9.999999998237456555e-01,9.999999999996627142e-01,4.000000000000000222e-01,4.429759464690898874e-01,-3.812712660725540159e-01
9.999999999980483389e-01,2.696369241187085197e-15,3.024163004817143063e-03,9.999999993215654692e-01,9.999999999999967804e-01,4.000000000000000222e-01,4.429759442718155804e-01,-2.955815734788037608e-01
9.999999999996956879e-01,1.788788499174560775e-14,5.323263856025499674e-01,9.999999960929119025e-01,9.999999999996831423e-01,4.000000000000000222e-01,4.429759500435950237e-01,-5.206704461340353474e-01
9.999999999992547073e-01,2.746228139575371355e-12,4.157520023825533872e-02,9.999999960794188070e-01,9.999999999999629186e-01,4.000000000000000222e-01,4.429759446921956445e-01,-3.119756282624716048e-01
9.999999999997649658e-01,8.281385996655879964e-15,8.398618650306831634e-01,9.999999993084354166e-01,9.999999999999927836e-01,4.000000000000000222e-01,4.429759533971175389e-01,-6.514517109780456616e-01
9.999999999995925481e-01,3.095650923434339527e-13,1.372496803022768552e-01,9.999999958326309946e-01,9.999999999999295008e-01,4.000000000000000222e-01,4.429759457354786045e-01,-3.526617616772861341e-01
9.999999999999047429e-01,3.025893633862928876e-13,9.999999999999261702e-01,2.336523911514333529e-01,9.999999999999504841e-01,4.000000000000000222e-01,4.429759608924879744e-01,-7.790645977018172408e-01
9.999956276760268992e-01,3.674733681652278105e-14,6.052937094860765255e-01,9.999999984998252378e-01,9.999999999999985567e-01,4.000000000000000222e-01,4.429759508393485423e-01,-5.517002264946518908e-01
9.999999999999162892e-01,1.212859669356185816e-13,9.881644128536488658e-01,9.999999996412173298e-01,9.999999999999737987e-01,4.000000000000000222e-01,4.429759550142836066e-01,-7.145182386162142185e-01
9.999999999998321343e-01,2.631090902987604075e-14,9.999999999999882316e-01,9.180981309212423724e-01,9.999999999999997780e-01,4.000000000000000222e-01,4.429759557577730433e-01,-7.259117463728178565e-01
9.999999999997913891e-01,1.216197393896531852e-12,8.330181032678174446e-02,9.999999999548823126e-01,9.999999999997342126e-01,4.000000000000000222e-01,4.429759451472036758e-01,-3.297201134622221863e-01
9.999999999999011902e-01,4.048214612648184288e-14,9.129629060933802664e-02,9.999999958897083374e-01,9.999999999999867883e-01,4.000000000000000222e-01,4.429759452343795534e-01,-3.331198133737663936e-01
9.999999999999822364e-01,1.645463812255629034e-13,7.260192276861464622e-01,9.999999959375307501e-01,9.999999999999620304e-01,4.000000000000000222e-01,4.429759521557198321e-01,-6.030394624770604173e-01
9.999999999999976685e-01,2.657523373466813161e-12,6.868128706603813249e-01,9.999999980956513213e-01,9.999999999999824585e-01,4.000000000000000222e-01,4.429759517281938730e-01,-5.863667291958974959e-01
9.999999999997566391e-01,6.381094983606385002e-14,3.342675589020225879e-01,9.999999973672120124e-01,9.999999999999361622e-01,4.000000000000000222e-01,4.429759478838612985e-01,-4.364447691564289356e-01
9.999999999999980016e-01,1.376938190171271848e-13,1.458987970747850915e-01,9.999999956794867195e-01,9.999999999999973355e-01,4.000000000000000222e-01,4.429759458297929386e-01,-3.563398492895230030e-01
9.999999999999160671e-01,2.746233664561223617e-13,9.955267680954676957e-02,9.999999992700714380e-01,9.999999999999964473e-01,4.000000000000000222e-01,4.429759453244113687e-01,-3.366308897334179262e-01
9.999999999996982414e-01,5.277686888586792260e-13,1.724574206140817023e-01,9.999997785319867383e-01,9.999999999999795719e-01,4.000000000000000222e-01,4.429759461194032744e-01,-3.676340764737161537e-01
9.999999999974268361e-01,2.660237911632361035e-12,6.012587681427786768e-01,9.999999973931671393e-01,9.999999999999723554e-01,4.000000000000000222e-01,4.429759507952685804e-01,-5.499843457208627440e-01
9.999999999999785727e-01,7.968726514430227948e-14,5.614433109477011685e-01,9.999999957686634966e-01,9.999999999999958922e-01,4.000000000000000222e-01,4.429759503611007121e-01,-5.330525893169816287e-01
9.999999999998329114e-01,6.437935434263109100e-13,4.462816050468348950e-01,9.999999998177985239e-01,9.999999999999877875e-01,4.000000000000000222e-01,4.429759491053191223e-01,-4.840793986045320851e-01
9.999999999999872324e-01,1.470037596898818996e-13,5.806071301915476379e-01,9.999999977081973634e-01,9.999999999999865663e-01,4.000000000000000222e-01,4.429759505700726629e-01,-5.412021156187586390e-01
9.999999999997913891e-01,1.216197393896531852e-12,7.407771095101630676e-01,9.999999990806810457e-01,9.999999999999574785e-01,4.000000000000000222e-01,4.429759523166472146e-01,-6.093153379746266696e-01
9.999999999982157606e-01,8.120241996247086089e-14,4.838456566682595716e-01,9.999999993023220846e-01,9.999999999999832356e-01,4.000000000000000222e-01,4.429759495149365733e-01,-5.000537317590237896e-01
9.999999999999702460e-01,6.130918607873847727e-13,9.999999999998087086e-01,4.389420235911637991e-01,9.999999999999358291e-01,4.000000000000000222e-01,4.429759593524042471e-01,-7.631221662158486074e-01
9.999999999977522425e-01,1.512260861022679411e-13,4.750429613710531740e-01,9.999999997614947844e-01,9.999999999999654721e-01,4.000000000000000222e-01,4.429759494189475233e-01,-4.963103339555275939e-01
9.999999999999722444e-01,2.098992682357724752e-13,4.125593620116921878e-01,9.999999975990169210e-01,9.999999999999714673e-01,4.000000000000000222e-01,4.429759487375947158e-01,-4.697388172798427908e-01
9.999999999998878675e-01,5.358739138782428986e-12,9.999999924412602548e-01,3.512649129450618468e-01,9.999999999999179545e-01,4.000000000000000222e-01,4.429759600101582651e-01,-7.699310130765742999e-01
9.999999999999917843e-01,1.209620973743162579e-13,8.154728003023528071e-01,9.999999959275458483e-01,9.999999999999628075e-01,4.000000000000000222e-01,4.429759531311668885e-01,-6.410801185205839969e-01
9.999999999999358291e-01,9.478388914687795021e-14,7.505926393139854547e-01,9.999999959908799640e-01,9.999999999999860112e-01,4.000000000000000222e-01,4.429759524236807633e-01,-6.134894497929365142e-01
9.999999999999865663e-01,1.146064211140032349e-13,8.633614558093291036e-01,9.999999996034963923e-01,9.999999999999965583e-01,4.000000000000000222e-01,4.429759536533690034e-01,-6.614450496652947153e-01
9.999999999997374323e-01,1.005480785255198145e-13,3.297386129550854417e-01,9.999999989701694458e-01,9.999999999999367173e-01,4.000000000000000222e-01,4.429759478344753587e-01,-4.345188082237204652e-01
9.999999999997897238e-01,1.170128464248523403e-13,5.098194605371162424e-01,9.999999869603627412e-01,9.999999999999972244e-01,4.000000000000000222e-01,4.429759497981681782e-01,-5.110992450460564163e-01
9.999999999994637623e-01,2.489933523034766806e-15,9.680314281261573894e-01,9.999999973574119627e-01,9.999999999999938938e-01,4.000000000000000222e-01,4.429759547947433873e-01,-7.059565690391821358e-01
9.999999999976066922e-01,9.971778758048808483e-16,9.109217470537686046e-01,9.999999958797802790e-01,9.999999999999804601e-01,4.000000000000000222e-01,4.429759541719905380e-01,-6.816703425573945596e-01
9.999999999999830136e-01,3.592742204335529204e-13,9.993037145784436914e-01,9.994587958508038827e-01,9.999999999999548139e-01,4.000000000000000222e-01,4.429759551398123052e-01,-7.192973208956753295e-01
9.999999999995889954e-01,4.642869429979024732e-15,6.408142972102338630e-01,9.999999975817657205e-01,9.999999999999972244e-01,4.000000000000000222e-01,4.429759512266021049e-01,-5.668055662782266468e-01
9.999999999999485967e-01,1.854982654505025296e-13,1.602538487711970272e-01,9.999999955968760235e-01,9.999999999999396039e-01,4.000000000000000222e-01,4.429759459863277238e-01,-3.624444191653187763e-01
9.999999999990676347e-01,1.360381792506870456e-13,3.214229348812367437e-01,9.999999982146171584e-01,9.999999999999712452e-01,4.000000000000000222e-01,4.429759477437970050e-01,-4.309825174435130135e-01
9.999999999996956879e-01,2.195392774581385455e-14,1.203102529303385348e-01,9.999999997850723688e-01,9.999999999999351630e-01,4.000000000000000222e-01,4.429759455507624732e-01,-3.454581705984703932e-01
9.999999999999876765e-01,6.506708929046153597e-13,5.649062785569665124e-01,9.999999977918795357e-01,9.999999999999991118e-01,4.000000000000000222e-01,4.429759503988626723e-01,-5.345252364315417060e-01
9.999999999999860112e-01,2.591085634135116030e-13,4.868462017344665771e-01,9.999999996165573890e-01,9.999999999999743538e-01,4.000000000000000222e-01,4.429759495476560116e-01,-5.013297311110752608e-01
