9.999999999991557864e-01,4.759690618407005239e-11,9.999999999999998890e-01,1.375469182995914252e-12,9.999999999999459321e-01,5.999999999999999778e-01,4.429759647151335633e-01,-8.176995857309202753e-01
9.999999999994186872e-01,1.342742972030360302e-12,9.999999999999965583e-01,8.080818373570998192e-01,9.999999999997739586e-01,5.999999999999999778e-01,4.429759586529000703e-01,-7.549453726983054169e-01
9.999999999992318367e-01,3.981337611680399331e-13,1.000000000000000000e+00,7.468726211241135671e-01,9.999999999993662847e-01,5.999999999999999778e-01,4.429759591120918660e-01,-7.596987726846574640e-01
9.999999999958113506e-01,2.225782651336274584e-13,9.999999999999982236e-01,3.762927880546890202e-01,9.999999999994866329e-01,5.999999999999999778e-01,4.429759618921834119e-01,-7.884773501935519180e-01
9.999999999982023269e-01,6.804959083841513632e-14,9.999999999999893419e-01,4.530537898857078805e-02,9.999999999972561948e-01,5.999999999999999778e-01,4.429759643752523846e-01,-8.141812497488728484e-01
9.999999999997890576e-01,2.327734889027175958e-13,1.056458032167029160e-09,9.999999980813907285e-01,9.999999999947581930e-01,5.999999999999999778e-01,4.429759463086228588e-01,-3.147854856097006548e-01
9.999999999976023624e-01,7.987784668342532150e-14,9.999999999999965583e-01,3.334203379543580481e-01,9.999999999992396083e-01,5.999999999999999778e-01,4.429759622138126907e-01,-7.918067492009167596e-01
9.999999999992618127e-01,6.414437252160759649e-13,9.999999999999802380e-01,2.911717728846023867e-01,9.999999999956724617e-01,5.999999999999999778e-01,4.429759625307616022e-01,-7.950876983943743204e-01
9.999999999999943379e-01,6.545562019171516361e-13,9.999999999999897859e-01,2.041158659377553808e-01,9.999999999968062214e-01,5.999999999999999778e-01,4.429759631838554035e-01,-8.018483068849123763e-01
9.999999999998469002e-01,8.296709232390885483e-14,9.999999999999986677e-01,5.800997882698072372e-01,9.999999999994493294e-01,5.999999999999999778e-01,4.429759603632223985e-01,-7.726500573161488861e-01
9.999999999840664122e-01,2.790837968353998277e-12,9.999999999999893419e-01,8.610435509146482924e-02,9.999999999972319920e-01,5.999999999999999778e-01,4.429759640691782741e-01,-8.110128730831652755e-01
9.999999999999946709e-01,1.052532832368970409e-11,9.999999999999976685e-01,5.960465757718217406e-01,9.999999999993329780e-01,5.999999999999999778e-01,4.429759602435895394e-01,-7.714116578696162962e-01
9.999999999993817168e-01,5.430617510343563483e-12,9.999999999999998890e-01,4.361707716057255935e-01,9.999999999993657296e-01,5.999999999999999778e-01,4.429759614429785164e-01,-7.838273313937648146e-01
9.999999999987195798e-01,4.247050372988344892e-13,9.999999999999998890e-01,4.482709768426978436e-01,9.999999999963790076e-01,5.999999999999999778e-01,4.429759613522026851e-01,-7.828876507545708963e-01
9.999999999994638733e-01,4.111875472688708186e-12,9.999999999999978906e-01,3.327978556091991391e-02,9.999999999999006350e-01,5.999999999999999778e-01,4.429759644654684414e-01,-8.151151361660219363e-01
9.999999999943072204e-01,2.287519673085189716e-13,1.332935065596184757e-02,9.999999963532790748e-01,9.999999999999752420e-01,5.999999999999999778e-01,4.429759464539728686e-01,-3.204538697842921335e-01
9.999999999997971623e-01,1.414952830718809857e-12,9.999999999999543698e-01,9.108391384856993067e-01,9.999999999990013544e-01,5.999999999999999778e-01,4.429759578820143262e-01,-7.469654215745377135e-01
9.999999999995603517e-01,6.022070461465797922e-12,4.345006162920695969e-01,9.999999994670045744e-01,9.999999999999714673e-01,5.999999999999999778e-01,4.429759510466375616e-01,-4.995594187423665344e-01
9.999999999998826494e-01,4.135247239818028057e-13,2.151873402706924454e-01,9.999999975101354632e-01,9.999999999999082956e-01,5.999999999999999778e-01,4.429759486551345660e-01,-4.062951628696457318e-01
9.999999999997595257e-01,5.760117751095573065e-13,9.999999999999952260e-01,5.554777541967779175e-01,9.999999999999706901e-01,5.999999999999999778e-01,4.429759605479369755e-01,-7.745621611397596196e-01
9.999999999890983871e-01,1.973625943338765849e-14,3.452848037924035607e-01,9.999999964601672398e-01,9.999999999987289057e-01,5.999999999999999778e-01,4.429759500737832090e-01,-4.616198718155796188e-01
9.999999999994202415e-01,5.556317116846699466e-12,9.999999999999998890e-01,4.133096895586595987e-01,9.999999999963790076e-01,5.999999999999999778e-01,4.429759616144824386e-01,-7.856026827832450765e-01
9.999999999992996713e-01,4.117082527048485631e-13,6.140120579228373066e-01,9.999999969596764515e-01,9.999999999968044451e-01,5.999999999999999778e-01,4.429759530041212368e-01,-5.758977116075379987e-01
9.999999999986954879e-01,8.490810626567112052e-13,6.228692585384776326e-01,9.999999995335948633e-01,9.999999999997696287e-01,5.999999999999999778e-01,4.429759531007045892e-01,-5.796642878817611644e-01
9.999999999420645658e-01,1.093487752812319755e-13,1.009419196907292843e-01,9.999999982519220953e-01,9.999999999997257749e-01,5.999999999999999778e-01,4.429759474093446503e-01,-3.577116281166120570e-01
9.999999999998004929e-01,1.585087703825732092e-13,2.626035742085564006e-01,9.999999981968942242e-01,9.999999999999619194e-01,5.999999999999999778e-01,4.429759491721851905e-01,-4.264591942050232065e-01
9.999999999997583044e-01,4.157852242235466107e-13,9.999999999999998890e-01,4.638614954474795105e-01,9.999999999999859002e-01,5.999999999999999778e-01,4.429759612352425768e-01,-7.816769185235697970e-01
9.999999999995117239e-01,4.933232578292481604e-14,8.213360693967772796e-01,9.999999962877208493e-01,9.999999999999912292e-01,5.999999999999999778e-01,4.429759552648872001e-01,-6.640634626663685092e-01
9.999999999987905230e-01,1.053136567183474140e-12,9.999999999999871214e-01,6.258629796562296121e-01,9.999999999992429389e-01,5.999999999999999778e-01,4.429759600199067449e-01,-7.690961684288825095e-01
9.999999999997694067e-01,7.145259161670950669e-13,2.499092418147745853e-01,9.999999976482929487e-01,9.999999999970525799e-01,5.999999999999999778e-01,4.429759490337597527e-01,-4.210608549952380431e-01
9.999999999995551336e-01,4.282716418130872683e-13,9.999999999999993339e-01,7.579188327593832097e-01,9.999999999999251710e-01,5.999999999999999778e-01,4.429759590292231541e-01,-7.588409433329229570e-01
9.999999999998397948e-01,1.843568045128936608e-14,7.040111014862765471e-01,9.999999977976038457e-01,9.999999999960952346e-01,5.999999999999999778e-01,4.429759539855163686e-01,-6.141703323032897677e-01
9.999999999993255395e-01,4.202957316624471733e-14,5.379197715327794782e-01,9.999999997843168620e-01,9.999999999997924993e-01,5.999999999999999778e-01,4.429759521743724116e-01,-5.435390206239062438e-01
9.999999999959017227e-01,7.349455869794315630e-15,2.542615933096092906e-01,9.999999960268838306e-01,9.999999999994841904e-01,5.999999999999999778e-01,4.429759490812200107e-01,-4.229117181034983686e-01
9.999999999985903498e-01,3.909018973040804193e-13,7.992648193303865112e-01,9.999999981523600701e-01,9.999999999998545608e-01,5.999999999999999778e-01,4.429759550242111099e-01,-6.546775340718312686e-01
9.999999999959729990e-01,3.794743040025145909e-13,9.999999999999996669e-01,8.210381979037200129e-01,9.999999999994813038e-01,5.999999999999999778e-01,4.429759585557013768e-01,-7.539392045445655333e-01
9.999999999959964248e-01,1.122961970652409001e-14,3.149624194969911084e-01,9.999999992633842316e-01,9.999999999960130781e-01,5.999999999999999778e-01,4.429759497431325355e-01,-4.487250999561799292e-01
9.999999999998979705e-01,3.478949983278777606e-12,9.999999999999986677e-01,7.982771187137788216e-01,9.999999999999652500e-01,5.999999999999999778e-01,4.429759587264551213e-01,-7.557067898883026436e-01
9.999999999999751310e-01,1.782045866289179585e-12,1.426959407481994124e-01,9.999999981406915150e-01,9.999999999996329603e-01,5.999999999999999778e-01,4.429759478646516646e-01,-3.754677703007142098e-01
9.999999999999491518e-01,8.076663338738860838e-12,7.709617232062860870e-01,9.999999999453077493e-01,9.999999999998405720e-01,5.999999999999999778e-01,4.429759547155798227e-01,-6.426414764208797648e-01
9.999999999993288702e-01,2.370628204860143247e-13,6.749095903487592474e-02,9.999999997143491637e-01,9.999999999996094235e-01,5.999999999999999778e-01,4.429759470445784331e-01,-3.434864109277514510e-01
9.999999999986250998e-01,4.973789650965137369e-12,8.588584707795269280e-01,9.999999962351635574e-01,9.999999999991012745e-01,5.999999999999999778e-01,4.429759556740504589e-01,-6.800200837781588126e-01
9.999999999955395680e-01,1.719869889931735101e-11,8.250282692084321967e-01,9.999999963820633830e-01,9.999999999996994626e-01,5.999999999999999778e-01,4.429759553051488274e-01,-6.656335922693893403e-01
9.999999999998548939e-01,1.693002751743527274e-14,1.000000000000000000e+00,1.216775737430248472e-01,9.999999999967416064e-01,5.999999999999999778e-01,4.429759638023078594e-01,-8.082503195415710051e-01
9.999999999986709520e-01,3.501568926033122865e-14,7.554107716737848977e-01,9.999999988858635502e-01,9.999999999999819034e-01,5.999999999999999778e-01,4.429759545460043579e-01,-6.360283432193022390e-01
9.999999999999943379e-01,2.759701505199732558e-13,9.999999999999897859e-01,1.350523654379009453e-01,9.999999999968062214e-01,5.999999999999999778e-01,4.429759637019701213e-01,-8.072116567618693450e-01
9.999999999992764677e-01,1.436901669028687993e-12,4.301472106541254226e-01,9.999999948185797072e-01,9.999999999999891198e-01,5.999999999999999778e-01,4.429759509991658684e-01,-4.977081078402786352e-01
9.999999999970019537e-01,1.035176582819251573e-12,9.999999999999918954e-01,2.168246744215037158e-01,9.999999999993329780e-01,5.999999999999999778e-01,4.429759630885138910e-01,-8.008613631889170970e-01
9.999999999995071720e-01,5.182708988035452696e-10,9.999999999999998890e-01,8.855132898835762489e-01,9.999999999998178124e-01,5.999999999999999778e-01,4.429759580720089573e-01,-7.489321823956743840e-01
9.999999999989266364e-01,9.308215428145384449e-13,2.063349059317212686e-01,9.999999997010915465e-01,9.999999999974665821e-01,5.999999999999999778e-01,4.429759485586031165e-01,-4.025306131110814034e-01
9.999999999999770184e-01,6.568538846863946193e-13,9.186826597398608518e-01,9.999999997613499003e-01,9.999999999997338795e-01,5.999999999999999778e-01,4.429759563264036859e-01,-7.054606704899500924e-01
9.999999999998900879e-01,1.784037242799883065e-12,9.580046253232763487e-01,9.999999998890930497e-01,9.999999999999786837e-01,5.999999999999999778e-01,4.429759567551903032e-01,-7.221825668097804352e-01
9.999999999980662135e-01,3.676051087837241792e-14,4.930256378752938540e-01,9.999999990516735826e-01,9.999999999999464873e-01,5.999999999999999778e-01,4.429759516848240097e-01,-5.244475272170124880e-01
9.999999999978236298e-01,1.219642615826760778e-11,9.999999999999952260e-01,8.373331806365025276e-01,9.999999999997568612e-01,5.999999999999999778e-01,4.429759584334563294e-01,-7.526737648683660131e-01
9.999999999998649969e-01,5.149604700668204492e-10,9.999999999999994449e-01,8.743926063920562930e-01,9.999999999999461542e-01,5.999999999999999778e-01,4.429759581554363890e-01,-7.497957951008994426e-01
9.999999999998018252e-01,2.538771031604720820e-12,5.423798932989633004e-01,9.999999981247985614e-01,9.999999999999715783e-01,5.999999999999999778e-01,4.429759522230078406e-01,-5.454357136743194223e-01
9.999999999959964248e-01,1.122961970652409001e-14,4.388328096158738423e-01,9.999999994374576540e-01,9.999999999999454880e-01,5.999999999999999778e-01,4.429759510938779954e-01,-5.014017093460135799e-01
9.999999999999833467e-01,2.711189183824610374e-13,8.681552696740960640e-01,9.999999978446162396e-01,9.999999999993735011e-01,5.999999999999999778e-01,4.429759557754274768e-01,-6.839736018708711951e-01
9.999999999977737808e-01,8.116753417534280655e-12,3.555783139765614775e-01,9.999999994291647321e-01,9.999999999999131806e-01,5.999999999999999778e-01,4.429759501860288107e-01,-4.659972471208370104e-01
9.999999999898890879e-01,1.818786868196816077e-12,9.999999999999986677e-01,1.485501721374909434e-01,9.999999999993469668e-01,5.999999999999999778e-01,4.429759636007095103e-01,-8.061634408537464713e-01
9.999999999999635847e-01,2.737734824098594717e-12,2.724551702674667952e-01,9.999999981980194352e-01,9.999999999998817612e-01,5.999999999999999778e-01,4.429759492796119802e-01,-4.306486431688946181e-01
9.999999999999994449e-01,1.135342637403253790e-13,8.636480292870954978e-01,9.999999979028474373e-01,9.999999999993481881e-01,5.999999999999999778e-01,4.429759557262782366e-01,-6.820568714754632333e-01
9.999999999988857802e-01,2.430407728048801380e-14,9.999999999999952260e-01,4.763050334591146240e-01,9.999999999992624788e-01,5.999999999999999778e-01,4.429759611418910836e-01,-7.807105752657422792e-01
9.999999999995117239e-01,4.933232578292481604e-14,7.390439455835439153e-01,9.999999986786184403e-01,9.999999999999945599e-01,5.999999999999999778e-01,4.429759543675322320e-01,-6.290682545142652904e-01
9.999999999957384089e-01,1.994598834710405771e-13,9.999999999999997780e-01,2.513582025285904242e-01,9.999999999999481526e-01,5.999999999999999778e-01,4.429759628294431817e-01,-7.981795501847414043e-01
9.999999999992649213e-01,1.685206515488536609e-14,9.999999999999996669e-01,3.073011863859048676e-01,9.999999999974313880e-01,5.999999999999999778e-01,4.429759624097586723e-01,-7.938351165339153637e-01
9.999999999890589741e-01,7.596741646859394884e-13,3.055511252984652315e-01,9.999999949043610892e-01,9.999999999996738165e-01,5.999999999999999778e-01,4.429759496405070718e-01,-4.447228922773841520e-01
9.999999999998954170e-01,3.214156157308184492e-01,1.000000000000000000e+00,8.688280642786234400e-14,9.999999999997543076e-01,5.999999999999999778e-01,4.429759672624801192e-01,-8.177468615293940202e-01
9.999999999988857802e-01,2.413003831491801905e-14,9.999999999999952260e-01,3.897555968666677195e-01,9.999999999995050626e-01,5.999999999999999778e-01,4.429759617911853686e-01,-7.874318521594722009e-01
9.999999999989023225e-01,2.473941094379526334e-13,5.787839950025225333e-02,9.999999997704005494e-01,9.999999999996025402e-01,5.999999999999999778e-01,4.429759469397582250e-01,-3.393986136421843769e-01
9.999999999969350073e-01,4.130432756716720683e-13,4.720220568372105463e-01,9.999999963644843337e-01,9.999999999997236655e-01,5.999999999999999778e-01,4.429759514557903843e-01,-5.155156314882801682e-01
9.999999999999790168e-01,5.715172646267782974e-13,4.973251424091091333e-01,9.999999971251521957e-01,9.999999999999136246e-01,5.999999999999999778e-01,4.429759517317080064e-01,-5.262759168696830026e-01
9.999999999995884403e-01,9.148347248275792417e-13,2.348755912362925358e-01,9.999999997968962440e-01,9.999999999999955591e-01,5.999999999999999778e-01,4.429759488698252201e-01,-4.146677068074980932e-01
9.999999999987905230e-01,1.053136567183474140e-12,9.999999999999871214e-01,6.383310391429291020e-01,9.999999999994194644e-01,5.999999999999999778e-01,4.429759599263712877e-01,-7.681279208764409949e-01
9.999999999995594635e-01,2.418924858229985571e-13,1.871645617987717225e-01,9.999999992995131093e-01,9.999999999999620304e-01,5.999999999999999778e-01,4.429759483495600003e-01,-3.943783119434670636e-01
9.999999999998996358e-01,4.118938821643129766e-12,9.999999999999986677e-01,7.703266752400372841e-01,9.999999999999652500e-01,5.999999999999999778e-01,4.429759589361394467e-01,-7.578773721272497044e-01
9.999999999999851230e-01,7.581527425612551513e-12,9.999999999999967804e-01,4.897035907600033600e-01,9.999999999994714228e-01,5.999999999999999778e-01,4.429759610413750437e-01,-7.796700668915287347e-01
9.999999999950971441e-01,7.563503347371824190e-14,2.674380696000798752e-01,9.999999984535515862e-01,9.999999999995935474e-01,5.999999999999999778e-01,4.429759492249029651e-01,-4.285150916854282288e-01
9.999999999998854250e-01,1.591084848957356462e-11,8.122448133970089357e-01,9.999999989110719412e-01,9.999999999992189581e-01,5.999999999999999778e-01,4.429759551657515559e-01,-6.601973525647996111e-01
9.999999999845052834e-01,1.053136567183474140e-12,9.999999999999871214e-01,9.745399567999080137e-02,9.999999999996562750e-01,5.999999999999999778e-01,4.429759639840332719e-01,-8.101314799727722393e-01
9.999999999946073137e-01,2.682412645993918645e-14,6.894175287822168485e-01,9.999999958935646971e-01,9.999999999962572161e-01,5.999999999999999778e-01,4.429759538263806640e-01,-6.079643301249072485e-01
9.999999999998803180e-01,7.764306316165243710e-12,9.999999999999998890e-01,2.017284925762675291e-02,9.999999999999181766e-01,5.999999999999999778e-01,4.429759645637967314e-01,-8.161329977670691571e-01
9.999999999994201305e-01,1.500256791262243784e-13,9.999999999999963363e-01,3.613079539436415688e-01,9.999999999997568612e-01,5.999999999999999778e-01,4.429759620045997104e-01,-7.896410460324904124e-01
9.999999999999096278e-01,9.234146276093744066e-14,6.943307688286043389e-01,9.999999991194876703e-01,9.999999999943567364e-01,5.999999999999999778e-01,4.429759538799570850e-01,-6.100537140008460701e-01
9.999999999999037437e-01,1.192740501478403501e-12,1.473099800811724647e-01,9.999999978480176299e-01,9.999999999999925615e-01,5.999999999999999778e-01,4.429759479149654733e-01,-3.774299175930887484e-01
9.999999999998890887e-01,1.350275567612021968e-13,2.261143452630690054e-02,9.999999974491518007e-01,9.999999999996356248e-01,5.999999999999999778e-01,4.429759465551894038e-01,-3.244011302670354313e-01
9.999999999985241805e-01,2.060204635536858066e-13,5.897994342145509439e-01,9.999999990104888603e-01,9.999999999997236655e-01,5.999999999999999778e-01,4.429759527400944918e-01,-5.656011513064477247e-01
9.999999999903772530e-01,5.350834217778505393e-13,4.629639471125617800e-01,9.999999999729767275e-01,9.999999999991919797e-01,5.999999999999999778e-01,4.429759513570161178e-01,-5.116636169572853499e-01
9.999999999746785884e-01,5.168141852131071194e-14,7.476181197573099624e-01,9.999999981044197517e-01,9.999999999997202238e-01,5.999999999999999778e-01,4.429759544610293864e-01,-6.327144723804082327e-01
9.999999999969012565e-01,5.449184859992649552e-13,4.670808093671890426e-01,9.999999965347652342e-01,9.999999999950208718e-01,5.999999999999999778e-01,4.429759514019084854e-01,-5.134143370269300677e-01
9.999999999987313481e-01,4.887377005687097747e-14,9.999999999999998890e-01,6.515179522291606462e-01,9.999999999998575584e-01,5.999999999999999778e-01,4.429759598274430332e-01,-7.671038484194331319e-01
9.999999999996759259e-01,6.195058599047443423e-14,6.614430597712788185e-01,9.999999998440468607e-01,9.999999999992816857e-01,5.999999999999999778e-01,4.429759535213328436e-01,-5.960680229132059305e-01
9.999999999996651567e-01,4.805060050554381206e-12,1.156256814154320162e-01,9.999999986292269494e-01,9.999999999992911226e-01,5.999999999999999778e-01,4.429759475694638460e-01,-3.639559838220310928e-01
9.999999999987562171e-01,8.981782454453954740e-12,9.999999999999998890e-01,8.630520704788997577e-01,9.999999999997338795e-01,5.999999999999999778e-01,4.429759582405131124e-01,-7.506764811562819384e-01
9.999999999982236432e-01,1.394926225477062924e-13,9.999999999999998890e-01,2.407973678768791370e-01,9.999999999992198463e-01,5.999999999999999778e-01,4.429759629086706396e-01,-7.989996860135800683e-01
9.999999999999882316e-01,1.052532832368970409e-11,9.999999999999976685e-01,5.669132595263819407e-01,9.999999999971413978e-01,5.999999999999999778e-01,4.429759604621477664e-01,-7.736740999256298545e-01
9.999999999998669953e-01,2.455426258743013141e-13,7.427423493002385246e-01,9.999999971652079322e-01,9.999999999999997780e-01,5.999999999999999778e-01,4.429759544078615274e-01,-6.306410224889839045e-01
9.999999999998048228e-01,1.394926225477062924e-13,9.999999999999997780e-01,9.370140931053148048e-01,9.999999999998041567e-01,5.999999999999999778e-01,4.429759576856496794e-01,-7.449327206741830354e-01
9.999999999992935651e-01,5.992882712066621737e-13,3.645303949748847083e-01,9.999999989662672339e-01,9.999999999990023536e-01,5.999999999999999778e-01,4.429759502836468354e-01,-4.698041720688287404e-01
9.999999999982852605e-01,6.109196734088795198e-18,3.165049654094159726e-02,9.999999983997424069e-01,9.999999999992197353e-01,5.999999999999999778e-01,4.429759466537558921e-01,-3.282450442931114098e-01
9.999999999997083444e-01,1.835984020999284340e-12,7.130735868129111088e-01,9.999999979172864428e-01,9.999999999999916733e-01,5.999999999999999778e-01,4.429759540843382637e-01,-6.180242072944640563e-01
9.999999999996499467e-01,2.635663020595143714e-13,9.999999999999749090e-01,6.252359123003359276e-02,9.999999999999140687e-01,5.999999999999999778e-01,4.429759642460812663e-01,-8.128441136950815826e-01
9.999999999999306111e-01,1.189144088153947522e-12,3.341376227505838958e-01,9.999999976537332635e-01,9.999999999949001905e-01,5.999999999999999778e-01,4.429759499522286648e-01,-4.568794676502304641e-01
9.999999999998430145e-01,1.284959776816080771e-12,2.235121994697763514e-01,9.999999981980194352e-01,9.999999999999514833e-01,5.999999999999999778e-01,4.429759487459130618e-01,-4.098353579822117121e-01
9.999999999999609201e-01,1.993639180863614093e-15,7.080316862372494358e-01,9.999999949029647617e-01,9.999999999997603028e-01,5.999999999999999778e-01,4.429759540293588538e-01,-6.158801097570042460e-01
9.999999999998029354e-01,4.562654086041498915e-12,3.273250032963269107e-01,9.999999000297978835e-01,9.999999999958992802e-01,5.999999999999999778e-01,4.429759498779411442e-01,-4.539823688805849633e-01
9.999999999995585753e-01,1.052299982751156772e-12,9.999999999999998890e-01,6.121632572918597193e-01,9.999999999994649835e-01,5.999999999999999778e-01,4.429759601226820886e-01,-7.701600647523215715e-01
9.999999999995579092e-01,2.369007413250740461e-13,7.230032196366721342e-01,9.999999984556600108e-01,9.999999999999902300e-01,5.999999999999999778e-01,4.429759541926160393e-01,-6.222468418084216024e-01
9.999999999999498179e-01,8.368282216695784020e-12,4.885402387954203007e-01,9.999999982256239095e-01,9.999999999999995559e-01,5.999999999999999778e-01,4.429759516359129679e-01,-5.225400850344664727e-01
9.999999999998018252e-01,3.512621994649735491e-13,7.650817524035100625e-01,9.999999992951839056e-01,9.999999999998105960e-01,5.999999999999999778e-01,4.429759546514616675e-01,-6.401409844247346603e-01
9.999999999996870281e-01,8.112736996275207224e-12,4.249322409441309567e-01,9.999999991137389355e-01,9.999999999999620304e-01,5.999999999999999778e-01,4.429759509422991348e-01,-4.954904110723955535e-01
9.999999999970383691e-01,4.185171504669407684e-13,2.309569394023952837e-01,9.999999963644843337e-01,9.999999999999106270e-01,5.999999999999999778e-01,4.429759488270942902e-01,-4.130012774146089027e-01
9.999999999959729990e-01,3.794743040025145909e-13,9.999999999999996669e-01,1.105056965716827988e-01,9.999999999998110400e-01,5.999999999999999778e-01,4.429759638861193172e-01,-8.091179078560476468e-01
9.999999999951711960e-01,5.174842979864101389e-13,6.569975137330197335e-01,9.999999962050029056e-01,9.999999999996473932e-01,5.999999999999999778e-01,4.429759534728563986e-01,-5.941775286879619200e-01
9.999999999981221688e-01,1.555125258267877970e-12,2.448387103984819291e-01,9.999999981980194352e-01,9.999999999997469802e-01,5.999999999999999778e-01,4.429759489784681481e-01,-4.189045817493298740e-01
9.999999999992026378e-01,6.851858671537063790e-13,9.683402669784997308e-01,9.999999927871803251e-01,9.999999999994324540e-01,5.999999999999999778e-01,4.429759568678954262e-01,-7.265778595526105610e-01
9.999999999996818101e-01,3.347212013725368903e-13,7.756025489135837114e-01,9.999999998778158483e-01,9.999999999999942268e-01,5.999999999999999778e-01,4.429759547661857311e-01,-6.446150147580590462e-01
9.999999999997386535e-01,1.328988424285693467e-11,9.016217173573335408e-01,9.999999957233249859e-01,9.999999999999972244e-01,5.999999999999999778e-01,4.429759561403625590e-01,-6.982054050601137485e-01
9.999999999851127974e-01,1.456652414151042039e-13,9.999999999999994449e-01,7.555567866894748186e-02,9.999999999974399367e-01,5.999999999999999778e-01,4.429759641483145272e-01,-8.118320647244875454e-01
9.999999999996335154e-01,5.531319182319813966e-12,9.196145849229675484e-03,9.999999960599388338e-01,9.999999999971718179e-01,5.999999999999999778e-01,4.429759464089023102e-01,-3.186962002380834269e-01
9.999999999949253926e-01,4.320035430227165955e-13,8.077277558983075867e-01,9.999999998525949119e-01,9.999999999997377653e-01,5.999999999999999778e-01,4.429759551164952347e-01,-6.582764473156456075e-01
9.999999999994201305e-01,9.716079606971951677e-13,9.999999999999963363e-01,6.902898705860522899e-01,9.999999999997574163e-01,5.999999999999999778e-01,4.429759595365759250e-01,-7.640928894891892975e-01
9.999999999997499778e-01,6.582823250012616034e-01,9.999999999999562572e-01,1.629053003604497007e-10,9.999999999999505951e-01,5.999999999999999778e-01,4.429759699322827204e-01,-8.177964099587066160e-01
9.999999999940970552e-01,6.127031552525898269e-14,1.202070849104539263e-01,9.999999961478388544e-01,9.999999999999963363e-01,5.999999999999999778e-01,4.429759476194218282e-01,-3.659042527032169145e-01
9.999999999979585219e-01,5.140788509457891532e-13,9.999999999999834577e-01,3.215410485746892366e-01,9.999999999997777334e-01,5.999999999999999778e-01,4.429759623029311810e-01,-7.927292739029475621e-01
9.999999999997993827e-01,4.989799638455388555e-13,9.999999999999843459e-01,3.486139509748441001e-01,9.999999999997777334e-01,5.999999999999999778e-01,4.429759620998301450e-01,-7.906268399588859408e-01
9.999999999998778755e-01,2.337996209269451539e-13,9.146442808966819271e-01,9.999999981930592918e-01,9.999999999960172969e-01,5.999999999999999778e-01,4.429759562823671892e-01,-7.037433263388018778e-01
9.999999999998743228e-01,2.787922035982578025e-14,7.189228073056943558e-01,9.999999974438413819e-01,9.999999999997540856e-01,5.999999999999999778e-01,4.429759541481211316e-01,-6.205116226273618141e-01
9.999999999991475708e-01,7.848643188508887908e-15,4.582145156713463008e-01,9.999999989209512608e-01,9.999999999994295674e-01,5.999999999999999778e-01,4.429759513052259345e-01,-5.096438934826860168e-01
9.999999999950918150e-01,2.369916134383052443e-12,7.341022380520431101e-01,9.999999991404938671e-01,9.999999999996035394e-01,5.999999999999999778e-01,4.429759543136453370e-01,-6.269667643877120389e-01
9.999999999998993028e-01,3.180940106381188336e-13,5.521431454766924096e-01,9.999999962896471972e-01,9.999999999996106448e-01,5.999999999999999778e-01,4.429759523294712897e-01,-5.495875940280704475e-01
9.999999999998033795e-01,4.646946268756247372e-14,4.468651701606765059e-01,9.999999989659196231e-01,9.999999999999562572e-01,5.999999999999999778e-01,4.429759511814669315e-01,-5.048175177823116533e-01
9.999999999992884581e-01,5.486804367380285744e-12,3.827502597382360650e-01,9.999999989662672339e-01,9.999999999998346878e-01,5.999999999999999778e-01,4.429759504823254646e-01,-4.775522763469036702e-01
9.999999999999611422e-01,8.305985680038623844e-13,4.012653139647091027e-01,9.999999997022348541e-01,9.999999999999690248e-01,5.999999999999999778e-01,4.429759506842230188e-01,-4.854259116164053589e-01
9.999999999999654721e-01,1.892459383898997790e-13,3.752171354899062616e-01,9.999999981951402939e-01,9.999999999999669154e-01,5.999999999999999778e-01,4.429759504001805070e-01,-4.743487711687365271e-01
9.999999999990937249e-01,5.506741147704803645e-14,8.326025738556680489e-02,9.999999969535557920e-01,9.999999999990130117e-01,5.999999999999999778e-01,4.429759472165348821e-01,-3.501923976902526769e-01
9.999999999999714673e-01,4.805060050554381206e-12,8.928142782261387911e-01,9.999999986954328790e-01,9.999999999992983390e-01,5.999999999999999778e-01,4.429759560443217725e-01,-6.944599897181579218e-01
9.999999999999817923e-01,9.999998491477326557e-01,9.999999999999955591e-01,8.293453283037709407e-11,9.999999999997205569e-01,5.999999999999999778e-01,4.429759726405300135e-01,-8.178466718946048042e-01
9.999999999996607158e-01,3.501568926033122865e-14,8.422313057597589081e-01,9.999999988858635502e-01,9.999999999999656941e-01,5.999999999999999778e-01,4.429759554927394372e-01,-6.729492841945102777e-01
9.999999999970018427e-01,6.184606898935780308e-14,9.999999999999998890e-01,1.736710880593504425e-01,9.999999999963468111e-01,5.999999999999999778e-01,4.429759634122522605e-01,-8.042125947427508637e-01
9.999999999999852340e-01,7.581527425612551513e-12,9.999999999999967804e-01,5.299621036719242007e-01,9.999999999994714228e-01,5.999999999999999778e-01,4.429759607393555232e-01,-7.765436616447111140e-01
9.999999999732495093e-01,4.105729623557869168e-14,5.617021324700849361e-01,9.999999964018250198e-01,9.999999999999724665e-01,5.999999999999999778e-01,4.429759524337072985e-01,-5.536526092630095208e-01
9.999999999999618083e-01,6.701024633812836672e-12,4.544360777047924405e-01,9.999999979049868370e-01,9.999999999999931166e-01,5.999999999999999778e-01,4.429759512640239483e-01,-5.080370906703551848e-01
9.999999999999774625e-01,2.630814800517328084e-12,2.962459693608858191e-01,9.999999957794375449e-01,9.999999999973545606e-01,5.999999999999999778e-01,4.429759495390389046e-01,-4.407658201085428162e-01
9.999999999952345897e-01,5.174842979864101389e-13,5.987841943217566687e-01,9.999999961964041173e-01,9.999999999996473932e-01,5.999999999999999778e-01,4.429759528380688982e-01,-5.694219734203470606e-01
9.999999999998359090e-01,1.282915438461260755e-12,9.999999999999918954e-01,2.280720125101396434e-01,9.999999999999379385e-01,5.999999999999999778e-01,4.429759630041363305e-01,-7.999879147115981359e-01
9.999999999999633626e-01,1.280206681991997728e-13,5.801293037452339707e-01,9.999999962666181741e-01,9.999999999999849010e-01,5.999999999999999778e-01,4.429759526346465082e-01,-5.614888718603566753e-01
9.999999999968849362e-01,1.093487752812319755e-13,4.842260086993127044e-01,9.999999998136807067e-01,9.999999999999997780e-01,5.999999999999999778e-01,4.429759515888684329e-01,-5.207054332766186677e-01
9.999999999991864286e-01,6.372598777594438085e-14,2.826108229655455162e-01,9.999999987588844563e-01,9.999999999999500400e-01,5.999999999999999778e-01,4.429759493903543399e-01,-4.349673939576180759e-01
9.999999999987158050e-01,8.490810626567112052e-13,6.185902960023274000e-01,9.999999995335948633e-01,9.999999999997696287e-01,5.999999999999999778e-01,4.429759530540446355e-01,-5.778446339844306445e-01
9.999999999995818900e-01,3.113047908931684156e-11,9.999999999999998890e-01,7.164836762166846285e-01,9.999999999998926414e-01,5.999999999999999778e-01,4.429759593400698359e-01,-7.620587246519373581e-01
9.999999999987313481e-01,7.240406633427607203e-15,9.999999999999998890e-01,7.035150029187464682e-01,9.999999999998575584e-01,5.999999999999999778e-01,4.429759594373609000e-01,-7.630658489922576004e-01
9.999999999995876632e-01,1.071116127121510435e-12,2.405699358492312812e-01,9.999999994147009685e-01,9.999999999999894529e-01,5.999999999999999778e-01,4.429759489319192167e-01,-4.170892602581200981e-01
9.999999999998807620e-01,2.051129596137818481e-13,6.325661057198024295e-01,9.999999990630314972e-01,9.999999999994357847e-01,5.999999999999999778e-01,4.429759532064439509e-01,-5.837879290151103406e-01
9.999999999996231903e-01,3.806669974746169007e-13,5.338113571845474192e-01,9.999999963135089986e-01,9.999999999987876365e-01,5.999999999999999778e-01,4.429759521295721925e-01,-5.417918936121287610e-01
9.999999999950479612e-01,4.120545481492999515e-13,3.696817683991543424e-01,9.999999999508404347e-01,9.999999999956898922e-01,5.999999999999999778e-01,4.429759503398200127e-01,-4.719948237336345498e-01
9.999999999999730216e-01,7.038432826067544581e-13,8.965453406963910243e-01,9.999999976502178534e-01,9.999999999997284394e-01,5.999999999999999778e-01,4.429759560850071720e-01,-6.960466459830773056e-01
9.999999999999906741e-01,6.387599341964136232e-12,8.855014461228251088e-01,9.999999998572681736e-01,9.999999999996810329e-01,5.999999999999999778e-01,4.429759559645789491e-01,-6.913501649154166762e-01
9.999999999997650768e-01,6.163671642469679981e-14,6.433534560796109192e-01,9.999999988963312880e-01,9.999999999958545382e-01,5.999999999999999778e-01,4.429759533240746894e-01,-5.883753129935646031e-01
9.999999999986619592e-01,7.955351808481838464e-14,1.000000000000000000e+00,4.029036699430184609e-01,9.999999999997131184e-01,5.999999999999999778e-01,4.429759616925484367e-01,-7.864107959487122157e-01
9.999999999959293673e-01,3.821623695840599477e-13,3.186842080622614981e-01,9.999999713108692623e-01,9.999999999999686917e-01,5.999999999999999778e-01,4.429759497837170157e-01,-4.503078145275681843e-01
9.999999999992529309e-01,6.414437252160759649e-13,9.999999999999802380e-01,2.770592303844560678e-01,9.999999999958979480e-01,5.999999999999999778e-01,4.429759626366339686e-01,-7.961836536025453936e-01
9.999999999999034106e-01,1.341025673111976932e-12,1.614410697139117001e-01,9.999999965378389977e-01,9.999999999997700728e-01,5.999999999999999778e-01,4.429759480690580453e-01,-3.834392463825254671e-01
9.999999999990516475e-01,1.073804760472833008e-12,2.015804716546313324e-01,9.999999993425289224e-01,9.999999999995390354e-01,5.999999999999999778e-01,4.429759485067583658e-01,-4.005087620981867547e-01
9.999999999998674394e-01,2.661175932863630506e-13,8.767089255171236495e-01,9.999999963574131012e-01,9.999999999999682476e-01,5.999999999999999778e-01,4.429759558687008658e-01,-6.876110942672860604e-01
9.999999999940827333e-01,4.991531991109493453e-14,3.958700630820428668e-01,9.999999969898760721e-01,9.999999999999626965e-01,5.999999999999999778e-01,4.429759506253904688e-01,-4.831315497669362857e-01
9.999999999999653610e-01,2.742154632126476751e-13,8.375289276607638111e-01,9.999999978446162396e-01,9.999999999999917843e-01,5.999999999999999778e-01,4.429759554414623435e-01,-6.709495704289017981e-01
9.999999999999037437e-01,1.192740501478403501e-12,1.067100998417231938e-01,9.999999978480176299e-01,9.999999999999892308e-01,5.999999999999999778e-01,4.429759474722438362e-01,-3.601645805643961529e-01
9.999999999749737967e-01,3.531944683059118387e-13,6.750441462693667072e-01,9.999999980860878601e-01,9.999999999998822053e-01,5.999999999999999778e-01,4.429759536696460387e-01,-6.018519647995584920e-01
9.999999999994921840e-01,1.597418249671257576e-11,1.796702837952239840e-01,9.999999995680584064e-01,9.999999999998323563e-01,5.999999999999999778e-01,4.429759482678385929e-01,-3.911913262773220046e-01
9.999999999998907541e-01,9.464685917359236053e-14,2.766651509393464048e-01,9.999999971784333530e-01,9.999999999999957812e-01,5.999999999999999778e-01,4.429759493255197578e-01,-4.324389622026748592e-01
9.999999999999203970e-01,2.750170544367262322e-13,8.512596700043973952e-01,9.999999977983659027e-01,9.999999999999776845e-01,5.999999999999999778e-01,4.429759555911892965e-01,-6.767886490900286711e-01
9.999999999968068876e-01,6.244117629995304992e-14,6.041562395370823069e-01,9.999999999414987961e-01,9.999999999992816857e-01,5.999999999999999778e-01,4.429759528966483728e-01,-5.717064668420218654e-01
9.999999999998986366e-01,3.806669974746169007e-13,5.143068243275694673e-01,9.999999963236492206e-01,9.999999999988165023e-01,5.999999999999999778e-01,4.429759519168848803e-01,-5.334974766977923499e-01
9.999999999995889954e-01,7.343804948124774281e-14,6.478232656556913716e-01,9.999999961362682210e-01,9.999999999973128162e-01,5.999999999999999778e-01,4.429759533728157561e-01,-5.902761259274272865e-01
9.999999999999831246e-01,9.922212221939673726e-13,9.724378974330099012e-01,9.999999975384646911e-01,9.999999999989790389e-01,5.999999999999999778e-01,4.429759569125780727e-01,-7.283204005512812218e-01
9.999999999995632383e-01,2.053890958925452878e-15,2.192632616264819923e-01,9.999999997603040702e-01,9.999999999998463451e-01,5.999999999999999778e-01,4.429759486995804574e-01,-4.080284721399262127e-01
9.999999999982236432e-01,1.394926225477062924e-13,9.999999999999998890e-01,9.661684550339594280e-01,9.999999999991483479e-01,5.999999999999999778e-01,4.429759574669335231e-01,-7.426686442468141136e-01
9.999999999998750999e-01,1.141147189748068324e-14,9.057732343135457276e-01,9.999999982374672136e-01,9.999999999999383826e-01,5.999999999999999778e-01,4.429759561856327910e-01,-6.999708617828485080e-01
9.999999999999000799e-01,7.706954265092499584e-12,1.000000000000000000e+00,6.626302385963166452e-01,9.999999999993662847e-01,5.999999999999999778e-01,4.429759597440786068e-01,-7.662408878206407037e-01
9.999999999955395680e-01,1.457410210907839191e-11,8.161464949118576451e-01,9.999999962270820220e-01,9.999999999996994626e-01,5.999999999999999778e-01,4.429759552082974672e-01,-6.618565657048492978e-01
9.999999999999881206e-01,9.710594971993776621e-12,8.336732607791556005e-01,9.999999963819463655e-01,9.999999999999923395e-01,5.999999999999999778e-01,4.429759553994181975e-01,-6.693099256028168798e-01
9.999999999999716893e-01,4.871899888819995482e-12,9.330101100081342747e-01,9.999999961283564387e-01,9.999999999999426015e-01,5.999999999999999778e-01,4.429759564826374896e-01,-7.115535029708245363e-01
9.999999999999584777e-01,3.037570403998116078e-13,4.150787402243060753e-01,9.999999996914036293e-01,9.999999999999575895e-01,5.999999999999999778e-01,4.429759508348515840e-01,-4.913001520944580980e-01
9.999999999999023004e-01,1.304142755767126462e-13,5.256256732386090924e-01,9.999999978974162262e-01,9.999999999995804467e-01,5.999999999999999778e-01,4.429759520403113160e-01,-5.383108834135913456e-01
9.999999999996510569e-01,7.211309153702909010e-14,6.525560883114192023e-01,9.999999970518036463e-01,9.999999999992528199e-01,5.999999999999999778e-01,4.429759534244248620e-01,-5.922887864297700089e-01
9.999999999999386047e-01,2.315110542264235923e-13,3.865230100362399002e-01,9.999999974491518007e-01,9.999999999959588992e-01,5.999999999999999778e-01,4.429759505234655004e-01,-4.791566606409302098e-01
9.999999999998712141e-01,1.406472331949518226e-12,1.965193483918656892e-01,9.999999982017763189e-01,9.999999999999514833e-01,5.999999999999999778e-01,4.429759484515693457e-01,-3.983564898548112021e-01
9.999999999996231903e-01,3.806669974746169007e-13,9.815523693054657439e-01,9.999999963488768184e-01,9.999999999987958521e-01,5.999999999999999778e-01,4.429759570119668477e-01,-7.321963832264611893e-01
9.999999999976263432e-01,1.603240833492960051e-14,9.101702885983904423e-01,9.999999991139758571e-01,9.999999999964030994e-01,5.999999999999999778e-01,4.429759562335804923e-01,-7.018407348210889962e-01
9.999999999979777288e-01,2.906932160292061529e-13,8.035423009434742303e-01,9.999999964823651499e-01,9.999999999998874234e-01,5.999999999999999778e-01,4.429759550708549654e-01,-6.564965583274356975e-01
9.999999999991420196e-01,5.766933166335908881e-14,7.610374833772441949e-01,9.999999983759730871e-01,9.999999999997919442e-01,5.999999999999999778e-01,4.429759546073608889e-01,-6.384211353891565688e-01
9.999999999998996358e-01,4.118938821643129766e-12,9.999999999999986677e-01,9.763540173352275309e-01,9.999999999999652500e-01,5.999999999999999778e-01,4.429759573905214243e-01,-7.418776514077615181e-01
9.999999999420645658e-01,1.060806057464525247e-13,3.661251135090659581e-02,9.999999997095648796e-01,9.999999999996090905e-01,5.999999999999999778e-01,4.429759467078642210e-01,-3.303551700719259410e-01
9.999999999956120655e-01,1.520556065691651437e-13,4.913455449013759413e-02,9.999999988128299711e-01,9.999999999997065681e-01,5.999999999999999778e-01,4.429759468444109394e-01,-3.356802423779220446e-01
9.999999999737849699e-01,1.624511948875860060e-13,7.787068747553368975e-02,9.999999963358239263e-01,9.999999999997025713e-01,5.999999999999999778e-01,4.429759471577642826e-01,-3.479004515455771385e-01
9.999999999999249489e-01,8.507707193139927894e-14,3.394433432990400235e-01,9.999999978336240325e-01,9.999999999999826805e-01,5.999999999999999778e-01,4.429759500100849401e-01,-4.591357563967425337e-01
9.999999999951800778e-01,4.933232578292481604e-14,7.516078149675997633e-01,9.999999964398853525e-01,9.999999999999722444e-01,5.999999999999999778e-01,4.429759545045350300e-01,-6.344111137808942091e-01
9.999999999969301223e-01,9.308215428145384449e-13,1.908324716377571839e-01,9.999999997010915465e-01,9.999999999979314325e-01,5.999999999999999778e-01,4.429759483895567285e-01,-3.959381120684960509e-01
9.999999999998037126e-01,1.408729046932709733e-13,1.256315428835309556e-01,9.999999986251572048e-01,9.999999999993011146e-01,5.999999999999999778e-01,4.429759476785728456e-01,-3.682110350558512879e-01
9.999999999999699130e-01,2.093374484891534619e-14,9.999999999999982236e-01,6.778848005861505266e-01,9.999999999997107869e-01,5.999999999999999778e-01,4.429759596296388158e-01,-7.650562453892012504e-01
9.999999999978492760e-01,9.234146276093744066e-14,6.707606223475525153e-01,9.999999991194876703e-01,9.999999999943567364e-01,5.999999999999999778e-01,4.429759536229362915e-01,-6.000303710656907930e-01
9.999999999994853006e-01,2.810601214256678431e-13,4.505908373831343794e-03,9.999999986665930596e-01,9.999999999992160715e-01,5.999999999999999778e-01,4.429759463577575551e-01,-3.167016490595265799e-01
9.999999999964621633e-01,9.127714435746933899e-12,8.887830892903524349e-01,9.999999962113758079e-01,9.999999999997526423e-01,5.999999999999999778e-01,4.429759560003636576e-01,-6.927457031900975393e-01
9.999999999993641753e-01,3.355013043516206265e-14,9.999999999999998890e-01,9.226418073216137161e-01,9.999999999993272048e-01,5.999999999999999778e-01,4.429759577934706538e-01,-7.460488470891198931e-01
9.999999999999791278e-01,4.871899888819995482e-12,1.111118398552822795e-01,9.999999979287168550e-01,9.999999999999426015e-01,5.999999999999999778e-01,4.429759475202426078e-01,-3.620364462969535291e-01
9.999999999999915623e-01,7.956776844699557243e-12,4.425106674699748610e-01,9.999999986359829895e-01,9.999999999999762412e-01,5.999999999999999778e-01,4.429759511339832478e-01,-5.029657400170325365e-01
9.999999999998018252e-01,2.022668640643891137e-13,6.802647401026393759e-01,9.999999986251572048e-01,9.999999999994787503e-01,5.999999999999999778e-01,4.429759537265740010e-01,-6.040720528822235424e-01
9.999999999999702460e-01,3.180940106381188336e-13,4.762830510777921189e-01,9.999999995728110491e-01,9.999999999999878986e-01,5.999999999999999778e-01,4.429759515022543837e-01,-5.173276440132935639e-01
9.999999999943065543e-01,1.048425362162800667e-12,4.112635956594077463e-02,9.999999992304960950e-01,9.999999999995990985e-01,5.999999999999999778e-01,4.429759467570855147e-01,-3.322747105184656879e-01
9.999999999993649524e-01,6.679941008544938580e-12,7.850140483389912438e-01,9.999999990298826802e-01,9.999999999999016342e-01,5.999999999999999778e-01,4.429759548688134707e-01,-6.486173101155244813e-01
9.999999999999396039e-01,1.199567247243731139e-13,9.999999999999998890e-01,1.870516718631547448e-01,9.999999999963696817e-01,5.999999999999999778e-01,4.429759633118710571e-01,-8.031734821584338713e-01
9.999999999977760012e-01,6.688783286496859713e-13,1.348830328579571636e-01,9.999999990957495477e-01,9.999999999998848699e-01,5.999999999999999778e-01,4.429759477794557587e-01,-3.721452853541594719e-01
9.999999999998686606e-01,1.939664529052087007e-15,6.661754491289705316e-01,9.999999982074083693e-01,9.999999999999454880e-01,5.999999999999999778e-01,4.429759535729372311e-01,-5.980804993509786227e-01
9.999999999954647389e-01,3.388073700272027550e-13,9.437494974803383174e-01,9.999999988445785748e-01,9.999999999998261391e-01,5.999999999999999778e-01,4.429759565997452020e-01,-7.161204902264571848e-01
9.999999999976496579e-01,1.559860236409305428e-13,9.999999999999993339e-01,4.248191064753291668e-01,9.999999999973626652e-01,5.999999999999999778e-01,4.429759615281387286e-01,-7.847088817255295501e-01
9.999999999984416910e-01,3.771682676170797789e-13,9.999999999999997780e-01,8.532003446987739270e-01,9.999999999992257305e-01,5.999999999999999778e-01,4.429759583144208257e-01,-7.514415488386742004e-01
9.999999999999994449e-01,1.135342637403253790e-13,9.540861341957970199e-01,9.999999979028474373e-01,9.999999999993481881e-01,5.999999999999999778e-01,4.429759567124611497e-01,-7.205162056453927599e-01
9.999999999969572118e-01,2.433813487567582333e-13,5.476108424312319256e-01,9.999999978204202611e-01,9.999999999995804467e-01,5.999999999999999778e-01,4.429759522800487681e-01,-5.476602054739588832e-01
9.999999999960463848e-01,4.367309921234576366e-13,8.467738517650413854e-01,9.999999980860878601e-01,9.999999999999044098e-01,5.999999999999999778e-01,4.429759555422736472e-01,-6.748810285702858680e-01
9.999999999999037437e-01,5.300687243727661205e-12,9.362663388280187959e-01,9.999999978480176299e-01,9.999999999999925615e-01,5.999999999999999778e-01,4.429759565181450309e-01,-7.129382332275663314e-01
9.999999999996231903e-01,3.839000073798570387e-13,5.083172955335960586e-01,9.999999963481146503e-01,9.999999999986192156e-01,5.999999999999999778e-01,4.429759518515720140e-01,-5.309503944713948043e-01
9.999999999998488986e-01,1.192740501478403501e-12,1.510684205594696183e-01,9.999999978480176299e-01,9.999999999999925615e-01,5.999999999999999778e-01,4.429759479559494117e-01,-3.790282164333943493e-01
9.999999999998986366e-01,3.806669974746169007e-13,5.762321606790373751e-01,9.999999963236492206e-01,9.999999999999821254e-01,5.999999999999999778e-01,4.429759525921501129e-01,-5.598315889261565870e-01
9.999999999951558749e-01,2.972557390749038738e-14,3.507860411550208779e-01,9.999999995391321006e-01,9.999999999999700240e-01,5.999999999999999778e-01,4.429759501337714456e-01,-4.639593050076801228e-01
9.999999999998712141e-01,1.878515686745133119e-11,1.692576904202763299e-01,9.999999963491491561e-01,9.999999999996249667e-01,5.999999999999999778e-01,4.429759481542944188e-01,-3.867633101664132989e-01
9.999999999998099298e-01,3.865640748394706180e-14,5.021024107199525410e-01,9.999999981785921976e-01,9.999999999999619194e-01,5.999999999999999778e-01,4.429759517838017802e-01,-5.283074781368145567e-01
9.999999999985198507e-01,2.060204635536858066e-13,5.582259575820994746e-01,9.999999990104888603e-01,9.999999999997236655e-01,5.999999999999999778e-01,4.429759523958013423e-01,-5.521743453159636550e-01
9.999999999999650280e-01,2.369872188688193583e-13,7.904176805770511960e-01,9.999999982183783720e-01,9.999999999976142417e-01,5.999999999999999778e-01,4.429759549277374475e-01,-6.509152364577009964e-01
9.999999999984686694e-01,6.067542712323591783e-13,7.260437922483098383e-02,9.999999999741203682e-01,9.999999999998371303e-01,5.999999999999999778e-01,4.429759471003377747e-01,-3.456609228134180922e-01
9.999999999951288965e-01,1.762579175396771314e-12,7.289260356029615417e-01,9.999999991671877364e-01,9.999999999995986544e-01,5.999999999999999778e-01,4.429759542572014319e-01,-6.247655539557014359e-01
9.999999999749611401e-01,4.811527137485172707e-12,4.108008299792260676e-01,9.999999962330823333e-01,9.999999999998829825e-01,5.999999999999999778e-01,4.429759507882031211e-01,-4.894809459589454237e-01
9.999999999986931565e-01,8.210268989656395368e-13,6.093583613818309708e-01,9.999999990521268867e-01,9.999999999997893907e-01,5.999999999999999778e-01,4.429759529533749407e-01,-5.739186997155411030e-01
9.999999999994221289e-01,4.247050372988344892e-13,9.999999999999998890e-01,7.353822260245049813e-01,9.999999999963790076e-01,5.999999999999999778e-01,4.429759591982928568e-01,-7.605910965416960989e-01
9.999999999996612710e-01,1.103034088922435950e-12,2.875566885266135908e-01,9.999999978920841581e-01,9.999999999992967847e-01,5.999999999999999778e-01,4.429759494442865875e-01,-4.370706523416448830e-01
9.999999999996479483e-01,6.372598777594438085e-14,2.919462437053496062e-01,9.999999976411011460e-01,9.999999999999505951e-01,5.999999999999999778e-01,4.429759494921525209e-01,-4.389373364287457724e-01
9.999999999997430944e-01,2.081184156726892746e-13,5.941577385967484748e-01,9.999999957391410010e-01,9.999999999999478195e-01,5.999999999999999778e-01,4.429759527876196978e-01,-5.674545460430709953e-01
9.999999999999034106e-01,4.674627686835568508e-14,2.271796745536305007e-01,9.999999964967637434e-01,9.999999999976393328e-01,5.999999999999999778e-01,4.429759487859050715e-01,-4.113949733879883608e-01
9.999999999999712452e-01,4.874769214300549028e-12,9.282807617050294891e-01,9.999999990872887601e-01,9.999999999997194466e-01,5.999999999999999778e-01,4.429759564310662978e-01,-7.095423196565139312e-01
9.999999999998826494e-01,2.032058798388161877e-14,1.573441307899252906e-01,9.999999975101354632e-01,9.999999999976065812e-01,5.999999999999999778e-01,4.429759480243829484e-01,-3.816969990181361405e-01
9.999999999998863132e-01,2.709622519687479129e-12,1.000000000000000000e+00,5.426316979667413776e-01,9.999999999986737276e-01,5.999999999999999778e-01,4.429759606443081643e-01,-7.755597632536169739e-01
9.999999999999209521e-01,6.963772626020883273e-12,7.796364319162407686e-01,9.999999982954103084e-01,9.999999999999554801e-01,5.999999999999999778e-01,4.429759548101732669e-01,-6.463304472696368430e-01
9.999999999996741495e-01,4.185171504669407684e-13,3.223773520718268282e-01,9.999999963644843337e-01,9.999999999997347677e-01,5.999999999999999778e-01,4.429759498239887461e-01,-4.518783437176764339e-01
9.999999999996862510e-01,1.334608152065196498e-13,9.999999999999998890e-01,2.631910293655737032e-01,9.999999999963884445e-01,5.999999999999999778e-01,4.429759627406733014e-01,-7.972606336815436512e-01
9.999999999999761302e-01,7.049672256101850337e-13,1.755686561985212168e-01,9.999999963358239263e-01,9.999999999997025713e-01,5.999999999999999778e-01,4.429759482231124257e-01,-3.894470853524744092e-01
9.999999999959113817e-01,3.049598265110448584e-13,2.585258070679000708e-01,9.999999986447392075e-01,9.999999999994841904e-01,5.999999999999999778e-01,4.429759491277191485e-01,-4.247250997932526806e-01
9.999999999984018340e-01,5.470987048433322353e-13,9.999999999999834577e-01,9.510878644278766281e-01,9.999999999999015232e-01,5.999999999999999778e-01,4.429759575800681914e-01,-7.438397763667726759e-01
9.999999999994717559e-01,2.970081699926309814e-13,2.798143650905182689e-02,9.999999986932411877e-01,9.999999999997459810e-01,5.999999999999999778e-01,4.429759466137466184e-01,-3.266847549870298684e-01
9.999999999998625544e-01,3.287011129986273802e-13,9.999999999999952260e-01,5.168678934980767137e-01,9.999999999999706901e-01,5.999999999999999778e-01,4.429759608375883340e-01,-7.775605349578481595e-01
9.999999999999676925e-01,6.041848039026877089e-13,4.499902400160513682e-01,9.999999961294474549e-01,9.999999999999965583e-01,5.999999999999999778e-01,4.429759512155442835e-01,-5.061464722742871070e-01
9.999999999999134026e-01,1.109998818720494775e-11,9.775498551217269849e-01,9.999998350644327960e-01,9.999999999999621414e-01,5.999999999999999778e-01,4.429759569683226483e-01,-7.304943031356975203e-01
9.999999999998859801e-01,3.931234714966076121e-13,8.813785795502783182e-01,9.999999982143853439e-01,9.999999999999696909e-01,5.999999999999999778e-01,4.429759559196211338e-01,-6.895968918690621452e-01
9.999999999999203970e-01,2.750170544367262322e-13,7.947022780539989562e-01,9.999999977983659027e-01,9.999999999999660272e-01,5.999999999999999778e-01,4.429759549744588520e-01,-6.527372866801407492e-01
9.999999999999971134e-01,1.446373884350832378e-13,5.293073764912819001e-01,9.999999975347079184e-01,9.999999999993006705e-01,5.999999999999999778e-01,4.429759520804584794e-01,-5.398765493295974993e-01
9.999999999997367661e-01,6.163671642469679981e-14,6.843865191636222534e-01,9.999999988963312880e-01,9.999999999999898970e-01,5.999999999999999778e-01,4.429759537715199924e-01,-6.058248635656467984e-01
9.999999999999148459e-01,5.856858275032497899e-13,4.197499243125918378e-01,9.999999960590547632e-01,9.999999999999465983e-01,5.999999999999999778e-01,4.429759508857885608e-01,-4.932866007885655657e-01
9.999999999974601428e-01,4.105729623557869168e-14,5.661184275895396745e-01,9.999999988527276118e-01,9.999999999999724665e-01,5.999999999999999778e-01,4.429759524818648320e-01,-5.555306644558873908e-01
9.999999999999757971e-01,8.893072541107185857e-13,9.408213526180640995e-01,9.999999982594535153e-01,9.999999999995166089e-01,5.999999999999999778e-01,4.429759565678152433e-01,-7.148752795066845023e-01
9.999999999991844302e-01,4.069958713001861995e-14,3.784940599267563321e-01,9.999999981669519533e-01,9.999999999986003418e-01,5.999999999999999778e-01,4.429759504359137567e-01,-4.757423024938621792e-01
9.999999999999813483e-01,6.278450146424873448e-14,3.006019264888153408e-01,9.999999981919599490e-01,9.999999999999960032e-01,5.999999999999999778e-01,4.429759495865384644e-01,-4.426182162206994120e-01
9.999999999995828892e-01,2.418924858229985571e-13,8.748474455218338552e-02,9.999999992995131093e-01,9.999999999999847899e-01,5.999999999999999778e-01,4.429759472626008110e-01,-3.519888854350908813e-01
9.999999999995512479e-01,1.151462641490389332e-13,3.308319561939417341e-01,9.999999709082854071e-01,9.999999999999791278e-01,5.999999999999999778e-01,4.429759499161822212e-01,-4.554737156499771844e-01
9.999999999996169731e-01,4.768517619086400683e-14,4.810047027531003661e-01,9.999999963051204865e-01,9.999999999986098898e-01,5.999999999999999778e-01,4.429759515537416981e-01,-5.193355543158454379e-01
9.999999999898362413e-01,4.175754532758452749e-13,9.999999999999998890e-01,1.615519972500487067e-01,9.999999999993912647e-01,5.999999999999999778e-01,4.429759635031697562e-01,-8.051537420024840186e-01
9.999999999996818101e-01,3.347212013725368903e-13,1.385264601923773542e-01,9.999999978716080928e-01,9.999999999956789010e-01,5.999999999999999778e-01,4.429759478191855337e-01,-3.736946742774202024e-01
9.999999999994638733e-01,4.177916359054132735e-12,9.999999999999978906e-01,9.327447791078954942e-03,9.999999999990097921e-01,5.999999999999999778e-01,4.429759646451589816e-01,-8.169752325536029369e-01
9.999999999999950040e-01,1.052532832368970409e-11,9.999999999999976685e-01,9.869253704471498967e-01,9.999999999993329780e-01,5.999999999999999778e-01,4.429759573112150850e-01,-7.410566987327255051e-01
9.999999999991265875e-01,2.047478483507854113e-13,4.058763450736884160e-01,9.999999999481768986e-01,9.999999999956898922e-01,5.999999999999999778e-01,4.429759507345040204e-01,-4.873867796016809750e-01
9.999999999993260946e-01,4.036195621296444217e-14,8.728625745686423576e-01,9.999999982183783720e-01,9.999999999976142417e-01,5.999999999999999778e-01,4.429759558267583053e-01,-6.859754108380292648e-01
9.999999999966251440e-01,4.976720542665681632e-10,9.239488667476172257e-01,9.999999980149290035e-01,9.999999999960590413e-01,5.999999999999999778e-01,4.429759563838290837e-01,-7.077001560197221375e-01
9.999999999950479612e-01,4.120545481492999515e-13,3.598562908116063608e-01,9.999999999508404347e-01,9.999999999977732257e-01,5.999999999999999778e-01,4.429759502326780507e-01,-4.678164818021405269e-01
9.999999999991697752e-01,7.281824005303694934e-14,6.388271174058289814e-01,9.999999995665617147e-01,9.999999999987280175e-01,5.999999999999999778e-01,4.429759532747171713e-01,-5.864504608911754735e-01
9.999999999975572873e-01,8.882129568533391157e-12,6.996002300984265343e-01,9.999918782514354287e-01,9.999999999999574785e-01,5.999999999999999778e-01,4.429759539374789057e-01,-6.122952139426102169e-01
9.999999999998377964e-01,2.906932160292061529e-13,5.200775372435788579e-01,9.999999996988377937e-01,9.999999999989948041e-01,5.999999999999999778e-01,4.429759519798116552e-01,-5.359515059254552627e-01
9.999999999997176703e-01,1.597418249671257576e-11,1.302752927003945072e-01,9.999999994623660626e-01,9.999999999999216183e-01,5.999999999999999778e-01,4.429759477292106173e-01,-3.701858168183976838e-01
9.999999999998890887e-01,1.350275567612021968e-13,1.823322039677070794e-02,9.999999981944941441e-01,9.999999999996481703e-01,5.999999999999999778e-01,4.429759465074471492e-01,-3.225392689903633370e-01
9.999999999938811168e-01,2.213972251631596181e-13,4.485552890999086606e-02,9.999999960254049025e-01,9.999999999990395461e-01,5.999999999999999778e-01,4.429759467977502641e-01,-3.338605618873610181e-01
9.999999999998625544e-01,5.461473899325998517e-10,9.999999999999952260e-01,8.981764974123549461e-01,9.999999999999706901e-01,5.999999999999999778e-01,4.429759579770095046e-01,-7.479487799905889522e-01
9.999999999999895639e-01,7.288614556476055359e-14,6.291769638092864492e-02,9.999999981844246433e-01,9.999999999999494849e-01,5.999999999999999778e-01,4.429759469947092687e-01,-3.415416042988893564e-01
9.999999999963290476e-01,2.663939000749611230e-11,5.713407709651500133e-01,9.999999980204844485e-01,9.999999999997680744e-01,5.999999999999999778e-01,4.429759525388118901e-01,-5.577514966490012549e-01
9.999999999999000799e-01,1.006899650297719065e-12,1.000000000000000000e+00,9.997025772816268141e-01,9.999999999999129585e-01,5.999999999999999778e-01,4.429759572153604275e-01,-7.400644433416309065e-01
9.999999999984693355e-01,2.224118759877956518e-14,5.349773189096751480e-02,9.999999999741203682e-01,9.999999999998300249e-01,5.999999999999999778e-01,4.429759468919892140e-01,-3.375357090499903068e-01
9.999999999999891198e-01,3.669719434711564882e-13,9.903861273596210602e-01,9.999999999163438069e-01,9.999999999997822853e-01,5.999999999999999778e-01,4.429759571082946268e-01,-7.359529903371101467e-01
9.999999999999034106e-01,1.601884924104642228e-11,2.106915903747632046e-01,9.999999965378389977e-01,9.999999999997700728e-01,5.999999999999999778e-01,4.429759486061106699e-01,-4.043833189511080173e-01
9.999999999994739763e-01,1.144363653180810025e-12,9.622901362703468742e-01,9.999999996088124732e-01,9.999999999999894529e-01,5.999999999999999778e-01,4.429759568019216998e-01,-7.240050054791234979e-01
9.999999999999192868e-01,3.387125603588789541e-12,9.999999999999965583e-01,7.840780253791154175e-01,9.999999999992396083e-01,5.999999999999999778e-01,4.429759588329767461e-01,-7.568094664809718042e-01
9.999999999999998890e-01,1.106525153907873878e-13,3.106387639792730915e-01,9.999999997002646523e-01,9.999999999993458566e-01,5.999999999999999778e-01,4.429759496959851939e-01,-4.468864400717135199e-01
9.999999999999332756e-01,9.196404173961246245e-14,8.291652885378214544e-01,9.999999969293879021e-01,9.999999999954592989e-01,5.999999999999999778e-01,4.429759553502609637e-01,-6.673928839433888038e-01
9.999999999991243671e-01,1.436901669028687993e-12,9.955908970909010947e-01,9.999999948185797072e-01,9.999999999999914513e-01,5.999999999999999778e-01,4.429759571650501160e-01,-7.381663495663152164e-01
9.999999999999062972e-01,4.185171504669407684e-13,3.907561173689059753e-01,9.999999965037776883e-01,9.999999999991090460e-01,5.999999999999999778e-01,4.429759505696254096e-01,-4.809568144180998983e-01
9.999999999904746195e-01,8.385455427797960516e-14,9.205765692077941265e-02,9.999999999526828498e-01,9.999999999999916733e-01,5.999999999999999778e-01,4.429759473124661451e-01,-3.539335431709488278e-01
9.999999999995071720e-01,1.161166022181455690e-13,9.999999999999998890e-01,5.041917149144056198e-01,9.999999999998178124e-01,5.999999999999999778e-01,4.429759609326850978e-01,-7.785449446727020772e-01
9.999999999999650280e-01,1.404857032254366331e-11,9.856120378760153677e-01,9.999999963895238597e-01,9.999999999987513322e-01,5.999999999999999778e-01,4.429759570562355475e-01,-7.339227810772140925e-01
9.999999999999621414e-01,8.799709538672069700e-13,1.659608149669331290e-01,9.999999967844726001e-01,9.999999999999953371e-01,5.999999999999999778e-01,4.429759481183436209e-01,-3.853612945227858910e-01
9.999999999998984146e-01,1.901661779674986838e-14,1.834335454555044431e-01,9.999999985188680052e-01,9.999999999999986677e-01,5.999999999999999778e-01,4.429759483088751004e-01,-3.927916754362007490e-01
9.999999999995889954e-01,7.343804948124774281e-14,6.276264650631648845e-01,9.999999961362682210e-01,9.999999999973128162e-01,5.999999999999999778e-01,4.429759531525796490e-01,-5.816873181010780991e-01
9.999999999999988898e-01,1.507149677227602347e-13,5.847085046246864870e-01,9.999999982915789287e-01,9.999999999994204636e-01,5.999999999999999778e-01,4.429759526845804540e-01,-5.634362037162760073e-01
9.999999999999753530e-01,7.246608020344715641e-16,9.660990795992341340e-02,9.999999982121678954e-01,9.999999999999963363e-01,5.999999999999999778e-01,4.429759473621062149e-01,-3.558694147412239106e-01
9.999999999990338839e-01,1.103528637649732883e-12,9.492454730618574699e-01,9.999999995948066767e-01,9.999999999999902300e-01,5.999999999999999778e-01,4.429759566596760956e-01,-7.184576859966212981e-01
9.999999999999057421e-01,1.692903782471448444e-12,8.544406571895988289e-01,9.999999979028474373e-01,9.999999999999917843e-01,5.999999999999999778e-01,4.429759556258763831e-01,-6.781413825257071037e-01
