9.999999999977614573e-01,9.623447435016691407e-13,9.999999999998702149e-01,5.125964043396837866e-01,9.999999999999872324e-01,2.999999999999999889e-01,4.429759577649566293e-01,-7.471573193471660046e-01
9.999999999983226751e-01,6.848138098319881927e-10,9.999999999999729106e-01,6.014577724755554300e-12,9.999999999998735456e-01,2.999999999999999889e-01,4.429759616104571029e-01,-7.869646537909414930e-01
9.999999999974463760e-01,1.981904061815996545e-12,4.597532299310813642e-09,9.999999982799626652e-01,9.999999999998152589e-01,2.999999999999999889e-01,4.429759432039464540e-01,-2.840505551606685719e-01
9.999999999977526866e-01,8.937230830600623387e-13,9.999999999998614442e-01,4.370944299426682278e-02,9.999999999998226974e-01,2.999999999999999889e-01,4.429759612825486803e-01,-7.835702553889175581e-01
9.999999999981569188e-01,1.272259293232912223e-12,9.999999999999974465e-01,1.266610306102084194e-01,9.999999999993174349e-01,2.999999999999999889e-01,4.429759606602454713e-01,-7.771283811137391639e-01
9.999999999992772448e-01,9.684751038706134850e-17,9.999999999999844569e-01,5.770601505298343925e-01,9.999999999998635536e-01,2.999999999999999889e-01,4.429759572813493085e-01,-7.421511782926958345e-01
9.999999999990911714e-01,5.172266394749746998e-12,9.999999999999562572e-01,1.152488808190302860e-01,9.999999999999671374e-01,2.999999999999999889e-01,4.429759607458594872e-01,-7.780146285775016990e-01
9.999999999999903411e-01,2.204998530608724348e-13,9.999999999999998890e-01,4.550649599312228122e-01,9.999999999998812061e-01,2.999999999999999889e-01,4.429759581965577731e-01,-7.516251100478125169e-01
9.999999999990989430e-01,9.636574049704479951e-13,9.999999999999937828e-01,4.431627976415960513e-01,9.999999999998231415e-01,2.999999999999999889e-01,4.429759582858478484e-01,-7.525494110197518127e-01
9.999999999995882183e-01,5.463293259612464855e-12,9.999999999999917843e-01,2.511481885630910127e-01,9.999999999998731015e-01,2.999999999999999889e-01,4.429759597263422943e-01,-7.674609275597042979e-01
9.999999999999871214e-01,3.938490770276131622e-12,9.999999999999570344e-01,6.196439065243936062e-01,9.999999999999409361e-01,2.999999999999999889e-01,4.429759569618857973e-01,-7.388441987613297846e-01
9.999999999980327958e-01,5.457143680806594249e-13,9.999999999999995559e-01,2.026877821082373465e-01,9.999999999998255840e-01,2.999999999999999889e-01,4.429759600898924843e-01,-7.712242774210810170e-01
9.999999999792388294e-01,4.192120852396016087e-12,5.945423162441627607e-01,9.999999991118116993e-01,9.999999999999923395e-01,2.999999999999999889e-01,4.429759496871368274e-01,-5.368831577397831234e-01
9.999999999998178124e-01,1.355643095395748970e-12,8.569615578622820085e-01,9.999999978135323264e-01,9.999999999982118748e-01,2.999999999999999889e-01,4.429759525486891558e-01,-6.484784783792750806e-01
9.999999999964962472e-01,7.778229893275042229e-15,9.999999999999424904e-01,6.994791225084351360e-02,9.999999999996816991e-01,2.999999999999999889e-01,4.429759610857075813e-01,-7.815326220537527346e-01
9.999999999990919486e-01,1.311477251350242608e-13,9.999999999999911182e-01,8.517816665470495652e-01,9.999999999998742117e-01,2.999999999999999889e-01,4.429759552203872963e-01,-7.208167889477506973e-01
9.999999999998709921e-01,1.386260156648117355e-13,9.999999999999827915e-01,2.891510962591438694e-01,9.999999999995156097e-01,2.999999999999999889e-01,4.429759594412442936e-01,-7.645096886444328055e-01
9.999999999993536282e-01,5.180169873348713699e-15,1.743237347638914581e-01,9.999999931454275348e-01,9.999999999998679945e-01,2.999999999999999889e-01,4.429759451048607133e-01,-3.581827435242418423e-01
9.999999999998993028e-01,5.758828984706684813e-12,2.369439213860718429e-01,9.999999989107579701e-01,9.999999999999671374e-01,2.999999999999999889e-01,4.429759457877028850e-01,-3.848123444556000861e-01
9.999999999998803180e-01,2.036403512539451522e-12,5.680786884718362906e-01,9.999999963803490877e-01,9.999999999996981304e-01,2.999999999999999889e-01,4.429759493985640506e-01,-5.256293451381305326e-01
9.999999999946656004e-01,2.062801721512125437e-13,9.999999999999940048e-01,1.537513060409373966e-01,9.999999999997879474e-01,2.999999999999999889e-01,4.429759604570141507e-01,-7.750245980102058452e-01
9.999999999988308241e-01,8.118264023798914853e-12,9.999999999999881206e-01,8.253463453608904654e-01,9.999999999983045784e-01,2.999999999999999889e-01,4.429759554187052140e-01,-7.228697094565809111e-01
9.999999999998394618e-01,1.743775403062106343e-12,4.840130085649068659e-01,9.999999991863414150e-01,9.999999999999918954e-01,2.999999999999999889e-01,4.429759484818693305e-01,-4.898799218306558734e-01
9.999999999999801270e-01,3.015209775040595165e-12,9.999999999996270761e-01,7.274296505548976111e-01,9.999999999999628075e-01,2.999999999999999889e-01,4.429759561532766732e-01,-7.304737476138180030e-01
9.999999999996945776e-01,3.743027385260753381e-13,9.999999999999975575e-01,7.925860540592486458e-01,9.999999999999767963e-01,2.999999999999999889e-01,4.429759556644730645e-01,-7.254138160115687350e-01
9.999999999971460607e-01,2.077896234643304855e-14,9.999999999999424904e-01,3.015394564554074730e-02,9.999999999999500400e-01,2.999999999999999889e-01,4.429759613842420563e-01,-7.846229514517107928e-01
9.999999999999586997e-01,8.547062742112905264e-13,9.999999999999981126e-01,8.041394186268117084e-01,9.999999999999673594e-01,2.999999999999999889e-01,4.429759555777996738e-01,-7.245166020568182264e-01
9.999999999998009370e-01,2.834813547284941545e-13,9.999999999999987788e-01,3.010173080860978345e-01,9.999999999998255840e-01,2.999999999999999889e-01,4.429759593522239469e-01,-7.635881795211642009e-01
9.999999999996059818e-01,2.012617702952535011e-12,5.159555686791849061e-01,9.999999996208893682e-01,9.999999999999910072e-01,2.999999999999999889e-01,4.429759488301871495e-01,-5.034636827009834059e-01
9.999999999999673594e-01,8.053325855582265446e-11,1.525335748692752680e-01,9.999999989325829564e-01,9.999999999999791278e-01,2.999999999999999889e-01,4.429759448672497268e-01,-3.489163498681627784e-01
9.999999999986722843e-01,1.036396804455160324e-13,9.999999999999445999e-01,2.282715294355530111e-01,9.999999999997778444e-01,2.999999999999999889e-01,4.429759598979630675e-01,-7.692374886387040034e-01
9.999999999994896305e-01,3.778851731715267070e-13,4.233016923726062863e-02,9.999999993837255241e-01,9.999999999999885647e-01,2.999999999999999889e-01,4.429759436655359983e-01,-3.020517056847750181e-01
9.999999999996961320e-01,2.481038050981139385e-13,6.782937882487652947e-01,9.999999997233196547e-01,9.999999999999333866e-01,2.999999999999999889e-01,4.429759506004052882e-01,-5.724989620301069726e-01
9.999999999995415889e-01,6.698289572546625403e-13,6.990989834247931523e-01,9.999999977797653372e-01,9.999999999998572253e-01,2.999999999999999889e-01,4.429759508272756996e-01,-5.813464933687294556e-01
9.999999999999763522e-01,9.706818383834728284e-13,9.999999999999930056e-01,6.972033241737065623e-01,9.999999999999871214e-01,2.999999999999999889e-01,4.429759563800347300e-01,-7.328210709136061540e-01
9.999999999999956701e-01,1.843671966634796063e-13,1.967412588323537992e-01,9.999999966134917040e-01,9.999999999999992228e-01,2.999999999999999889e-01,4.429759453493127275e-01,-3.677159267543922416e-01
9.999999999996408429e-01,3.046259255865712771e-13,6.854955417310761856e-01,9.999999987178207483e-01,9.999999999999881206e-01,2.999999999999999889e-01,4.429759506789368584e-01,-5.755615499857843487e-01
9.999999999994485522e-01,1.427504620996144094e-12,9.999999999999985567e-01,7.818862100733716680e-01,9.999999999999821254e-01,2.999999999999999889e-01,4.429759557447432994e-01,-7.262447470606595568e-01
9.999999999999171774e-01,3.942231394214008390e-12,9.999999999999584777e-01,3.737441524431105999e-01,9.999999999997029043e-01,2.999999999999999889e-01,4.429759588066268239e-01,-7.579403408092201255e-01
9.999999999983656407e-01,9.987629420276979975e-01,9.999999999999790168e-01,5.847666224460941283e-12,9.999999999999920064e-01,2.999999999999999889e-01,4.429759695260505614e-01,-7.871115580287711966e-01
9.999999999995596855e-01,8.329341747059576415e-13,4.295029328221429132e-01,9.999999989172434489e-01,9.999999999998531175e-01,2.999999999999999889e-01,4.429759478874638612e-01,-4.666991926574045602e-01
9.999999999998880895e-01,1.386260156648117355e-13,9.999999999999827915e-01,2.768166616748894415e-01,9.999999999995156097e-01,2.999999999999999889e-01,4.429759595337772748e-01,-7.654675591217195985e-01
9.999999999998924194e-01,2.502403058378239455e-12,1.189683685081623643e-01,9.999999961227455936e-01,9.999999999999693578e-01,2.999999999999999889e-01,4.429759445012377839e-01,-3.346425493553203401e-01
9.999999999993183231e-01,1.468783772473891204e-10,9.999999999999455991e-01,1.534504888346140128e-02,9.999999999997055689e-01,2.999999999999999889e-01,4.429759614953384661e-01,-7.857729843062021269e-01
9.999999999994485522e-01,1.427504620996144094e-12,1.000000000000000000e+00,7.443085398801732033e-01,9.999999999999912292e-01,2.999999999999999889e-01,4.429759560266511853e-01,-7.291629627809607106e-01
9.999999999992945643e-01,3.145577278539758937e-13,7.446205522505421337e-01,9.999999993442855173e-01,9.999999999999767963e-01,2.999999999999999889e-01,4.429759513236659063e-01,-6.007048071927542088e-01
9.999999999998210320e-01,2.988976894510200380e-09,8.623045016178565447e-01,9.999999977558421405e-01,9.999999999996181943e-01,2.999999999999999889e-01,4.429759526069513287e-01,-6.507505965311636276e-01
9.999999999445745580e-01,7.292513042783597714e-14,9.999999999999492628e-01,8.150719960241443740e-01,9.999999999997560840e-01,2.999999999999999889e-01,4.429759554957833911e-01,-7.236675973402669770e-01
9.999999999999978906e-01,2.441882862849928224e-12,5.351972223530749861e-01,9.999999968920235682e-01,9.999999999995944355e-01,2.999999999999999889e-01,4.429759490400079214e-01,-5.116463089129036357e-01
9.999999999999705791e-01,9.102041761656839681e-13,6.400210437138931230e-01,9.999999932489858079e-01,9.999999999999852340e-01,2.999999999999999889e-01,4.429759501830599633e-01,-5.562232536030119467e-01
9.999999999981442622e-01,1.162145994705041168e-12,6.167093849936917671e-01,9.999999962840995238e-01,9.999999999999756861e-01,2.999999999999999889e-01,4.429759499288578040e-01,-5.463098338661652731e-01
9.999999999995373701e-01,6.305059710759319197e-12,1.036116319540400510e-01,9.999999983074434606e-01,9.999999999999619194e-01,2.999999999999999889e-01,4.429759443337801250e-01,-3.281120069603468137e-01
9.999999999988705701e-01,4.545399548077447415e-12,1.925094642182990645e-01,9.999999994185637675e-01,9.999999999999680256e-01,2.999999999999999889e-01,4.429759453031670846e-01,-3.659163310747423070e-01
9.999999999996634914e-01,3.474511449983601421e-14,9.999999999999289457e-01,7.561951260657647778e-01,9.999999999999336087e-01,2.999999999999999889e-01,4.429759559374779609e-01,-7.282398714207979351e-01
9.999999999982204235e-01,6.350816904212149104e-13,9.999999999999813483e-01,4.687123712497976991e-01,9.999999999998182565e-01,2.999999999999999889e-01,4.429759580941748376e-01,-7.505652761077538093e-01
9.999999999984771071e-01,1.664757214429084823e-12,8.439932175730109343e-01,9.999999994349405563e-01,9.999999999999840128e-01,2.999999999999999889e-01,4.429759524072757748e-01,-6.429636155374333084e-01
9.999999999981553644e-01,2.575180706762787904e-12,6.623849009522927433e-01,9.999999986541076025e-01,9.999999999995966560e-01,2.999999999999999889e-01,4.429759504269267234e-01,-5.657336145479771039e-01
9.999999999973434583e-01,8.215381763368364640e-13,6.894653399941088612e-01,9.999999976745718167e-01,9.999999999999370504e-01,2.999999999999999889e-01,4.429759507222255643e-01,-5.772497300450779578e-01
9.999999999995536903e-01,1.856923754100848328e-13,9.241282907455431461e-01,9.999999995178634471e-01,9.999999999999297229e-01,2.999999999999999889e-01,4.429759532811091693e-01,-6.770415250703391008e-01
9.999999999994967359e-01,8.196272241470550396e-13,9.999999999999987788e-01,1.035073515175685549e-01,9.999999999999347189e-01,2.999999999999999889e-01,4.429759608339445265e-01,-7.789264550742521775e-01
9.999999999999346079e-01,1.299455756124231764e-13,9.999999999999978906e-01,4.050917045794691917e-01,9.999999999999885647e-01,2.999999999999999889e-01,4.429759585714573844e-01,-7.555059450911000285e-01
9.999999999999570344e-01,6.697159452910919859e-14,9.999999999999995559e-01,5.284098313424402393e-01,9.999999999999695799e-01,2.999999999999999889e-01,4.429759576463242476e-01,-7.459292764414807708e-01
9.999999999998807620e-01,3.047747023849317161e-12,4.592917595802801789e-01,9.999999966067816271e-01,9.999999999999988898e-01,2.999999999999999889e-01,4.429759482122962999e-01,-4.793670660081624790e-01
9.999999999977499110e-01,6.072932845436946688e-12,9.999999999999854561e-01,5.621589232248063173e-01,9.999999999976566523e-01,2.999999999999999889e-01,4.429759573931383865e-01,-7.433083813741158119e-01
9.999999999998850919e-01,1.485500917998321031e-12,9.588828201496768511e-02,9.999999997679137609e-01,9.999999999979689580e-01,2.999999999999999889e-01,4.429759442495607713e-01,-3.248276070180363684e-01
9.999999999998606670e-01,1.857297843520978750e-13,9.999999999999987788e-01,2.388957039553575301e-01,9.999999999998229194e-01,2.999999999999999889e-01,4.429759598182604896e-01,-7.684124339466037457e-01
9.999999999995701216e-01,4.739596926367923646e-12,9.999999999999810152e-01,3.931994448110910922e-01,9.999999999999454880e-01,2.999999999999999889e-01,4.429759586606731303e-01,-7.564294770506697629e-01
9.999999999999442668e-01,7.567435296219383962e-13,2.145145708386053673e-01,9.999999965091873610e-01,9.999999999998345768e-01,2.999999999999999889e-01,4.429759455431219184e-01,-3.752741318630027356e-01
9.999999999998157030e-01,3.133536179995119282e-11,1.478222815906056753e-01,9.999999950600940712e-01,9.999999999999579225e-01,2.999999999999999889e-01,4.429759448158754331e-01,-3.469128450890636151e-01
9.999999999995394795e-01,2.129411289961979346e-12,3.356681498524034801e-02,9.999999957475257384e-01,9.999999999999661382e-01,2.999999999999999889e-01,4.429759435699759940e-01,-2.983250382091592323e-01
9.999999999996871392e-01,5.096343334200145487e-12,9.999999999999473754e-01,4.155898967650740183e-01,9.999999999999241718e-01,2.999999999999999889e-01,4.429759584926998839e-01,-7.546906739654849483e-01
9.999999999999945599e-01,5.277749423427308193e-13,9.999999999999992228e-01,6.336854704785225278e-01,9.999999999999424904e-01,2.999999999999999889e-01,4.429759568565458938e-01,-7.377537556221530624e-01
9.999999999998990807e-01,1.149959652018628504e-11,2.162035390117231226e-02,9.999999983265641657e-01,9.999999999977693399e-01,2.999999999999999889e-01,4.429759434397056994e-01,-2.932447354153230323e-01
9.999999999991179278e-01,7.205302146116974324e-12,2.507377583219869699e-01,9.999999994191642871e-01,9.999999999990115684e-01,2.999999999999999889e-01,4.429759459381178988e-01,-3.906782544182291206e-01
9.999999999990047961e-01,1.690429724813383066e-12,2.885134223681249388e-01,9.999999960730873161e-01,9.999999999999541478e-01,2.999999999999999889e-01,4.429759463500428929e-01,-4.067425772168146159e-01
9.999999999993678390e-01,7.859207653211818573e-15,9.999999999999965583e-01,6.061995517132887645e-01,9.999999999997238875e-01,2.999999999999999889e-01,4.429759570627453957e-01,-7.398882636897640142e-01
9.999999999999666933e-01,1.597902416448182810e-12,9.595255274948332191e-01,9.999999976520093092e-01,9.999999999999759082e-01,2.999999999999999889e-01,4.429759536670985764e-01,-6.920944076064098338e-01
9.999999999999249489e-01,2.345364439238492755e-11,9.629238604400747192e-01,9.999999980924955123e-01,9.999999999999420464e-01,2.999999999999999889e-01,4.429759537041557116e-01,-6.935395685751265527e-01
9.999999999998059330e-01,3.198251396891933501e-13,4.045360207174176215e-01,9.999999958727271432e-01,9.999999999999903411e-01,2.999999999999999889e-01,4.429759476152120290e-01,-4.560818671903433819e-01
9.999999999996389555e-01,1.316241027493809233e-12,4.093305250104670168e-01,9.999999974470918929e-01,9.999999999999691358e-01,2.999999999999999889e-01,4.429759476674937080e-01,-4.581207581194767231e-01
9.999999999982230880e-01,1.707226220306306471e-14,3.608013440329912447e-01,9.999999958978824655e-01,9.999999999996443956e-01,2.999999999999999889e-01,4.429759471383069580e-01,-4.374834395985097713e-01
9.999999999999172884e-01,3.732238421022225919e-13,2.324077208128286776e-01,9.999999994324103580e-01,9.999999999999903411e-01,2.999999999999999889e-01,4.429759457382378973e-01,-3.828832985340161477e-01
9.999999999995433653e-01,1.597902416448182810e-12,4.631976944861537770e-01,9.999999979307762077e-01,9.999999999999759082e-01,2.999999999999999889e-01,4.429759482548886185e-01,-4.810280876170943687e-01
9.999999999977605691e-01,2.062801721512125437e-13,9.999999999999940048e-01,1.403581921299738577e-01,9.999999999996562750e-01,2.999999999999999889e-01,4.429759605574893344e-01,-7.760646836607975052e-01
9.999999999999970024e-01,1.604661920896608256e-12,2.921305167650906087e-02,9.999999992484648326e-01,9.999999999999746869e-01,2.999999999999999889e-01,4.429759435225003039e-01,-2.964735745732111072e-01
9.999999999949920060e-01,2.696969273225916350e-13,7.835483080779820364e-02,9.999999955483845904e-01,9.999999999999771294e-01,2.999999999999999889e-01,4.429759440583672103e-01,-3.173714044563126224e-01
9.999999999994771960e-01,4.887091856458279869e-13,9.999999999996880273e-01,7.143105395212161479e-01,9.999999999999473754e-01,2.999999999999999889e-01,4.429759562516962790e-01,-7.314925546832610204e-01
9.999999999992715827e-01,6.972244085943795511e-13,3.805103131413015149e-01,9.999999992975274754e-01,9.999999999999928946e-01,2.999999999999999889e-01,4.429759473532235425e-01,-4.458647939629091228e-01
9.999999999997801758e-01,1.172215703025239787e-12,1.143229539460732802e-01,9.999999976035541804e-01,9.999999999998548939e-01,2.999999999999999889e-01,4.429759444505818045e-01,-3.326670594706203632e-01
9.999999999998095968e-01,3.432593534722625518e-13,3.997793163646778947e-01,9.999999987138299407e-01,9.999999999999529265e-01,2.999999999999999889e-01,4.429759475633425203e-01,-4.540590505649205744e-01
9.999999999992715827e-01,3.884242271809660825e-13,3.352798410732364953e-01,9.999999994037863660e-01,9.999999999999928946e-01,2.999999999999999889e-01,4.429759468600075745e-01,-4.266302706122137023e-01
9.999999999999705791e-01,1.031292067981487540e-13,6.479906757648914439e-01,9.999999933823453535e-01,9.999999999998773204e-01,2.999999999999999889e-01,4.429759502699648910e-01,-5.596123863314844682e-01
9.999999999974600318e-01,9.391472811163478660e-13,3.897614415532714149e-01,9.999999984004173115e-01,9.999999999999960032e-01,2.999999999999999889e-01,4.429759474541025144e-01,-4.497988906105624407e-01
9.999999999999904521e-01,5.062682770132261793e-12,4.979590056498949813e-01,9.999999995211475978e-01,9.999999999999600320e-01,2.999999999999999889e-01,4.429759486339435171e-01,-4.958105388022512328e-01
9.999999999809459084e-01,2.123748216629148183e-11,5.602071016583592966e-01,9.999999990544644612e-01,9.999999999998190336e-01,2.999999999999999889e-01,4.429759493127282677e-01,-5.222819065023233120e-01
9.999999999999656941e-01,9.915790144300388916e-13,6.819391242918688700e-01,9.999999931293682698e-01,9.999999999999852340e-01,2.999999999999999889e-01,4.429759506401559355e-01,-5.740491630593907990e-01
9.999999999997468692e-01,1.991161618438299115e-13,2.518345999509835620e-02,9.999999977279669938e-01,9.999999999999137357e-01,2.999999999999999889e-01,4.429759434785596195e-01,-2.947599672113986324e-01
9.999999999999658051e-01,8.494244025994671221e-13,6.746597081270043761e-01,9.999999987178207483e-01,9.999999999999600320e-01,2.999999999999999889e-01,4.429759505607774872e-01,-5.709535482365525327e-01
9.999999999999462652e-01,4.750386556391749745e-13,6.715956861623069152e-01,9.999999994107258150e-01,9.999999999999957812e-01,2.999999999999999889e-01,4.429759505273658249e-01,-5.696505548837328403e-01
9.999999999999743538e-01,3.163115833084222211e-11,8.255105751868130337e-02,9.999999956585950978e-01,9.999999999999230615e-01,2.999999999999999889e-01,4.429759441041249968e-01,-3.191558744506758361e-01
9.999999999996894706e-01,2.631423988835056977e-13,8.732078933046588665e-01,9.999999979569283992e-01,9.999999999999503730e-01,2.999999999999999889e-01,4.429759527258473883e-01,-6.553873277351213167e-01
9.999999999992493782e-01,5.062682770132261793e-12,5.106746490903774083e-01,9.999999988752942270e-01,9.999999999989798161e-01,2.999999999999999889e-01,4.429759487726013245e-01,-5.012179407516718088e-01
9.999999999994987343e-01,5.033556316308211407e-13,9.999999999996348476e-01,7.689017350186787558e-01,9.999999999999986677e-01,2.999999999999999889e-01,4.429759558421529353e-01,-7.272530985373021339e-01
9.999999999999490408e-01,2.727215490376600133e-12,9.999999999999998890e-01,3.839179903456433895e-01,9.999999999997778444e-01,2.999999999999999889e-01,4.429759587303026547e-01,-7.571502584657924251e-01
9.999999999999239497e-01,4.065168963452126730e-14,9.999999999999987788e-01,2.152527658140985789e-01,9.999999999998229194e-01,2.999999999999999889e-01,4.429759599956298866e-01,-7.702485029043159015e-01
9.999999999996557198e-01,5.591856401006991327e-13,9.999999999999434896e-01,5.855814470389103521e-02,9.999999999996289635e-01,2.999999999999999889e-01,4.429759611711536205e-01,-7.824171313521613991e-01
9.999999999922344340e-01,2.197122910525377098e-13,6.072945922117768403e-01,9.999999963487087307e-01,9.999999999998295808e-01,2.999999999999999889e-01,4.429759498261941486e-01,-5.423061380503634288e-01
9.999999999999881206e-01,8.413051136234826600e-11,9.999999999999997780e-01,9.541895192626350664e-01,9.999999999998755440e-01,2.999999999999999889e-01,4.429759544521231218e-01,-7.128639753728495121e-01
9.999999999990846211e-01,1.881659112637188565e-12,4.392339794840088851e-01,9.999999994025009498e-01,9.999999999999897859e-01,2.999999999999999889e-01,4.429759479935760913e-01,-4.708373772469461871e-01
9.999999999999859002e-01,1.448680601551891183e-12,4.679492966074163540e-01,9.999999995837117739e-01,9.999999999999719114e-01,2.999999999999999889e-01,4.429759483067024495e-01,-4.830487341401040746e-01
9.999999999999514833e-01,6.248191747814151862e-13,2.838598044385570174e-01,9.999999983317579000e-01,9.999999999999652500e-01,2.999999999999999889e-01,4.429759462992974295e-01,-4.047635987428149784e-01
9.999999999974662490e-01,2.917374121265152788e-13,3.854008810311790323e-01,9.999999990019490248e-01,9.999999999999918954e-01,2.999999999999999889e-01,4.429759474065527725e-01,-4.479445366446078713e-01
9.999999999998014921e-01,3.309028916155480123e-13,4.141513815505994955e-01,9.999999958837446634e-01,9.999999999999925615e-01,2.999999999999999889e-01,4.429759477200627682e-01,-4.601708557399101229e-01
9.999999999999767963e-01,4.973882704111973542e-14,8.316790645476157540e-01,9.999979984769769015e-01,9.999999999998741007e-01,2.999999999999999889e-01,4.429759522730110088e-01,-6.377271051811980174e-01
9.999999999965016872e-01,5.181634208928081859e-12,6.257318218842192747e-01,9.999999998122655054e-01,9.999999999998107070e-01,2.999999999999999889e-01,4.429759500272429928e-01,-5.501466777603031266e-01
9.999999999998322453e-01,2.988976894510200380e-09,9.009638562773506498e-01,9.999999977611867541e-01,9.999999999999391598e-01,2.999999999999999889e-01,4.429759530285125035e-01,-6.671907136823932438e-01
9.999999999999658051e-01,3.085813775141347227e-12,9.287689863322285966e-01,9.999999987178207483e-01,9.999999999999600320e-01,2.999999999999999889e-01,4.429759533317136899e-01,-6.790150081294133999e-01
9.999999999990735189e-01,3.020984527442880135e-13,9.999999999999562572e-01,1.703910165863585791e-01,9.999999999999976685e-01,2.999999999999999889e-01,4.429759603321829498e-01,-7.737323873797637974e-01
9.999999999926241223e-01,8.260949829459910269e-11,3.301139042161656545e-01,9.999999984740660652e-01,9.999999999997212230e-01,2.999999999999999889e-01,4.429759468036755798e-01,-4.244334257572229818e-01
9.999999999999362732e-01,4.906475125805343048e-13,6.678499000409379160e-01,9.999999972898074851e-01,9.999999999999946709e-01,2.999999999999999889e-01,4.429759504865198871e-01,-5.680576375466107608e-01
9.999999999997083444e-01,6.363193008105194615e-01,9.999999999998699929e-01,8.887335312124378106e-14,9.999999999999998890e-01,2.999999999999999889e-01,4.429759666535406093e-01,-7.870582475737138983e-01
9.999999999998773204e-01,7.637580617470403301e-13,5.723437555843825519e-01,9.999999963803490877e-01,9.999999999996981304e-01,2.999999999999999889e-01,4.429759494450725144e-01,-5.274430899253875760e-01
9.999999999927429162e-01,1.416604624480555300e-13,5.618650732663457714e-02,9.999999985519109069e-01,9.999999999997171152e-01,2.999999999999999889e-01,4.429759438166325780e-01,-3.079441947338078522e-01
9.999999999996896927e-01,2.631406346339476086e-13,4.887687960427532508e-01,9.999999976983625638e-01,9.999999999994170219e-01,2.999999999999999889e-01,4.429759485337288472e-01,-4.919023484438459493e-01
9.999999999998919753e-01,3.100118853549398954e-12,1.075056101521714991e-01,9.999999959409588968e-01,9.999999999998708811e-01,2.999999999999999889e-01,4.429759443762420479e-01,-3.297679441947364287e-01
9.999999999994610977e-01,1.038117445799654726e-11,2.007907889189203543e-01,9.999999953332859848e-01,9.999999999999483746e-01,2.999999999999999889e-01,4.429759453934708491e-01,-3.694380132580573628e-01
9.999999999996210809e-01,4.454897044588490167e-14,3.558830759336826244e-01,9.999992274282348825e-01,9.999999999999479305e-01,2.999999999999999889e-01,4.429759470846814651e-01,-4.353919769412196716e-01
9.999999999998713252e-01,1.139698048453577853e-11,8.091607910935140202e-01,9.999999958843213133e-01,9.999999999999062972e-01,2.999999999999999889e-01,4.429759520274453855e-01,-6.281509222999025477e-01
9.999999999999620304e-01,7.938387699713004222e-11,1.653853732314204961e-01,9.999999999471851364e-01,9.999999999999787947e-01,2.999999999999999889e-01,4.429759450073922356e-01,-3.543816523667285834e-01
9.999999999990915045e-01,9.636574049704479951e-13,9.999999999999937828e-01,5.432968472152198691e-01,9.999999999998231415e-01,2.999999999999999889e-01,4.429759575346417511e-01,-7.447731769941480229e-01
9.999999999973144815e-01,8.441220129021843544e-13,6.054469161206149641e-02,9.999999982799626652e-01,9.999999999999624745e-01,2.999999999999999889e-01,4.429759438641563962e-01,-3.097975381657013250e-01
9.999999999998139266e-01,7.110427291342746775e-13,7.616354223897000564e-01,9.999999974759560262e-01,9.999999999999743538e-01,2.999999999999999889e-01,4.429759515092047129e-01,-6.079404805886180485e-01
9.999999999999826805e-01,3.137384740258579907e-12,5.863914226740075675e-01,9.999999976128153278e-01,9.999999999996143085e-01,2.999999999999999889e-01,4.429759495982553696e-01,-5.334169425924503161e-01
9.999999999982439602e-01,7.772109514807399529e-13,9.999999999999810152e-01,3.234511358899738176e-01,9.999999999999805711e-01,2.999999999999999889e-01,4.429759591839252386e-01,-7.618460079439334232e-01
9.999999999990774047e-01,1.356068284228617748e-10,9.999999999999452660e-01,9.321200268286289337e-01,9.999999999999699130e-01,2.999999999999999889e-01,4.429759546176885721e-01,-7.145778533065957339e-01
9.999999999999498179e-01,1.838996373147475115e-13,8.356159198545857203e-01,9.999999958432443936e-01,9.999999999999545919e-01,2.999999999999999889e-01,4.429759523159255141e-01,-6.394011208628317400e-01
9.999999999998890887e-01,2.960975199831376149e-12,5.049966051506510345e-02,9.999999964916951312e-01,9.999999999999596989e-01,2.999999999999999889e-01,4.429759437546202938e-01,-3.055258299566044888e-01
9.999999999991801003e-01,2.920961327619738013e-13,7.850688738735219774e-01,9.999999989216921126e-01,9.999999999999438227e-01,2.999999999999999889e-01,4.429759517647349210e-01,-6.179056930636944722e-01
9.999999999980327958e-01,5.803849547343682629e-13,9.999999999999995559e-01,9.791887247899140334e-01,9.999999999998255840e-01,2.999999999999999889e-01,4.429759542645789749e-01,-7.109225810769089771e-01
9.999999999999181766e-01,3.149110847104206055e-12,2.554750842109283493e-01,9.999999958362201236e-01,9.999999999999558131e-01,2.999999999999999889e-01,4.429759459897761320e-01,-3.926928302958024863e-01
9.999999999998036015e-01,3.045675825004917056e-13,6.434766274790482132e-02,9.999999931680104703e-01,9.999999999998624434e-01,2.999999999999999889e-01,4.429759439056259462e-01,-3.114147743275782476e-01
9.999999999996374012e-01,1.339977367568515724e-11,7.355684512788136509e-01,9.999999926410978457e-01,9.999999999999852340e-01,2.999999999999999889e-01,4.429759512249572539e-01,-5.968553487206679220e-01
9.999999999997091216e-01,3.459776219387452082e-13,4.181818310878772094e-01,9.999999974943093450e-01,9.999999999999953371e-01,2.999999999999999889e-01,4.429759477640128340e-01,-4.618848279026485093e-01
9.999999999996357358e-01,3.931731088990916386e-12,1.107817330990796961e-01,9.999999961053698261e-01,9.999999999999512612e-01,2.999999999999999889e-01,4.429759444119665268e-01,-3.311611346664627975e-01
9.999999999999374944e-01,7.878527364781137590e-13,9.999999999999823475e-01,4.301527753774515572e-01,9.999999999996928013e-01,2.999999999999999889e-01,4.429759583834491088e-01,-7.535597464474613760e-01
9.999999999999630296e-01,4.805704916666102444e-13,7.489175657280283671e-01,9.999999990470923583e-01,9.999999999999865663e-01,2.999999999999999889e-01,4.429759513705227580e-01,-6.025321373818929294e-01
9.999999999999955591e-01,5.291894471046891069e-13,1.591215605449073367e-01,9.999999987178207483e-01,9.999999999999998890e-01,2.999999999999999889e-01,4.429759449390884840e-01,-3.517179294051421268e-01
9.999999999984704457e-01,2.030491283010091605e-13,8.038944148686022473e-01,9.999999977112999927e-01,9.999999999999764633e-01,2.999999999999999889e-01,4.429759519700181558e-01,-6.259113648026563004e-01
9.999999999995596855e-01,8.274036892799562586e-13,7.260739053895020056e-01,9.999999994412176463e-01,9.999999999999600320e-01,2.999999999999999889e-01,4.429759511214239054e-01,-5.928177369050672274e-01
9.999999999999362732e-01,6.045747793977566657e-13,4.797882809432457707e-01,9.999999994468514730e-01,9.999999999999965583e-01,2.999999999999999889e-01,4.429759484358007371e-01,-4.880833316276663725e-01
9.999999999998857581e-01,8.214889729321144859e-13,9.999999999999823475e-01,3.431595518441896697e-01,9.999999999999744649e-01,2.999999999999999889e-01,4.429759590360726196e-01,-7.603154870534930554e-01
9.999999999994485522e-01,1.312986289079635796e-13,9.999999999999567013e-01,6.833341894480571277e-01,9.999999999997001288e-01,2.999999999999999889e-01,4.429759564840810016e-01,-7.338981235020421989e-01
9.999999999990387689e-01,2.940632154592072866e-13,3.510271556004415094e-01,9.999999963520885826e-01,9.999999999999072964e-01,2.999999999999999889e-01,4.429759470317242709e-01,-4.333269086460159736e-01
9.999999999997006839e-01,3.389778518930236894e-13,7.119427575145593767e-01,9.999999973311118895e-01,9.999999999999849010e-01,2.999999999999999889e-01,4.429759509673307227e-01,-5.868083836130485453e-01
9.999999999997346567e-01,2.960975199831376149e-12,6.760184942041579104e-02,9.999999964916951312e-01,9.999999999999596989e-01,2.999999999999999889e-01,4.429759439411112276e-01,-3.127986360245021968e-01
9.999999999997459810e-01,3.101836778522281859e-12,2.926948312756925130e-01,9.999999958451256665e-01,9.999999999998738787e-01,2.999999999999999889e-01,4.429759463956390864e-01,-4.085207458799672287e-01
9.999999999996120881e-01,4.407393817643719892e-13,2.762022474672795602e-01,9.999999979975698894e-01,9.999999999999868994e-01,2.999999999999999889e-01,4.429759462157955574e-01,-4.015071777852287083e-01
9.999999999991494581e-01,3.457522742111979795e-13,5.907671172378416991e-01,9.999999934096085452e-01,9.999999999999843459e-01,2.999999999999999889e-01,4.429759496459702017e-01,-5.352777326779404321e-01
9.999999999999498179e-01,2.134315697697766755e-13,7.889141579800862392e-01,9.999999972212653132e-01,9.999999999998347988e-01,2.999999999999999889e-01,4.429759518066658242e-01,-6.195409227994562729e-01
9.999999999999503730e-01,5.358849860273959484e-14,2.228456691998456640e-01,9.999999997511045402e-01,9.999999999999533706e-01,2.999999999999999889e-01,4.429759456339684154e-01,-3.788169800178650126e-01
9.999999999999620304e-01,9.252825765888800079e-13,1.827601829900086239e-01,9.999999994185637675e-01,9.999999999999924505e-01,2.999999999999999889e-01,4.429759451968560136e-01,-3.617703920917373361e-01
9.999999999999386047e-01,8.101023487095940994e-14,3.427008806655206241e-01,9.999999997585242717e-01,9.999999999999533706e-01,2.999999999999999889e-01,4.429759469409303430e-01,-4.297861111654034394e-01
9.999999999998950839e-01,6.529475953744613359e-13,6.939052149911846268e-01,9.999999957801812833e-01,9.999999999999596989e-01,2.999999999999999889e-01,4.429759507706402255e-01,-5.791378130571994687e-01
9.999999999990293320e-01,5.138612944471023548e-13,9.999999999999992228e-01,6.544786753733452533e-01,9.999999999999419353e-01,2.999999999999999889e-01,4.429759567005552290e-01,-7.361389919314570429e-01
9.999999999999362732e-01,1.539797288732491046e-12,8.260058655080199097e-01,9.999999997781566785e-01,9.999999999998734346e-01,2.999999999999999889e-01,4.429759522111325620e-01,-6.353143886216831016e-01
9.999999999999080735e-01,1.547043728920211648e-12,2.418304755999425848e-01,9.999999991761966411e-01,9.999999999999468203e-01,2.999999999999999889e-01,4.429759458409883721e-01,-3.868903802543618431e-01
9.999999999998353539e-01,8.860159925400496417e-13,8.678682185135865312e-01,9.999999982346398086e-01,9.999999999999438227e-01,2.999999999999999889e-01,4.429759526676208536e-01,-6.531165997133855372e-01
9.999999999985116350e-01,1.263372759403996331e-13,8.211336902189267928e-01,9.999999997643371774e-01,9.999999999999655831e-01,2.999999999999999889e-01,4.429759521580038939e-01,-6.332424675253641722e-01
9.999999999997450928e-01,1.438822063661113981e-10,9.999999999999455991e-01,9.119867821511908890e-01,9.999999999997055689e-01,2.999999999999999889e-01,4.429759547687282528e-01,-7.161413656473775147e-01
9.999999999999876765e-01,8.824423798956656503e-11,9.757349053851060994e-01,9.999999920726453384e-01,9.999999999999890088e-01,2.999999999999999889e-01,4.429759538438539090e-01,-6.989875409902878145e-01
9.999999999987000399e-01,9.385603875435455389e-13,5.512360268164961941e-01,9.999999992823620509e-01,9.999999999999932276e-01,2.999999999999999889e-01,4.429759492149031308e-01,-5.184669043288298029e-01
9.999999999999273914e-01,4.881471398408791874e-13,7.667499752331463636e-01,9.999999979604751177e-01,9.999999999999994449e-01,2.999999999999999889e-01,4.429759515649763779e-01,-6.101154741240381041e-01
9.999999999995062838e-01,5.867925140383745929e-13,2.971525504380899130e-01,9.999999987617752550e-01,9.999999999999881206e-01,2.999999999999999889e-01,4.429759464442482586e-01,-4.104164168541902802e-01
9.999999999996370681e-01,2.940313873120461547e-11,2.088219721837686893e-01,9.999999987168066706e-01,9.999999999999483746e-01,2.999999999999999889e-01,4.429759454810469621e-01,-3.728533207496719237e-01
9.999999999998095968e-01,9.946531713540334521e-13,3.705701238288330313e-01,9.999999987138299407e-01,9.999999999998288036e-01,2.999999999999999889e-01,4.429759472448306923e-01,-4.416376702434260393e-01
9.999999999992710276e-01,1.139698048453577853e-11,7.927079318444050227e-01,9.999999958843213133e-01,9.999999999999995559e-01,2.999999999999999889e-01,4.429759518480350655e-01,-6.211542474743426689e-01
9.999999999999782396e-01,8.191739534769907801e-11,5.070199020322799788e-01,9.999999950068616528e-01,9.999999999988807842e-01,2.999999999999999889e-01,4.429759487327481482e-01,-4.996637384450729469e-01
9.999999999993762767e-01,1.430079558891642734e-12,6.029073796071382496e-01,9.999999995150671284e-01,9.999999999999603650e-01,2.999999999999999889e-01,4.429759497783537503e-01,-5.404404499308176346e-01
9.999999999998661071e-01,2.676541932162250491e-12,4.486005688850035478e-01,9.999999995871019509e-01,9.999999999999832356e-01,2.999999999999999889e-01,4.429759480957141671e-01,-4.748205742722743095e-01
9.999999999924963356e-01,2.188695112856841960e-13,6.112828204681794997e-01,9.999999963488533927e-01,9.999999999998295808e-01,2.999999999999999889e-01,4.429759498696838049e-01,-5.440021554916355528e-01
9.999999999995536903e-01,1.856923754100848328e-13,8.872579911663027730e-01,9.999999958942076272e-01,9.999999999999297229e-01,2.999999999999999889e-01,4.429759528790567780e-01,-6.613622143581093793e-01
9.999999999997188915e-01,3.459776219387452082e-13,4.429943194470404855e-01,9.999999974943093450e-01,9.999999999999953371e-01,2.999999999999999889e-01,4.429759480345807909e-01,-4.724364840031053392e-01
9.999999999998907541e-01,7.435087960837408987e-13,3.763827655143440198e-01,9.999999981177332131e-01,9.999999999998404610e-01,2.999999999999999889e-01,4.429759473082146570e-01,-4.441095302346164120e-01
9.999999999981601384e-01,5.627904523272291591e-13,7.543912262412552083e-01,9.999999986560947907e-01,9.999999999997860600e-01,2.999999999999999889e-01,4.429759514302102907e-01,-6.048598436268576295e-01
9.999999999988308241e-01,8.118264023798914853e-12,9.999999999999881206e-01,8.364561170789348576e-01,9.999999999999442668e-01,2.999999999999999889e-01,4.429759553353596613e-01,-7.220069441415187805e-01
9.999999999998164801e-01,6.437569979572863734e-14,1.700442199967086565e-01,9.999999994107258150e-01,9.999999999999599209e-01,2.999999999999999889e-01,4.429759450581947089e-01,-3.563628543010411986e-01
9.999999999999082956e-01,1.522062257641981765e-12,2.602774920015337723e-01,9.999999988536263373e-01,9.999999999999305000e-01,2.999999999999999889e-01,4.429759460421439643e-01,-3.947350821216272232e-01
9.999999999999441558e-01,6.659161079866133185e-15,9.999999999999960032e-01,6.693814674761572325e-01,9.999999999999251710e-01,2.999999999999999889e-01,4.429759565887543826e-01,-7.349816673300751946e-01
9.999999999973053777e-01,4.406423945996595355e-14,5.556964634393150027e-01,9.999999963313722651e-01,9.999999999999453770e-01,2.999999999999999889e-01,4.429759492635420015e-01,-5.203637313742596193e-01
9.999999999998350209e-01,3.250749924712120966e-13,9.999999999999987788e-01,9.697317275102405043e-01,9.999999999999348299e-01,2.999999999999999889e-01,4.429759543355254459e-01,-7.116569948388583589e-01
9.999999999998857581e-01,1.605411026814375547e-12,1.315969146212674912e-01,9.999999979522585791e-01,9.999999999979263254e-01,2.999999999999999889e-01,4.429759446389457955e-01,-3.400129124632925715e-01
9.999999999998481215e-01,2.636989704075965268e-13,8.782721523762940796e-01,9.999999963750606513e-01,9.999999999999463762e-01,2.999999999999999889e-01,4.429759527810706587e-01,-6.575409337100820428e-01
9.999999999994866329e-01,1.150981341190208348e-11,9.999999999999913403e-01,2.647846422592167737e-01,9.999999999998907541e-01,2.999999999999999889e-01,4.429759596240415709e-01,-7.664019445700688271e-01
9.999999999998863132e-01,4.427457112898538434e-12,9.999999999999920064e-01,4.964871281160818661e-01,9.999999999999756861e-01,2.999999999999999889e-01,4.429759578858085134e-01,-7.484083373818185558e-01
9.999999999999699130e-01,4.764671955030466227e-13,8.521052237634128002e-01,9.999999971070089311e-01,9.999999999999719114e-01,2.999999999999999889e-01,4.429759524957332384e-01,-6.464132938957120045e-01
9.999999999995596855e-01,8.329341747059576415e-13,4.351059198613596024e-01,9.999999993707080481e-01,9.999999999999887867e-01,2.999999999999999889e-01,4.429759479485616547e-01,-4.690818956993588751e-01
9.999999999999684697e-01,7.551928213447439073e-11,9.999999999999976685e-01,6.431453433526354013e-01,9.999999999999962252e-01,2.999999999999999889e-01,4.429759567855779401e-01,-7.370191185468187856e-01
9.999999999989582777e-01,7.518614543423730166e-12,6.540317112708459169e-01,9.999999931501249995e-01,9.999999999999967804e-01,2.999999999999999889e-01,4.429759503358393635e-01,-5.621813721047433932e-01
9.999999999998736566e-01,5.000948687046802829e-13,3.210814220113097361e-01,9.999999964747373626e-01,9.999999999998809841e-01,2.999999999999999889e-01,4.429759467051808119e-01,-4.205923099156648748e-01
9.999999999999936717e-01,1.389350286398548996e-10,9.999999999999498179e-01,9.207220083593122828e-01,9.999999999999408251e-01,2.999999999999999889e-01,4.429759547031965616e-01,-7.154630033568273317e-01
9.999999999996120881e-01,2.165449893171990852e-13,5.826257563838669329e-01,9.999999979975698894e-01,9.999999999999868994e-01,2.999999999999999889e-01,4.429759495571926609e-01,-5.318155709017281518e-01
9.999999999999649170e-01,4.711636658059699720e-13,9.333868758832750689e-01,9.999999997704354104e-01,9.999999999999984457e-01,2.999999999999999889e-01,4.429759533820694650e-01,-6.809787926447751216e-01
9.999999999998800959e-01,2.823128637413693971e-10,9.510371745809235167e-01,9.999999994554824578e-01,9.999999999999984457e-01,2.999999999999999889e-01,4.429759535745372845e-01,-6.884846856390033354e-01
9.999999999999784617e-01,3.085813775141347227e-12,9.362143479450978356e-01,9.999999987363257237e-01,9.999999999999600320e-01,2.999999999999999889e-01,4.429759534129016907e-01,-6.821811917912196099e-01
9.999999999977614573e-01,9.623447435016691407e-13,9.999999999999887867e-01,9.452010668145833794e-01,9.999999999999872324e-01,2.999999999999999889e-01,4.429759545195545711e-01,-7.135620027672048282e-01
9.999999999996364020e-01,1.314980679901034893e-11,5.269257277659512573e-01,9.999999975147021436e-01,9.999999999999730216e-01,2.999999999999999889e-01,4.429759489498113489e-01,-5.081288073120150406e-01
9.999999999946798113e-01,5.009199448467570960e-15,9.671288116906890941e-01,9.999999993621757621e-01,9.999999999998241407e-01,2.999999999999999889e-01,4.429759537500086441e-01,-6.953277486405265995e-01
9.999999999951165730e-01,3.896095489089735467e-13,3.388846522813228623e-01,9.999999978791823674e-01,9.999999999999471534e-01,2.999999999999999889e-01,4.429759468993162419e-01,-4.281632378246950088e-01
9.999999999998452349e-01,1.201662186883149124e-11,2.052291446299864264e-01,9.999999975477527059e-01,9.999999999999533706e-01,2.999999999999999889e-01,4.429759454418689124e-01,-3.713254498647203805e-01
9.999999999999561462e-01,2.736653459080439019e-12,9.999999999999995559e-01,3.317242804080748342e-01,9.999999999978176346e-01,2.999999999999999889e-01,4.429759591218601078e-01,-7.612035301042302526e-01
9.999999999997775113e-01,3.055552700141535717e-14,9.802588879757332396e-01,9.999999992394756898e-01,9.999999999999925615e-01,2.999999999999999889e-01,4.429759538931856144e-01,-7.009113905458995708e-01
9.999999999999988898e-01,3.112127791798534049e-01,9.999999999999941158e-01,3.297417894287946183e-12,9.999999999999550360e-01,2.999999999999999889e-01,4.429759640769421192e-01,-7.870104288930753755e-01
9.999999999999886757e-01,2.406812995432647159e-12,7.403506577611177475e-01,9.999999988781145266e-01,9.999999999999843459e-01,2.999999999999999889e-01,4.429759512771048180e-01,-5.988890095714177741e-01
9.999999999999537037e-01,2.739574585059612448e-12,7.303113245106332974e-01,9.999999997511045402e-01,9.999999999999810152e-01,2.999999999999999889e-01,4.429759511676308326e-01,-5.946197241983827153e-01
9.999999999999853451e-01,1.047741205009947236e-12,9.999999999999866773e-01,8.656106773232459251e-01,9.999999999999907851e-01,2.999999999999999889e-01,4.429759551166420062e-01,-7.197428523135861456e-01
9.999999999999901190e-01,7.249019880756937827e-13,5.767268281083008929e-01,9.999999831514732040e-01,9.999999999999800160e-01,2.999999999999999889e-01,4.429759494928678931e-01,-5.293070182322633377e-01
9.999999999998379074e-01,3.528704329372727408e-13,9.111211541536304304e-02,9.999999990500179070e-01,9.999999999970831110e-01,2.999999999999999889e-01,4.429759441974790435e-01,-3.227965142336611803e-01
9.999999999997798428e-01,4.680406365224720989e-13,2.191876320160825453e-01,9.999999994075756682e-01,9.999999999999666933e-01,2.999999999999999889e-01,4.429759455940793234e-01,-3.772613782924166825e-01
9.999999999996679323e-01,1.601317812773383124e-10,9.119215874052108983e-01,9.999999991988551828e-01,9.999999999998221423e-01,2.999999999999999889e-01,4.429759531480010892e-01,-6.718505529556396683e-01
9.999999999981417087e-01,9.104299692081108099e-13,5.986175901558441481e-01,9.999999961774336255e-01,9.999999999999620304e-01,2.999999999999999889e-01,4.429759497315757244e-01,-5.386161920835105255e-01
9.999999999999643618e-01,4.686294782017338811e-12,8.828824619810319296e-01,9.999999971134444499e-01,9.999999999999715783e-01,2.999999999999999889e-01,4.429759528313437777e-01,-6.595014948329652738e-01
9.999999999995119460e-01,3.363506627541309013e-13,9.999999999999920064e-01,4.823216453361133804e-01,9.999999999998434586e-01,2.999999999999999889e-01,4.429759579920780066e-01,-7.495084038385634306e-01
9.999999999994674260e-01,8.436040375160634479e-13,9.998729534052073209e-01,9.999999992484648326e-01,9.999999999999547029e-01,2.999999999999999889e-01,4.429759541070673601e-01,-7.092523868274641652e-01
9.999999999999813483e-01,8.123442867848489099e-11,3.246822823004108516e-01,9.999999988044492305e-01,9.999999999998616662e-01,2.999999999999999889e-01,4.429759467444464027e-01,-4.221235966773421167e-01
9.999999999996661559e-01,1.143915587754752761e-12,7.026924456521794760e-01,9.999999963048085139e-01,9.999999999999849010e-01,2.999999999999999889e-01,4.429759508664606327e-01,-5.828746343564369381e-01
9.999999999981553644e-01,6.070426264905125250e-13,6.441856045761508165e-01,9.999999986541076025e-01,9.999999999999897859e-01,2.999999999999999889e-01,4.429759502284724149e-01,-5.579942570979147254e-01
9.999999999995646816e-01,1.754664380233634560e-12,8.391788390616622406e-01,9.999999998122655054e-01,9.999999999996690425e-01,2.999999999999999889e-01,4.429759523547773248e-01,-6.409162728299498957e-01
9.999999999999074074e-01,2.488954280724537437e-10,5.459213052311800984e-01,9.999999993136642340e-01,9.999999999999642508e-01,2.999999999999999889e-01,4.429759491569487118e-01,-5.162067878222550421e-01
9.999999999998140376e-01,7.718116051893988922e-14,1.787862975562244383e-01,9.999999972983006913e-01,9.999999999999428235e-01,2.999999999999999889e-01,4.429759451535227321e-01,-3.600804741843327550e-01
9.999999999999505951e-01,3.024893600258015835e-12,3.942146419725703343e-01,9.999999995370890682e-01,9.999999999999468203e-01,2.999999999999999889e-01,4.429759475026624482e-01,-4.516926401002084868e-01
9.999999999998095968e-01,1.691569710236855520e-12,3.653043141362148916e-01,9.999999987138299407e-01,9.999999999998288036e-01,2.999999999999999889e-01,4.429759471874096244e-01,-4.393983538084030860e-01
9.999999999999007461e-01,2.389209906858512329e-12,7.165910976145750677e-01,9.999999993800389175e-01,9.999999999999767963e-01,2.999999999999999889e-01,4.429759510180185655e-01,-5.887851173249257775e-01
9.999999999999463762e-01,4.207005860007487415e-12,9.999999999999822364e-01,1.873686215073106509e-01,9.999999999997791766e-01,2.999999999999999889e-01,4.429759602048168876e-01,-7.724139364669301289e-01
9.999999999999590328e-01,3.046259255865712771e-13,4.547804083436191025e-03,9.999999987178207483e-01,9.999999999999303890e-01,2.999999999999999889e-01,4.429759432535380070e-01,-2.859845335117200404e-01
9.999999999998907541e-01,7.374214855503153564e-13,3.467993447902292248e-01,9.999999981122721371e-01,9.999999999999059641e-01,2.999999999999999889e-01,4.429759469856220933e-01,-4.315290071826703988e-01
9.999999999997473132e-01,1.991161618438299115e-13,5.308872554725834192e-01,9.999999970782613712e-01,9.999999999999154010e-01,2.999999999999999889e-01,4.429759489930098493e-01,-5.098134702216360337e-01
9.999999999999646949e-01,2.970891229583902524e-12,1.269607857779135041e-01,9.999999985914342915e-01,9.999999999999297229e-01,2.999999999999999889e-01,4.429759445883911240e-01,-3.380413714508533340e-01
9.999999999998309130e-01,8.709347478397147572e-13,3.013439802059090789e-01,9.999999998669065748e-01,9.999999999999942268e-01,2.999999999999999889e-01,4.429759464899537535e-01,-4.121988468427503216e-01
9.999999999998200328e-01,1.522176939794985278e-12,9.988017781624872193e-02,9.999999974915014800e-01,9.999999999999712452e-01,2.999999999999999889e-01,4.429759442930904512e-01,-3.265251842806727867e-01
9.999999999999514833e-01,3.567413668665291677e-13,4.240305732885674694e-01,9.999999991987869041e-01,9.999999999999071854e-01,2.999999999999999889e-01,4.429759478277904838e-01,-4.643720396702465392e-01
9.999999999999990008e-01,1.115356476986948406e-13,1.771488848872301153e-02,9.999999975517540607e-01,9.999999999999080735e-01,2.999999999999999889e-01,4.429759433971185434e-01,-2.915839134187055981e-01
9.999999999993536282e-01,1.610356397225962128e-12,2.450870181294788341e-01,9.999999931454275348e-01,9.999999999999481526e-01,2.999999999999999889e-01,4.429759458764994107e-01,-3.882752445196030466e-01
9.999999999999766853e-01,5.318171245703769363e-12,2.274731637325990152e-01,9.999999993954569177e-01,9.999999999999665823e-01,2.999999999999999889e-01,4.429759456844289955e-01,-3.807848492176414412e-01
9.999999999999630296e-01,1.409702146482169977e-10,7.810407513648869315e-01,9.999999967139222568e-01,9.999999999999897859e-01,2.999999999999999889e-01,4.429759517208102237e-01,-6.161927105293322215e-01
9.999999999998588907e-01,7.755150529981461412e-12,9.163612871121649128e-01,9.999999995974973022e-01,9.999999999999872324e-01,2.999999999999999889e-01,4.429759531964138630e-01,-6.737385612461367357e-01
9.999999999999774625e-01,6.390194122382624256e-12,9.911319287562132541e-01,9.999999975340462255e-01,9.999999999989946931e-01,2.999999999999999889e-01,4.429759540117507721e-01,-7.055352149966808151e-01
9.999999999999875655e-01,4.369256712574750010e-13,4.636551600078331337e-02,9.999999988930445838e-01,9.999999999999930056e-01,2.999999999999999889e-01,4.429759437095394659e-01,-3.037677605849459228e-01
9.999999999995664579e-01,1.869063990687380138e-12,1.356889322371213069e-02,9.999999957475257384e-01,9.999999999999443778e-01,2.999999999999999889e-01,4.429759433519085410e-01,-2.898208047725104874e-01
9.999999999999561462e-01,5.287858724345743068e-13,8.682606773003151424e-02,9.999999958664766986e-01,9.999999999999337197e-01,2.999999999999999889e-01,4.429759441507418738e-01,-3.209738475827456083e-01
9.999999999994485522e-01,3.091639264690403666e-12,9.999999999999612532e-01,3.595330153918315785e-01,9.999999999997001288e-01,2.999999999999999889e-01,4.429759589132388209e-01,-7.590439526967688311e-01
9.999999999982083221e-01,6.513597148276269203e-14,3.077585281330850187e-01,9.999999963007529802e-01,9.999999999999952260e-01,2.999999999999999889e-01,4.429759465599012458e-01,-4.149266712215778918e-01
9.999999999996684874e-01,1.162145994705041168e-12,6.220501518154561982e-01,9.999999992983809038e-01,9.999999999999756861e-01,2.999999999999999889e-01,4.429759499870962181e-01,-5.485810260244258219e-01
9.999999999990681898e-01,2.918942403059770825e-13,7.219789524934644431e-01,9.999999964045133138e-01,9.999999999999066302e-01,2.999999999999999889e-01,4.429759510767704578e-01,-5.910763344218395998e-01
9.999999999998452349e-01,1.201662186883149124e-11,2.685534149279942273e-01,9.999999975477527059e-01,9.999999999999704681e-01,2.999999999999999889e-01,4.429759461323888314e-01,-3.982544669526900671e-01
9.999999999999774625e-01,1.360239078928305507e-12,9.058309238505992678e-01,9.999999953838033528e-01,9.999999999989946931e-01,2.999999999999999889e-01,4.429759530815854385e-01,-6.692604628783233034e-01
9.999999999999630296e-01,4.805704916666102444e-13,7.706829466094424763e-01,9.999999990470923583e-01,9.999999999999865663e-01,2.999999999999999889e-01,4.429759516078634607e-01,-6.117879931683721795e-01
9.999999999995433653e-01,1.597902416448182810e-12,4.765957292572061688e-01,9.999999979307762077e-01,9.999999999999759082e-01,2.999999999999999889e-01,4.429759484009875847e-01,-4.867256804287393157e-01
9.999999999998950839e-01,2.764707858407820246e-14,8.486537542074475970e-01,9.999999920362538930e-01,9.999999999999582556e-01,2.999999999999999889e-01,4.429759524580966779e-01,-6.449455366313304738e-01
9.999999999996327382e-01,5.782834211014578819e-13,8.916834269473579155e-01,9.999999973155183630e-01,9.999999999999850120e-01,2.999999999999999889e-01,4.429759529273139540e-01,-6.632441567511987435e-01
9.999999999999362732e-01,6.045747793977566657e-13,4.730966025097238514e-01,9.999999994377689605e-01,9.999999999999965583e-01,2.999999999999999889e-01,4.429759483628312733e-01,-4.852376561549315293e-01
9.999999999999074074e-01,2.799587557296400632e-12,5.413925329341006121e-01,9.999999993136642340e-01,9.999999999997825073e-01,2.999999999999999889e-01,4.429759491075647149e-01,-5.142809008597680753e-01
9.999999999995664579e-01,1.869063990687380138e-12,7.171161412205528940e-03,9.999999957475257384e-01,9.999999999999443778e-01,2.999999999999999889e-01,4.429759432821444021e-01,-2.871001318225933074e-01
9.999999999980413445e-01,8.322600377583710067e-13,9.999999999999987788e-01,8.511782385901761616e-02,9.999999999999369393e-01,2.999999999999999889e-01,4.429759609719028379e-01,-7.803545534211479007e-01
9.999999999999116262e-01,1.428911759023105455e-12,9.999999999999803491e-01,8.943522227173177352e-01,9.999999999997802869e-01,2.999999999999999889e-01,4.429759549010228170e-01,-7.175108344909860714e-01
9.999999999991893151e-01,1.599936750071394298e-12,7.759594618356545626e-01,9.999999990309805797e-01,9.999999999999459321e-01,2.999999999999999889e-01,4.429759516654012685e-01,-6.140318621962140844e-01
9.999999999999712452e-01,1.720632577204898776e-13,5.208537865251400278e-01,9.999999984566778632e-01,9.999999999989482857e-01,2.999999999999999889e-01,4.429759488835998127e-01,-5.055466786387122768e-01
9.999999999999643618e-01,3.027272320653639262e-12,8.146242011531448224e-01,9.999999971182363945e-01,9.999999999999854561e-01,2.999999999999999889e-01,4.429759520870211742e-01,-6.304742693530026587e-01
9.999999999998342437e-01,4.432232258163418882e-13,9.454165730880420560e-01,9.999980185175852965e-01,9.999999999997873923e-01,2.999999999999999889e-01,4.429759535132622439e-01,-6.860946457475028959e-01
9.999999999998729905e-01,4.247756928139405999e-13,3.173378434671321191e-01,9.999999958470603412e-01,9.999999999998269162e-01,2.999999999999999889e-01,4.429759466643589660e-01,-4.190003312470141905e-01
9.999999999999217293e-01,2.340433247138110957e-11,7.082949650782807138e-01,9.999999950068616528e-01,9.999999999999938938e-01,2.999999999999999889e-01,4.429759509275533746e-01,-5.852571386800390352e-01
9.999999999993092192e-01,3.049342548901252385e-12,9.999999999999920064e-01,3.131404424252362539e-01,9.999999999999756861e-01,2.999999999999999889e-01,4.429759592612761421e-01,-7.626467182484092389e-01
9.999999999994485522e-01,1.427504620996144094e-12,1.000000000000000000e+00,9.932776147453827864e-01,9.999999999999912292e-01,2.999999999999999889e-01,4.429759541588840777e-01,-7.098284626829513000e-01
9.999999999996848077e-01,1.522062257641981765e-12,2.651175976307877935e-01,9.999999988536263373e-01,9.999999999999305000e-01,2.999999999999999889e-01,4.429759460949229122e-01,-3.967933654087006934e-01
9.999999999996420641e-01,2.130995518577950618e-13,7.343100511162731214e-02,9.999999986873913116e-01,9.999999999999945599e-01,2.999999999999999889e-01,4.429759440046752705e-01,-3.152775184764772254e-01
9.999999999985671462e-01,2.310000261749692055e-13,6.344340814077559232e-01,9.999999933823453535e-01,9.999999999999877875e-01,2.999999999999999889e-01,4.429759501221369189e-01,-5.538473651263858821e-01
9.999999999991893151e-01,2.660934548576147166e-13,7.989656554325497151e-01,9.999999977294664610e-01,9.999999999994119149e-01,2.999999999999999889e-01,4.429759519162724257e-01,-6.238153809629841673e-01
9.999999999995536903e-01,1.141529823687245570e-12,9.194894923148804189e-01,9.999999990738677180e-01,9.999999999999297229e-01,2.999999999999999889e-01,4.429759532305253544e-01,-6.750688488840715928e-01
9.999999999999149569e-01,2.450265114729407882e-13,9.999999999999998890e-01,5.909853841142596043e-01,9.999999999999488187e-01,2.999999999999999889e-01,4.429759571768821513e-01,-7.410697691642310625e-01
9.999999999998850919e-01,2.631406346339476086e-13,4.934239670346609041e-01,9.999999987817376201e-01,9.999999999997986055e-01,2.999999999999999889e-01,4.429759485844911859e-01,-4.938819871080489810e-01
9.999999999999593658e-01,4.216022138023929318e-12,4.536697167578794820e-01,9.999999963968263517e-01,9.999999999999636957e-01,2.999999999999999889e-01,4.429759481509907282e-01,-4.769762593637641990e-01
9.999999999999938938e-01,1.684588991527221320e-13,9.408332911078594041e-01,9.999999974257988145e-01,9.999999999998839817e-01,2.999999999999999889e-01,4.429759534632689566e-01,-6.841454245441943582e-01
9.999999999999814593e-01,1.932334865247035398e-14,1.223086824160976305e-01,9.999999993904817863e-01,9.999999999999800160e-01,2.999999999999999889e-01,4.429759445376622029e-01,-3.360630371679723671e-01
9.999999999995459188e-01,8.215381763368364640e-13,6.303727110776785603e-01,9.999999976745718167e-01,9.999999999999370504e-01,2.999999999999999889e-01,4.429759500778496228e-01,-5.521202432566539864e-01
9.999999999999116262e-01,1.547621495641538865e-11,9.999999999999987788e-01,8.798378168386045139e-01,9.999999999999570344e-01,2.999999999999999889e-01,4.429759550099099386e-01,-7.186379977024074384e-01
9.999999999996321831e-01,2.617998359907179573e-09,9.713471230720305272e-01,9.999999999527673378e-01,9.999999999999678035e-01,2.999999999999999889e-01,4.429759537960072380e-01,-6.971216102340275222e-01
9.999999999984742205e-01,3.086273752740377556e-12,2.714608689254713325e-01,9.999999957878914492e-01,9.999999999998682165e-01,2.999999999999999889e-01,4.429759461640931928e-01,-3.994908789426122597e-01
9.999999999998475664e-01,4.748636150837341896e-12,5.016175772934908794e-01,9.999999980823629508e-01,9.999999999997213340e-01,2.999999999999999889e-01,4.429759486738384378e-01,-4.973663679484346956e-01
9.999999999990846211e-01,1.881659112637188565e-12,9.856634224819920131e-01,9.999999994025009498e-01,9.999999999999917843e-01,2.999999999999999889e-01,4.429759539521194167e-01,-7.032097005072909246e-01
9.999999999999252820e-01,8.181592664261395649e-11,7.578714316150109154e-01,9.999999981229199530e-01,9.999999999999175104e-01,2.999999999999999889e-01,4.429759514681602117e-01,-6.063398214003498099e-01
9.999999999998588907e-01,6.943875839370952606e-12,9.566200486305073136e-01,9.999999995843316114e-01,9.999999999999674705e-01,2.999999999999999889e-01,4.429759536354157534e-01,-6.908588355398629366e-01
9.999999999999503730e-01,2.066009298456375861e-14,1.879170278875800515e-01,9.999999980837630531e-01,9.999999999999983347e-01,2.999999999999999889e-01,4.429759452530888653e-01,-3.639633707121402439e-01
9.999999999998773204e-01,7.560095195798156872e-13,5.636385406546230437e-01,9.999999995158080912e-01,9.999999999996981304e-01,2.999999999999999889e-01,4.429759493501464473e-01,-5.237411460111146555e-01
9.999999999995928812e-01,1.187148807311354074e-13,6.575194733657542256e-01,9.999999935184126221e-01,9.999999999999550360e-01,2.999999999999999889e-01,4.429759503738717186e-01,-5.636645633495226404e-01
9.999999999997299938e-01,1.304627921346185754e-11,3.130992947730517617e-01,9.999999992838121132e-01,9.999999999999952260e-01,2.999999999999999889e-01,4.429759466181396599e-01,-4.171978633060055008e-01
9.999999999984640064e-01,8.998448066710002759e-13,8.962635081780642166e-01,9.999999963573742434e-01,9.999999999999765743e-01,2.999999999999999889e-01,4.429759529772575033e-01,-6.651918632134127263e-01
9.999999999995394795e-01,2.129411289961979346e-12,3.765839629304019998e-02,9.999999957475257384e-01,9.999999999999715783e-01,2.999999999999999889e-01,4.429759436145926932e-01,-3.000650071409368680e-01
9.999999999999080735e-01,1.547354356819280759e-12,1.414892134924851108e-01,9.999999979129688965e-01,9.999999999978248511e-01,2.999999999999999889e-01,4.429759447468164524e-01,-3.442196705395740297e-01
9.999999999993995914e-01,4.848394906328529559e-13,2.799083199568495051e-01,9.999999965757078169e-01,9.999999999999994449e-01,2.999999999999999889e-01,4.429759462562084527e-01,-4.030832069430371201e-01
9.999999999996120881e-01,1.524970057579577266e-12,9.953866848262837852e-01,9.999999979975698894e-01,9.999999999999868994e-01,2.999999999999999889e-01,4.429759540581468258e-01,-7.073445749173413732e-01
9.999999999999998890e-01,2.112449623096046250e-13,1.357932579421949615e-01,9.999999975517540607e-01,9.999999999999925615e-01,2.999999999999999889e-01,4.429759446847048587e-01,-3.417974320863504945e-01
