9.999999999996147526e-01,3.761198972287300745e-12,5.396235680521499489e-10,9.999999957493929115e-01,9.999999999993706146e-01,2.000000000000000111e-01,4.429759421690542820e-01,-2.738055763179337854e-01
9.999999999999475975e-01,1.424883050550496954e-14,9.999999999999745759e-01,7.368460540400549874e-01,9.999999999967414954e-01,2.000000000000000111e-01,4.429759550477426200e-01,-7.194975089815941471e-01
9.999999998850205296e-01,3.758190826933231997e-12,9.999999999999847899e-01,3.685122179088708982e-01,9.999999999992739141e-01,2.000000000000000111e-01,4.429759578109846996e-01,-7.481016663222607166e-01
9.999999999998067102e-01,7.266331016072978359e-13,4.961138452942541743e-01,9.999999963955745752e-01,9.999999999996167510e-01,2.000000000000000111e-01,4.429759475789308287e-01,-4.847808964762351236e-01
9.999999999993489652e-01,6.632457600489320981e-01,9.999999999999238387e-01,4.425202181160580900e-11,9.999999999985130783e-01,2.000000000000000111e-01,4.429759658320513438e-01,-7.768172307676483035e-01
9.999999998875210849e-01,7.187247287884280955e-11,9.999999999999987788e-01,3.837083823934028248e-01,9.999999999989506172e-01,2.000000000000000111e-01,4.429759576969830026e-01,-7.469215589379590847e-01
9.999999999977582377e-01,1.992596827678758171e-12,9.999999999999846789e-01,2.445223278939728795e-02,9.999999999992739141e-01,2.000000000000000111e-01,4.429759603921242239e-01,-7.748207591218708723e-01
9.999999999999880096e-01,2.043022083752294336e-09,9.999999999999893419e-01,6.694589327338462681e-12,9.999999999999669154e-01,2.000000000000000111e-01,4.429759605755649865e-01,-7.767196764773517392e-01
9.999999999993559596e-01,2.537493970786487562e-12,1.000000000000000000e+00,2.257908986577154553e-01,9.999999999999767963e-01,2.000000000000000111e-01,4.429759588816806204e-01,-7.591851527446630277e-01
9.999999999999484857e-01,3.353421976058746343e-12,6.705324945516902280e-02,9.999999988514128857e-01,9.999999999982707166e-01,2.000000000000000111e-01,4.429759429002368409e-01,-3.023203631779046718e-01
9.999999999999333866e-01,3.090647009570169260e-11,9.999999999999968914e-01,9.001989065149516023e-01,9.999999999999871214e-01,2.000000000000000111e-01,4.429759538222687865e-01,-7.068118140064506560e-01
9.999999999994645394e-01,2.774639662209347379e-13,6.774815797055877553e-01,9.999999979852249865e-01,9.999999999998345768e-01,2.000000000000000111e-01,4.429759495566564231e-01,-5.619085884088760308e-01
9.999999999998602229e-01,3.321593126347844871e-01,9.999999999999998890e-01,2.327643633392995071e-11,9.999999999998337996e-01,2.000000000000000111e-01,4.429759632080595977e-01,-7.767685325241749927e-01
9.999999999804659589e-01,1.273461641422637932e-12,9.999999999999934497e-01,1.177230453320116943e-01,9.999999999980937471e-01,2.000000000000000111e-01,4.429759596924061626e-01,-7.675775120033302423e-01
9.999999999994934052e-01,1.184941062896023881e-14,4.583478774613957141e-01,9.999999978608021811e-01,9.999999999999064082e-01,2.000000000000000111e-01,4.429759471671115834e-01,-4.687206971950462764e-01
9.999999999992327249e-01,3.800026509548122298e-12,3.009100077340931545e-01,9.999999989903904929e-01,9.999999999999911182e-01,2.000000000000000111e-01,4.429759454503293670e-01,-4.017693202613005221e-01
9.999999999997131184e-01,1.382884017724497542e-12,7.274565345945840367e-01,9.999999985749035147e-01,9.999999999997396527e-01,2.000000000000000111e-01,4.429759501016086176e-01,-5.831607308332394934e-01
9.999999999984401367e-01,3.676151034279504092e-13,5.005591445529274930e-01,9.999999973751111382e-01,9.999999999999925615e-01,2.000000000000000111e-01,4.429759476274046093e-01,-4.866712859642653433e-01
9.999999999999616973e-01,3.716512535682874565e-12,9.999999999999850120e-01,7.939950154638840685e-01,9.999999999967414954e-01,2.000000000000000111e-01,4.429759546190108477e-01,-7.150594212360111834e-01
9.999999999999383826e-01,5.107934168937218083e-12,5.142636552981583176e-03,9.999999971522319786e-01,9.999999999996452837e-01,2.000000000000000111e-01,4.429759422251322021e-01,-2.759925123143848191e-01
9.999999999998702149e-01,1.976482660639283059e-12,8.496416315243904283e-01,9.999999992014554362e-01,9.999999999999635847e-01,2.000000000000000111e-01,4.429759514339767779e-01,-6.351206593808266243e-01
9.999999999994619859e-01,2.908617563576086031e-12,9.999999999999998890e-01,9.468402051495641292e-01,9.999999999996507238e-01,2.000000000000000111e-01,4.429759534723655690e-01,-7.031897328560062777e-01
9.999999999991732169e-01,6.196425154882701460e-13,2.483699299999636567e-02,9.999999940159944867e-01,9.999999999985663690e-01,2.000000000000000111e-01,4.429759424398894696e-01,-2.843676530656006340e-01
9.999999999951038054e-01,7.582144240480368769e-14,9.999999999999936717e-01,1.030552257182724973e-01,9.999999999999731326e-01,2.000000000000000111e-01,4.429759598024441969e-01,-7.687165890547290603e-01
9.999999999964618302e-01,2.234906838188275973e-14,9.999999999999901190e-01,4.289477352562073853e-01,9.999999999997990496e-01,2.000000000000000111e-01,4.429759573575971499e-01,-7.434083504288676592e-01
9.999999999026621955e-01,9.903415480648102349e-13,6.049782590162204876e-01,9.999999977958811126e-01,9.999999999990276667e-01,2.000000000000000111e-01,4.429759487660435147e-01,-5.310761263579896196e-01
9.999999999999475975e-01,1.236145136364220342e-14,9.999999999999745759e-01,6.848006013339126286e-01,9.999999999967414954e-01,2.000000000000000111e-01,4.429759554381878517e-01,-7.235392672234851608e-01
9.999999999213888824e-01,2.563369582278343195e-12,2.010424673852999611e-01,9.999999987904314436e-01,9.999999999998012701e-01,2.000000000000000111e-01,4.429759443613231484e-01,-3.593000634191091391e-01
9.999999999999286127e-01,5.107934168937218083e-12,9.479194166297785218e-01,9.999999971522319786e-01,9.999999999996580513e-01,2.000000000000000111e-01,4.429759525056475300e-01,-6.769138636628474481e-01
9.999999999999911182e-01,1.086920364149429903e-09,9.999999999999892308e-01,1.992783294163670282e-01,9.999999999999281686e-01,2.000000000000000111e-01,4.429759590805780745e-01,-7.612440722023771089e-01
9.999999999987140287e-01,1.258527763091142687e-13,9.999999999999484857e-01,6.454452053737037565e-01,9.999999999999714673e-01,2.000000000000000111e-01,4.429759557334321807e-01,-7.265955379970691075e-01
9.999999999985612620e-01,6.518994524979141619e-13,2.812461036296840522e-01,9.999999980452450865e-01,9.999999999987897459e-01,2.000000000000000111e-01,4.429759452359041672e-01,-3.934071298638631697e-01
9.999999999997404299e-01,1.549223567132581322e-13,2.632686336832142926e-01,9.999999969322158622e-01,9.999999999997731814e-01,2.000000000000000111e-01,4.429759450398687570e-01,-3.857621054894270207e-01
9.999999999994713118e-01,1.552791375144128827e-13,9.999999999999885647e-01,1.431099581542595867e-01,9.999999999997668532e-01,2.000000000000000111e-01,4.429759595019533980e-01,-7.656060090420652164e-01
9.999999999991412425e-01,8.788441294290174992e-14,3.031161060932303919e-02,9.999999971716546643e-01,9.999999999995494715e-01,2.000000000000000111e-01,4.429759424995874384e-01,-2.866957660460517365e-01
9.999999999999460432e-01,1.109779611634736486e-12,6.602499910621781876e-01,9.999999989710072201e-01,9.999999999999403810e-01,2.000000000000000111e-01,4.429759493687544514e-01,-5.545807542664656919e-01
9.999999999998718803e-01,3.244881111599753287e-12,8.589949406910331042e-01,9.999999992217835088e-01,9.999999999999965583e-01,2.000000000000000111e-01,4.429759515359700250e-01,-6.390982089224542806e-01
9.999999999999445999e-01,1.101441149321401527e-09,9.999999999999893419e-01,6.599760746792882049e-01,9.999999999999921174e-01,2.000000000000000111e-01,4.429759556244215468e-01,-7.254670962655304089e-01
9.999999999999539257e-01,7.275586370510638813e-13,9.999999999999812372e-01,5.444096872194622572e-01,9.999999999997182254e-01,2.000000000000000111e-01,4.429759564914010905e-01,-7.344417784857640852e-01
9.999999999998807620e-01,2.563091932884065251e-12,5.370984758510625179e-01,9.999999969882086281e-01,9.999999999999635847e-01,2.000000000000000111e-01,4.429759480258479987e-01,-5.022098507855522476e-01
9.999999999999806821e-01,1.259493300414010969e-12,9.999999999998753220e-01,7.224884261494856075e-01,9.999999999995938804e-01,2.000000000000000111e-01,4.429759551554536268e-01,-7.206124970897630488e-01
9.999999999996647126e-01,1.472786173614328122e-12,8.813519530470266261e-01,9.999999980766474117e-01,9.999999999999013012e-01,2.000000000000000111e-01,4.429759517797621782e-01,-6.486056595506123346e-01
9.999999999999823475e-01,1.636747383505541000e-11,1.145765064104700415e-01,9.999999986359644488e-01,9.999999999994158006e-01,2.000000000000000111e-01,4.429759434184545319e-01,-3.225299067486405713e-01
9.999999999999165112e-01,7.381888411664625588e-14,7.137045223659490567e-01,9.999999987844861993e-01,9.999999999999988898e-01,2.000000000000000111e-01,4.429759499516497390e-01,-5.773126070156807677e-01
9.999999999999953371e-01,6.509546824242813700e-11,3.395426508245830699e-01,9.999999947899157471e-01,9.999999999997187805e-01,2.000000000000000111e-01,4.429759458715992748e-01,-4.181980784877957769e-01
9.999999999997719602e-01,5.454265515644819295e-13,9.999999999999891198e-01,3.412747047001155054e-01,9.999999999999719114e-01,2.000000000000000111e-01,4.429759580153206366e-01,-7.502168836520634043e-01
9.999999999993450794e-01,1.515443047758674761e-12,1.576285530601747586e-01,9.999999987653473976e-01,9.999999999999623634e-01,2.000000000000000111e-01,4.429759438879158351e-01,-3.408380419043898213e-01
9.999999999998370193e-01,5.752229385110167841e-14,1.009640120730334323e-01,9.999999977308017263e-01,9.999999999997537525e-01,2.000000000000000111e-01,4.429759432700169919e-01,-3.167411138193617637e-01
9.999999999993866018e-01,2.455374297841630283e-11,7.452309909913485964e-01,9.999999989783445731e-01,9.999999999996762590e-01,2.000000000000000111e-01,4.429759502954302985e-01,-5.907194225607480531e-01
9.999999999993566258e-01,1.847886887710661188e-14,1.000000000000000000e+00,2.693108691318772396e-01,9.999999999997986055e-01,2.000000000000000111e-01,4.429759585551936163e-01,-7.558054684455851602e-01
9.999999999996072031e-01,4.983654862647158636e-13,4.039998009291173586e-01,9.999999979337607092e-01,9.999999999999545919e-01,2.000000000000000111e-01,4.429759465744726454e-01,-4.456088591094372608e-01
9.999999999999633626e-01,5.107934168937218083e-12,4.731486804940961965e-01,9.999999971140381971e-01,9.999999999996140865e-01,2.000000000000000111e-01,4.429759473285070359e-01,-4.750148254898288736e-01
9.999999999975498488e-01,5.297219012084796283e-12,9.999999999999851230e-01,4.797800190341157678e-01,9.999999999995943245e-01,2.000000000000000111e-01,4.429759569762531379e-01,-7.394608047494674041e-01
9.999999999996678213e-01,8.604047661548082470e-13,6.237486489458270444e-01,9.999999980523478493e-01,9.999999999999602540e-01,2.000000000000000111e-01,4.429759489707253417e-01,-5.390583446688365088e-01
9.999999999984896526e-01,5.250961910158573558e-13,4.827496237032308235e-01,9.999999984659482255e-01,9.999999999986269872e-01,2.000000000000000111e-01,4.429759474332005675e-01,-4.790976827551697292e-01
9.999999999988709032e-01,1.038656083746547309e-13,4.172521739951601250e-02,9.999999997878608049e-01,9.999999999987327914e-01,2.000000000000000111e-01,4.429759426240471587e-01,-2.915494690252987686e-01
9.999999999999791278e-01,9.800814605033025621e-13,3.642865498267076063e-01,9.999999992809195382e-01,9.999999999994795274e-01,2.000000000000000111e-01,4.429759461414192745e-01,-4.287205662136756024e-01
9.999999999991106003e-01,3.643492821907905644e-13,4.541803116426796905e-01,9.999999955347329550e-01,9.999999999935578199e-01,2.000000000000000111e-01,4.429759471216663802e-01,-4.669484155845112783e-01
9.999999999998686606e-01,1.324860327537912356e-12,9.999999999999719114e-01,5.683283259771836349e-01,9.999999999989485078e-01,2.000000000000000111e-01,4.429759563119633481e-01,-7.325842991032059937e-01
9.999999999991728838e-01,3.181319106880434521e-12,6.196824304195359678e-01,9.999999982161451584e-01,9.999999999983932852e-01,2.000000000000000111e-01,4.429759489263852545e-01,-5.373291613958582902e-01
9.999999999993892663e-01,1.798443968000433764e-10,5.796810792616736707e-01,9.999999977381136551e-01,9.999999999978383958e-01,2.000000000000000111e-01,4.429759484901902855e-01,-5.203183524043267782e-01
9.999999999996150857e-01,5.006627649981440842e-12,4.080029698848366415e-01,9.999999979337607092e-01,9.999999999999545919e-01,2.000000000000000111e-01,4.429759466181252270e-01,-4.473112301696745563e-01
9.999999999997667421e-01,1.963365310962266055e-12,9.999999999939883644e-01,6.972694351889481279e-01,9.999999999996640465e-01,2.000000000000000111e-01,4.429759553446465659e-01,-7.225709595325108259e-01
9.999999999999973355e-01,9.997627908103466909e-01,9.999999999998833156e-01,1.376601014686513908e-08,9.999999999999973355e-01,2.000000000000000111e-01,4.429759684990824953e-01,-7.768667267106325047e-01
9.999999999948968599e-01,1.081778261243282497e-12,6.005143274976538770e-01,9.999999989515442333e-01,9.999999999999991118e-01,2.000000000000000111e-01,4.429759487173665633e-01,-5.291778132257051181e-01
9.999999999999980016e-01,5.799556018013921439e-13,9.999999999999716893e-01,5.319420615394879759e-01,9.999999999993611777e-01,2.000000000000000111e-01,4.429759565849332725e-01,-7.354099923490801105e-01
9.999999999973466780e-01,1.798443968000433764e-10,5.835922563152435849e-01,9.999999977381136551e-01,9.999999999977419174e-01,2.000000000000000111e-01,4.429759485328397250e-01,-5.219816033697456392e-01
9.999999999995566879e-01,6.678317104205908982e-12,9.999999999999849010e-01,4.544008181947351011e-01,9.999999999995873301e-01,2.000000000000000111e-01,4.429759571666480045e-01,-7.414317088122933663e-01
9.999999999979665155e-01,6.636789296570425282e-15,8.242457437097502337e-01,9.999999996328696739e-01,9.999999999999660272e-01,2.000000000000000111e-01,4.429759511570471875e-01,-6.243209092089810897e-01
9.999999999994128030e-01,4.109703164213797419e-12,9.999999999999895639e-01,6.308349043880535634e-01,9.999999999996279643e-01,2.000000000000000111e-01,4.429759558430387267e-01,-7.277301482539358934e-01
9.999999999976052489e-01,2.017501094280461362e-09,9.103913090985786827e-01,9.999999995445854051e-01,9.999999999999640288e-01,2.000000000000000111e-01,4.429759520964220432e-01,-6.609548157972223725e-01
9.999999999999465983e-01,2.939720051934646152e-12,3.484456169638385226e-01,9.999999992160093498e-01,9.999999999999729106e-01,2.000000000000000111e-01,4.429759459686816725e-01,-4.219841166753254269e-01
9.999999999994642064e-01,2.901731516306686856e-12,9.999999999999977796e-01,4.967695512876334485e-01,9.999999999999663602e-01,2.000000000000000111e-01,4.429759568487975918e-01,-7.381414275818690696e-01
9.999999999999752420e-01,1.754195972260096938e-12,5.624074117422288577e-01,9.999999978400153644e-01,9.999999999999044098e-01,2.000000000000000111e-01,4.429759483018294586e-01,-5.129726240425652728e-01
9.999999999984734433e-01,3.811045440415276086e-14,8.724231192374437560e-01,9.999999956240264165e-01,9.999999999999945599e-01,2.000000000000000111e-01,4.429759516823976728e-01,-6.448086208318163370e-01
9.999999999995855537e-01,3.036993896504504163e-12,8.442423850126519191e-01,9.999999999273142537e-01,9.999999999997765121e-01,2.000000000000000111e-01,4.429759513751006517e-01,-6.328245981008909782e-01
9.999999999998944178e-01,1.931383470637887054e-12,4.755371564086618985e-02,9.999999986627646775e-01,9.999999999993828270e-01,2.000000000000000111e-01,4.429759426876040962e-01,-2.940280721505691419e-01
9.999999999997222222e-01,1.381482968328024578e-12,3.441540133440874616e-01,9.999999985772546340e-01,9.999999999999679146e-01,2.000000000000000111e-01,4.429759459218838846e-01,-4.201590871321055909e-01
9.999999999987350119e-01,1.636747383505541000e-11,1.810792144986632934e-01,9.999999986359644488e-01,9.999999999998949729e-01,2.000000000000000111e-01,4.429759441436337264e-01,-3.508105731360801061e-01
9.999999999994743094e-01,5.068133399571606147e-12,2.718540120169208874e-01,9.999999989719965399e-01,9.999999999996818101e-01,2.000000000000000111e-01,4.429759451334880360e-01,-3.894130877859386386e-01
9.999999999998848699e-01,1.513018980680454207e-13,9.999999946393398620e-01,8.730537962348164926e-01,9.999999999983949506e-01,2.000000000000000111e-01,4.429759540259115003e-01,-7.089198532074122427e-01
9.999999999999776845e-01,1.666628404882810263e-11,9.999999999999964473e-01,2.596112506807606302e-01,9.999999999999916733e-01,2.000000000000000111e-01,4.429759586279602424e-01,-7.565587237400920317e-01
9.999999999994675370e-01,1.552791375144128827e-13,9.999999999999916733e-01,1.305321641163330049e-01,9.999999999997760680e-01,2.000000000000000111e-01,4.429759595963120855e-01,-7.665827783859614497e-01
9.999999999993303135e-01,3.615600184550821387e-11,9.999999999999893419e-01,9.340361634126382873e-01,9.999999999999124034e-01,2.000000000000000111e-01,4.429759535684215654e-01,-7.041840721987143725e-01
9.999999999999585887e-01,7.934881419404337854e-13,9.999999999939883644e-01,7.514967609606637566e-01,9.999999999996640465e-01,2.000000000000000111e-01,4.429759549378329275e-01,-7.183597608686472791e-01
9.999999999990212274e-01,2.516510500209939766e-11,1.276331691236039512e-01,9.999999969917003906e-01,9.999999999999891198e-01,2.000000000000000111e-01,4.429759435608309759e-01,-3.280823292202631469e-01
9.999999999989004351e-01,1.901118117963704628e-14,5.541536375465929698e-01,9.999999970095615476e-01,9.999999999997550848e-01,2.000000000000000111e-01,4.429759482118261205e-01,-5.094626582554350192e-01
9.999999999989868105e-01,1.798443968000433764e-10,5.876800865995503997e-01,9.999999977381136551e-01,9.999999999978383958e-01,2.000000000000000111e-01,4.429759485774155126e-01,-5.237199771570729689e-01
9.999999999994697575e-01,7.219900351940450771e-13,3.723521131813786189e-01,9.999999982098288775e-01,9.999999999989090949e-01,2.000000000000000111e-01,4.429759462293702543e-01,-4.321504943862787274e-01
9.999999999947175588e-01,2.901731516306686856e-12,9.999999999999977796e-01,5.058030732518151718e-01,9.999999999994956257e-01,2.000000000000000111e-01,4.429759567810280796e-01,-7.374399001671448906e-01
9.999999999984012788e-01,3.159154624685931242e-13,9.999999999999847899e-01,2.383226683980769756e-01,9.999999999998323563e-01,2.000000000000000111e-01,4.429759587876672677e-01,-7.582119575660827282e-01
9.999999999998118172e-01,1.101441149321401527e-09,9.999999999999893419e-01,6.756874758497199984e-01,9.999999999999995559e-01,2.000000000000000111e-01,4.429759555065545529e-01,-7.242469765074613930e-01
9.999999999981754595e-01,1.050765131714290047e-12,4.269804366178411303e-01,9.999999969505258823e-01,9.999999999996632694e-01,2.000000000000000111e-01,4.429759468250651366e-01,-4.553815092015648380e-01
9.999999999998837596e-01,2.660854449584466607e-12,9.999999999999988898e-01,3.276815033980317038e-01,9.999999999966746600e-01,2.000000000000000111e-01,4.429759581172968974e-01,-7.512725077372252036e-01
9.999999999975711651e-01,4.585271296490842411e-12,8.099003666766233511e-01,9.999999980443784464e-01,9.999999999999195088e-01,2.000000000000000111e-01,4.429759510006179291e-01,-6.182204536703973519e-01
9.999999999995743405e-01,3.205183962058734025e-12,6.323042015971417351e-01,9.999999987226699805e-01,9.999999999990121236e-01,2.000000000000000111e-01,4.429759490640194364e-01,-5.426966435252059684e-01
9.999999999999791278e-01,1.781013210247482722e-12,3.098166107149247228e-01,9.999999980268395872e-01,9.999999999999502620e-01,2.000000000000000111e-01,4.429759455474514551e-01,-4.055569054558029185e-01
9.999999999984182653e-01,1.552791375144128827e-13,9.999999999999608091e-01,3.597506600739865806e-02,9.999999999997627453e-01,2.000000000000000111e-01,4.429759603056798722e-01,-7.739259161777337637e-01
9.999999999948476770e-01,1.646536495483911368e-11,4.776611014425981017e-01,9.999999989372381215e-01,9.999999999994548805e-01,2.000000000000000111e-01,4.429759473777127865e-01,-4.769337588042220633e-01
9.999999999997353228e-01,3.061502694991554449e-13,4.321519715609375423e-01,9.999999977677631602e-01,9.999999999998698819e-01,2.000000000000000111e-01,4.429759468814581935e-01,-4.575807346831238798e-01
9.999999999999793499e-01,2.050732061668193221e-12,2.229292838948447320e-01,9.999999980268395872e-01,9.999999999976003640e-01,2.000000000000000111e-01,4.429759445999880696e-01,-3.686075604774011749e-01
9.999999999993312016e-01,9.347884556374234969e-13,3.197674072628929887e-01,9.999999980853396808e-01,9.999999999996689315e-01,2.000000000000000111e-01,4.429759456559599906e-01,-4.097885400040653936e-01
9.999999999999962252e-01,4.130802447035907255e-11,9.999922458134439252e-01,6.181792579979770164e-01,9.999999999995938804e-01,2.000000000000000111e-01,4.429759559378969036e-01,-7.287096659609452187e-01
9.999999999998360201e-01,1.222059806158433201e-13,7.573056784724543355e-01,9.999999982123204401e-01,9.999999999999745759e-01,2.000000000000000111e-01,4.429759504270988080e-01,-5.958542542403456599e-01
9.999999999994935163e-01,1.779062283535039225e-11,2.867695264965909319e-01,9.999999989088984576e-01,9.999999999999481526e-01,2.000000000000000111e-01,4.429759452961343769e-01,-3.957559977434371712e-01
9.999999999987150279e-01,3.028060527683247714e-12,9.746426826504551721e-01,9.999999989231603825e-01,9.999999999999423794e-01,2.000000000000000111e-01,4.429759527970515420e-01,-6.882780890263912044e-01
9.999999998894989472e-01,1.885092359079096479e-14,9.999999999999815703e-01,4.414577517893566450e-01,9.999999999995261568e-01,2.000000000000000111e-01,4.429759572637469445e-01,-7.424368445657866245e-01
9.999999999987284616e-01,4.161118105097452924e-12,1.620729651063139154e-01,9.999999956522540590e-01,9.999999999999843459e-01,2.000000000000000111e-01,4.429759439363799567e-01,-3.427280544183460842e-01
9.999999999986610710e-01,2.948984169551824381e-12,9.999999999999977796e-01,4.680988203950235405e-01,9.999999999993537392e-01,2.000000000000000111e-01,4.429759570638855393e-01,-7.403679460740882901e-01
9.999999999993641753e-01,8.414590675259290002e-13,9.999999999999721334e-01,5.798845967832357839e-01,9.999999999998139266e-01,2.000000000000000111e-01,4.429759562252681415e-01,-7.316868594551665383e-01
9.999999999987350119e-01,4.409026965647041870e-13,1.905331422813342224e-01,9.999999999793685035e-01,9.999999999997213340e-01,2.000000000000000111e-01,4.429759442467240960e-01,-3.548309112306070601e-01
9.999999999990311084e-01,1.348093886180057220e-12,9.999999999999787947e-01,2.481923200376341954e-01,9.999999999997674083e-01,2.000000000000000111e-01,4.429759587136251064e-01,-7.574454977932555400e-01
9.999999999999484857e-01,1.050167171152696277e-12,9.999999999999997780e-01,7.625809320587867424e-02,9.999999999999135136e-01,2.000000000000000111e-01,4.429759600034763878e-01,-7.707976071949850239e-01
9.999999999992327249e-01,5.814406582489007007e-13,2.444086840570353913e-01,9.999999994956396687e-01,9.999999999999669154e-01,2.000000000000000111e-01,4.429759448342103223e-01,-3.777418011730965253e-01
9.999999999984734433e-01,2.343564824932197565e-14,8.542773578467057760e-01,9.999999956240264165e-01,9.999999999999763522e-01,2.000000000000000111e-01,4.429759514845271196e-01,-6.370920294476561940e-01
9.999999999984137133e-01,3.296174193592335939e-12,9.054730720351729101e-01,9.999999999093126535e-01,9.999999999996067590e-01,2.000000000000000111e-01,4.429759520427910546e-01,-6.588633066321846199e-01
9.999999999984789945e-01,3.335986524391926444e-14,6.182112303329073688e-02,9.999999998015965952e-01,9.999999999987327914e-01,2.000000000000000111e-01,4.429759428431830903e-01,-3.000953706775978391e-01
9.999999999996739275e-01,7.827806823099272571e-14,9.999999999999984457e-01,5.196773321179177785e-01,9.999999999996961320e-01,2.000000000000000111e-01,4.429759566769433388e-01,-7.363624496465716041e-01
9.999999999999953371e-01,6.509546824242813700e-11,3.356966089954799282e-01,9.999999992275320215e-01,9.999999999997473132e-01,2.000000000000000111e-01,4.429759458296600450e-01,-4.165625263132693989e-01
9.999999999999154010e-01,1.171721860677032754e-11,3.853386727478326224e-01,9.999999982098288775e-01,9.999999999989087618e-01,2.000000000000000111e-01,4.429759463709822542e-01,-4.376731049555674380e-01
9.999999999999811262e-01,2.031663313350462579e-12,9.999999999939883644e-01,9.601500740068374951e-01,9.999999999998979705e-01,2.000000000000000111e-01,4.429759533725148857e-01,-7.021561118677371871e-01
9.999999999996072031e-01,1.059016470597230266e-13,1.669610583703948214e-01,9.999999957296784592e-01,9.999999999999924505e-01,2.000000000000000111e-01,4.429759439896822082e-01,-3.448067447211974335e-01
9.999999999999793499e-01,5.619888529937690033e-12,7.793267131143939430e-01,9.999999986686030073e-01,9.999999999996693756e-01,2.000000000000000111e-01,4.429759506672273361e-01,-6.052188282520652995e-01
9.999999999999653610e-01,5.107934168937218083e-12,9.240182845266398104e-03,9.999999971199723392e-01,9.999999999996452837e-01,2.000000000000000111e-01,4.429759422698139049e-01,-2.777350178935452663e-01
9.999999999999024114e-01,1.459243895104101303e-13,4.867095461377631271e-01,9.999999979822357110e-01,9.999999999996860289e-01,2.000000000000000111e-01,4.429759474763815819e-01,-4.807816630179361228e-01
9.999999999997500888e-01,1.951089701016901583e-12,6.511517524506142962e-01,9.999999987142619284e-01,9.999999999999800160e-01,2.000000000000000111e-01,4.429759492695426459e-01,-5.507116749922430499e-01
9.999999998998660988e-01,2.339232535966094094e-14,5.964673739834978061e-01,9.999999978265236011e-01,9.999999999999674705e-01,2.000000000000000111e-01,4.429759486732365303e-01,-5.274568226123900194e-01
9.999999999999843459e-01,4.165955037471271746e-12,9.999999999999896749e-01,8.591212165969132064e-01,9.999999999999918954e-01,2.000000000000000111e-01,4.429759541304338355e-01,-7.100018350967453040e-01
9.999999999999891198e-01,5.591465876727031794e-13,5.734012242140373861e-02,9.999999987526720924e-01,9.999999999999448219e-01,2.000000000000000111e-01,4.429759427943200101e-01,-2.981897989853318220e-01
9.999999999999671374e-01,5.473168531196749595e-13,6.559997698712392022e-01,9.999999976216703557e-01,9.999999999999695799e-01,2.000000000000000111e-01,4.429759493224079137e-01,-5.527733228996621895e-01
9.999999999995735633e-01,1.794273574322832945e-13,1.316680719566367952e-01,9.999999981543434835e-01,9.999999999999323874e-01,2.000000000000000111e-01,4.429759436048296140e-01,-3.297981952087690738e-01
9.999999999989258592e-01,1.139842913449074019e-12,3.055226551209531127e-01,9.999999991446149039e-01,9.999999999999831246e-01,2.000000000000000111e-01,4.429759455006279656e-01,-4.037308755848373343e-01
9.999999999987194688e-01,1.678374316860666849e-09,7.051255085682022195e-01,9.999999998803181800e-01,9.999999999995341504e-01,2.000000000000000111e-01,4.429759498580998489e-01,-5.736643310310135524e-01
9.999999999997564171e-01,1.090486375484860376e-12,9.999999999999987788e-01,8.190754310678873829e-01,9.999999999997991607e-01,2.000000000000000111e-01,4.429759544308574659e-01,-7.131117203090237000e-01
9.999999999988307131e-01,4.664222308524552218e-14,9.999999999999956701e-01,9.234415927967183357e-01,9.999999999999751310e-01,2.000000000000000111e-01,4.429759536479020432e-01,-7.050068279033091523e-01
9.999999999999624745e-01,6.131051688050758478e-12,8.641978493297232111e-01,9.999999979983762444e-01,9.999999999995420330e-01,2.000000000000000111e-01,4.429759515927051972e-01,-6.413107764102802255e-01
9.999999999999397149e-01,6.348879958889911058e-13,6.420124459224852975e-01,9.999999989707327730e-01,9.999999999999565903e-01,2.000000000000000111e-01,4.429759491698830320e-01,-5.468251313058646312e-01
9.999999999984153787e-01,1.806463993037094432e-11,1.101132495966047065e-01,9.999999957904130987e-01,9.999999999994229061e-01,2.000000000000000111e-01,4.429759433697849080e-01,-3.206318808504643458e-01
9.999999999994053645e-01,3.808310033399130518e-13,5.923589847339183478e-01,9.999999980729648019e-01,9.999999999990099031e-01,2.000000000000000111e-01,4.429759486284365888e-01,-5.257097059853771404e-01
9.999999999979596321e-01,7.923500458778630825e-14,8.340834481020935609e-01,9.999999996124414592e-01,9.999999999999660272e-01,2.000000000000000111e-01,4.429759512643224872e-01,-6.285044506617084581e-01
9.999999999989824806e-01,4.725306859336113314e-13,9.999999559927198467e-01,8.871921518495775594e-01,9.999999999999998890e-01,2.000000000000000111e-01,4.429759539198450669e-01,-7.078218769634015972e-01
9.999999999967882358e-01,3.758190826933231997e-12,9.999999999999847899e-01,3.154671129060238055e-01,9.999999999992739141e-01,2.000000000000000111e-01,4.429759582089292658e-01,-7.522210558018390669e-01
9.999999999999641398e-01,3.692326231394840845e-13,4.223913323647462414e-01,9.999999973742005333e-01,9.999999999999985567e-01,2.000000000000000111e-01,4.429759467750232216e-01,-4.534299656886361385e-01
9.999999999999668043e-01,1.264601299065598551e-13,2.051812335048966152e-01,9.999999988908878645e-01,9.999999999999868994e-01,2.000000000000000111e-01,4.429759444064543250e-01,-3.610600979606449767e-01
9.999999999993295363e-01,9.236101441183619663e-13,3.601714799458576866e-01,9.999999990354160317e-01,9.999999999999310552e-01,2.000000000000000111e-01,4.429759460965464468e-01,-4.269706086476771079e-01
9.999999999026621955e-01,9.903415480648102349e-13,7.659962656953188676e-01,9.999999977958811126e-01,9.999999999999521494e-01,2.000000000000000111e-01,4.429759505218653914e-01,-5.995499774261446868e-01
9.999999999996260769e-01,6.199254687923099798e-13,9.999999999999845679e-01,9.104277145445764940e-01,9.999999999999877875e-01,2.000000000000000111e-01,4.429759537455322249e-01,-7.060174627800949176e-01
9.999999999993928190e-01,1.912084827228490593e-11,5.320766614285198370e-01,9.999999955511857941e-01,9.999999999996909139e-01,2.000000000000000111e-01,4.429759479710875802e-01,-5.000742948804398624e-01
9.999999999999752420e-01,5.909913341455296290e-13,1.872033456728765949e-02,9.999999992993134912e-01,9.999999999999447109e-01,2.000000000000000111e-01,4.429759423731902679e-01,-2.817665078069085949e-01
9.999999999994583222e-01,3.900718416073108292e-13,2.404035822322899141e-01,9.999999994311613571e-01,9.999999999998829825e-01,2.000000000000000111e-01,4.429759447905366465e-01,-3.760386081534355940e-01
9.999999999997427613e-01,1.843099315822289828e-09,7.704286145335543790e-01,9.999999986587241319e-01,9.999999999999527045e-01,2.000000000000000111e-01,4.429759505701979516e-01,-6.014348596806350367e-01
9.999999999993267608e-01,3.838562971746463032e-13,9.999999999999721334e-01,9.749826506197858400e-01,9.999999999998878675e-01,2.000000000000000111e-01,4.429759532612408401e-01,-7.010042400801063112e-01
9.999999999998423483e-01,2.571082023747730083e-13,2.318822268896699734e-01,9.999999979666397421e-01,9.999999999998725464e-01,2.000000000000000111e-01,4.429759446976154758e-01,-3.724148519643085686e-01
9.999999999990719646e-01,2.471100540949069059e-13,9.999999999999990008e-01,7.808230348342988236e-01,9.999999999998366862e-01,2.000000000000000111e-01,4.429759547178271362e-01,-7.160823340654746127e-01
9.999999999993542943e-01,1.293785326255930388e-12,3.244856796437988189e-01,9.999999957505958381e-01,9.999999999997548628e-01,2.000000000000000111e-01,4.429759457074104456e-01,-4.117950131690356619e-01
9.999999999994679811e-01,1.460599253170231602e-11,9.999999999999593658e-01,3.940205628326649001e-01,9.999999999996189715e-01,2.000000000000000111e-01,4.429759576196209414e-01,-7.461207331574396528e-01
9.999999999995990985e-01,1.261610382111516010e-13,1.756101149563411568e-01,9.999999997916353411e-01,9.999999999989763744e-01,2.000000000000000111e-01,4.429759440839958762e-01,-3.484848064113216237e-01
9.999999999995892175e-01,1.791853856023736101e-12,5.226481000585130321e-01,9.999999972238577950e-01,9.999999999999499289e-01,2.000000000000000111e-01,4.429759478682737672e-01,-4.960647437674673421e-01
9.999999999994435562e-01,9.778894141798091968e-13,7.611997169623042625e-01,9.999999991655950105e-01,9.999999999998924194e-01,2.000000000000000111e-01,4.429759504695613970e-01,-5.975102168581759576e-01
9.999999999999519273e-01,1.605155379239346637e-13,8.682604188279504642e-01,9.999999969423484236e-01,9.999999999999846789e-01,2.000000000000000111e-01,4.429759516370054828e-01,-6.430384079820054000e-01
9.999999999993908206e-01,1.051480967436726451e-11,7.216521780512744622e-01,9.999999995304367228e-01,9.999999999999695799e-01,2.000000000000000111e-01,4.429759500383149695e-01,-5.806923941188136817e-01
9.999999999999564793e-01,1.140361881794399727e-14,9.999999999999839018e-01,8.059794968085647326e-01,9.999999999978574916e-01,2.000000000000000111e-01,4.429759545291032108e-01,-7.141287275109006183e-01
9.999999998894989472e-01,1.885092359079096479e-14,9.999999999999815703e-01,8.450628738556744679e-01,9.999999999995261568e-01,2.000000000000000111e-01,4.429759542358995827e-01,-7.110935812467619188e-01
9.999999999997422062e-01,1.138984369808642022e-11,3.950389991072607576e-01,9.999999979502225411e-01,9.999999999989132027e-01,2.000000000000000111e-01,4.429759464767595301e-01,-4.417982256136346875e-01
9.999999999995362598e-01,1.628317640403160322e-12,6.818036426550427853e-01,9.999999995791085672e-01,9.999999999999958922e-01,2.000000000000000111e-01,4.429759496037863897e-01,-5.637465708855379232e-01
9.999999999993559596e-01,2.517843023250622291e-12,1.000000000000000000e+00,1.724691475929338025e-01,9.999999999981856735e-01,2.000000000000000111e-01,4.429759592817006375e-01,-7.633260260706454803e-01
9.999999999999908962e-01,2.614508988850369275e-12,9.999999999999990008e-01,3.550192311149277247e-01,9.999999999997120081e-01,2.000000000000000111e-01,4.429759579122091173e-01,-7.491495079247173505e-01
9.999999999980255794e-01,1.073918760433508227e-14,3.522678300990380040e-01,9.999999987643702903e-01,9.999999999999404920e-01,2.000000000000000111e-01,4.429759460103610547e-01,-4.236095352477403653e-01
9.999999999999816813e-01,2.034151755575968743e-12,1.443001045627231860e-01,9.999999999180385624e-01,9.999999999992998934e-01,2.000000000000000111e-01,4.429759437425756508e-01,-3.351700409731398489e-01
9.999999999999767963e-01,1.174425096945770766e-11,5.127484262072836696e-01,9.999999991287648049e-01,9.999999999996140865e-01,2.000000000000000111e-01,4.429759477603227302e-01,-4.918548492925872706e-01
9.999999999997404299e-01,1.883711039250727414e-13,5.411624558576625388e-01,9.999999969643316167e-01,9.999999999996824762e-01,2.000000000000000111e-01,4.429759480701637164e-01,-5.039380821034890046e-01
9.999999999999740208e-01,3.028060527683247714e-12,9.194165730047170193e-01,9.999999989191682426e-01,9.999999999999423794e-01,2.000000000000000111e-01,4.429759521948380963e-01,-6.647928622185529379e-01
9.999999999999642508e-01,5.157941245145602492e-11,2.769228732720043773e-01,9.999999981047206221e-01,9.999999999999943379e-01,2.000000000000000111e-01,4.429759451887614885e-01,-3.915686508112165010e-01
9.999999999997442046e-01,3.951199988687627956e-14,7.364674466584517631e-01,9.999999988875624135e-01,9.999999999988976596e-01,2.000000000000000111e-01,4.429759501998681848e-01,-5.869926739766236912e-01
9.999999999012401108e-01,9.834536089844626867e-13,4.913947982084397870e-01,9.999999998006959823e-01,9.999999999990276667e-01,2.000000000000000111e-01,4.429759475274719360e-01,-4.827740937787169395e-01
9.999999999980893062e-01,5.053875919083516694e-12,1.000000000000000000e+00,4.181584802958855929e-01,9.999999999996594946e-01,2.000000000000000111e-01,4.429759574385381815e-01,-7.442462249767539673e-01
9.999999999993450794e-01,1.515443047758674761e-12,1.535157523055312445e-01,9.999999987653473976e-01,9.999999999999623634e-01,2.000000000000000111e-01,4.429759438430677654e-01,-3.390890492786456933e-01
9.999999999999710232e-01,2.758273831953689072e-10,9.369355788220172787e-01,9.999999989745287365e-01,9.999999999924199523e-01,2.000000000000000111e-01,4.429759523858741721e-01,-6.722429221176958736e-01
9.999999999994880762e-01,4.436799365616909215e-13,5.581503281213744394e-01,9.999999980332834326e-01,9.999999999983408827e-01,2.000000000000000111e-01,4.429759482554080363e-01,-5.111622742672424780e-01
9.999999999994262367e-01,1.781013210247482722e-12,2.676705235101024538e-01,9.999999989620863561e-01,9.999999999996924682e-01,2.000000000000000111e-01,4.429759450878691940e-01,-3.876340347798424846e-01
9.999999999994932942e-01,2.163743830901744661e-13,3.811799846658516788e-01,9.999990489720473885e-01,9.999999999996876943e-01,2.000000000000000111e-01,4.429759463256409679e-01,-4.359046721904921151e-01
9.999999999999998890e-01,1.195270323640434920e-11,5.081387098982870221e-01,9.999999995347583770e-01,9.999999999999668043e-01,2.000000000000000111e-01,4.429759477100560505e-01,-4.898945403821600708e-01
9.999999999990499822e-01,2.217976364735730383e-13,2.547811053982742546e-01,9.999999981306594288e-01,9.999999999997825073e-01,2.000000000000000111e-01,4.429759449473164579e-01,-3.821527342473244326e-01
9.999999999954164442e-01,3.043433095558953584e-13,4.421744993970563864e-01,9.999999989503304265e-01,9.999999999997044586e-01,2.000000000000000111e-01,4.429759469907488811e-01,-4.618428732957594596e-01
9.999999999997564171e-01,1.090486375484860376e-12,9.999999999999987788e-01,8.325168164720464503e-01,9.999999999996170841e-01,2.000000000000000111e-01,4.429759543300201274e-01,-7.120678859784356218e-01
9.999999999993742783e-01,1.953579535941676845e-11,9.999999999999594769e-01,4.059805563764761760e-01,9.999999999996516120e-01,2.000000000000000111e-01,4.429759575298970464e-01,-7.451919411114268366e-01
9.999999999999513722e-01,3.264917062421105738e-12,9.710436032837238551e-02,9.999999990800348959e-01,9.999999999996140865e-01,2.000000000000000111e-01,4.429759432279293807e-01,-3.150997741881930159e-01
9.999999999999710232e-01,3.686220250499973086e-12,8.869315465857334768e-01,9.999999989283443469e-01,9.999999999996193045e-01,2.000000000000000111e-01,4.429759518406048979e-01,-6.509784143382778554e-01
9.999999999999384936e-01,1.338561630337574786e-14,9.999999999999955591e-01,1.864792974152493787e-01,9.999999999999580336e-01,2.000000000000000111e-01,4.429759591765964344e-01,-7.622380224969055318e-01
9.999999999999392708e-01,3.081023581164536228e-12,9.879380350178774695e-01,9.999999986119429973e-01,9.999999999999893419e-01,2.000000000000000111e-01,4.429759529420307929e-01,-6.939320155677543012e-01
9.999999999993939293e-01,1.848822945989800399e-12,9.999999999999845679e-01,6.090335699676524550e-02,9.999999999992691402e-01,2.000000000000000111e-01,4.429759601186676887e-01,-7.719900289801689963e-01
9.999999999996174171e-01,3.264430030564364726e-11,1.351752999881810913e-01,9.999999979367765190e-01,9.999999999997678524e-01,2.000000000000000111e-01,4.429759436430741881e-01,-3.312896645019006714e-01
9.999999999979665155e-01,1.431735639027741423e-15,8.002928070026372742e-01,9.999999996328696739e-01,9.999999999999660272e-01,2.000000000000000111e-01,4.429759508958522329e-01,-6.141347824860389215e-01
9.999999999999380496e-01,5.134889190756230085e-12,1.234304161515960563e-01,9.999999982261696951e-01,9.999999999996207478e-01,2.000000000000000111e-01,4.429759435150020241e-01,-3.262950837908639157e-01
9.999999999997364331e-01,2.851063364512520427e-12,1.495219000152607225e-01,9.999999982717550084e-01,9.999999999999317213e-01,2.000000000000000111e-01,4.429759437995167692e-01,-3.373906402224772227e-01
9.999999999999513722e-01,3.706214292332763418e-12,6.645575573099127276e-01,9.999999990869623545e-01,9.999999999997962741e-01,2.000000000000000111e-01,4.429759494157263222e-01,-5.564125720512490547e-01
9.999999999994001465e-01,1.159488158171975202e-11,4.372008111193451674e-01,9.999999980275892097e-01,9.999999999992192912e-01,2.000000000000000111e-01,4.429759469365132651e-01,-4.597277832763281280e-01
9.999999999992746913e-01,4.210058163163988627e-12,9.150009122750667467e-01,9.999999954628872034e-01,9.999999999996594946e-01,2.000000000000000111e-01,4.429759521466875016e-01,-6.629150768815271766e-01
9.999999999994590993e-01,3.892119127889095987e-13,2.479746201692193952e-01,9.999999994301734807e-01,9.999999999998702149e-01,2.000000000000000111e-01,4.429759448730951066e-01,-3.792582364103872505e-01
9.999999999990857313e-01,2.395160649126739244e-13,2.186400371563852474e-01,9.999999993207306925e-01,9.999999999981983301e-01,2.000000000000000111e-01,4.429759445532159279e-01,-3.667835330618848255e-01
9.999999999975913711e-01,4.585271296490842411e-12,7.749153542802551531e-01,9.999999980402243249e-01,9.999999999995855537e-01,2.000000000000000111e-01,4.429759506191236484e-01,-6.033428721019239438e-01
9.999999999997422062e-01,3.854871052257945297e-12,4.486832341298634397e-01,9.999999978534311884e-01,9.999999999988711252e-01,2.000000000000000111e-01,4.429759470617234407e-01,-4.646107509739613173e-01
9.999999999981731280e-01,4.170686559802894882e-11,1.935409208975075734e-01,9.999999999793685035e-01,9.999999999997017941e-01,2.000000000000000111e-01,4.429759442795224711e-01,-3.561099867155422816e-01
9.999999999994708677e-01,1.505136966806955218e-12,8.909628095337654430e-02,9.999999957496465974e-01,9.999999999999473754e-01,2.000000000000000111e-01,4.429759431406052328e-01,-3.116942917575445948e-01
9.999999999996177502e-01,1.184997800457400629e-13,4.629821687710907741e-01,9.999999947095674635e-01,9.999999999997178923e-01,2.000000000000000111e-01,4.429759472176462709e-01,-4.706914569799388603e-01
9.999999999999739098e-01,1.778210239516040383e-12,8.024091658765103441e-02,9.999999992943103821e-01,9.999999999999055200e-01,2.000000000000000111e-01,4.429759430440418644e-01,-3.079284958845275311e-01
9.999999999989150901e-01,6.962137089694651522e-14,5.045334510884725843e-01,9.999999995347583770e-01,9.999999999999668043e-01,2.000000000000000111e-01,4.429759476707424426e-01,-4.883613829433793851e-01
9.999999999998756550e-01,4.953637541799647339e-13,4.176792931209476478e-01,9.999999992564740925e-01,9.999999999999542588e-01,2.000000000000000111e-01,4.429759467236407677e-01,-4.514261432366305504e-01
9.999999999993436361e-01,1.439187194372141447e-12,6.883318470430918046e-01,9.999999987842774773e-01,9.999999999996141975e-01,2.000000000000000111e-01,4.429759496749732239e-01,-5.665227281247292579e-01
9.999999999992877919e-01,1.102173921681788986e-12,1.855220699970291931e-01,9.999999981542269101e-01,9.999999999996044275e-01,2.000000000000000111e-01,4.429759441920808616e-01,-3.526999235140376721e-01
9.999999999979222176e-01,2.868336743999749790e-14,7.952144677904571246e-01,9.999999996111440526e-01,9.999999999999660272e-01,2.000000000000000111e-01,4.429759508404754187e-01,-6.119751889729768690e-01
9.999999999997669642e-01,7.201588205465974736e-12,9.288265275944009858e-01,9.999999975157420895e-01,9.999999999999689138e-01,2.000000000000000111e-01,4.429759522974490160e-01,-6.687945006691814465e-01
9.999999999999740208e-01,3.028060527683247714e-12,8.460690697966632978e-02,9.999999986446511668e-01,9.999999999994155786e-01,2.000000000000000111e-01,4.429759430916508367e-01,-3.097851589382337734e-01
9.999999999973798737e-01,3.636680917365206490e-12,9.668218206161522943e-01,9.999999970597331922e-01,9.999999999995624611e-01,2.000000000000000111e-01,4.429759527117689277e-01,-6.849522217519746770e-01
9.999999999997625233e-01,2.141187871532911310e-12,9.999999999939883644e-01,7.081444146324241684e-01,9.999999999999898970e-01,2.000000000000000111e-01,4.429759552630624375e-01,-7.217264277727312161e-01
9.999999999999721334e-01,1.146754538589646404e-13,6.279018538186719178e-01,9.999999989781043208e-01,9.999999999999904521e-01,2.000000000000000111e-01,4.429759490160140034e-01,-5.408245193110791105e-01
9.999999999998973044e-01,3.348302061403551257e-12,9.999999999999893419e-01,7.664804555809480169e-01,9.999999999998864242e-01,2.000000000000000111e-01,4.429759548254252333e-01,-7.171961535229974816e-01
9.999999999985685895e-01,3.721584473960071341e-12,9.435997948322559781e-01,9.999999991571850710e-01,9.999999999999722444e-01,2.000000000000000111e-01,4.429759524585441532e-01,-6.750769190205750947e-01
9.999999999999773515e-01,3.716185836750148013e-12,9.328456958028319423e-01,9.999999985051347684e-01,9.999999999995062838e-01,2.000000000000000111e-01,4.429759523412760136e-01,-6.705036754292242884e-01
9.999999999999502620e-01,2.039520735647158474e-09,9.999999999999893419e-01,4.915279484805862298e-02,9.999999999999842348e-01,2.000000000000000111e-01,4.429759602068205071e-01,-7.729025569531006168e-01
9.999999999984182653e-01,5.332204577495451694e-12,9.999999999999608091e-01,8.604607747283365971e-02,9.999999999997627453e-01,2.000000000000000111e-01,4.429759599300469031e-01,-7.700374895663332220e-01
9.999999999995842215e-01,3.036993896504504163e-12,1.976357716259971586e-01,9.999999979188202159e-01,9.999999999997765121e-01,2.000000000000000111e-01,4.429759443241748085e-01,-3.578513461481903635e-01
9.999999999999797939e-01,1.643619926127125204e-11,1.055914082758804273e-01,9.999999977077553837e-01,9.999999999994158006e-01,2.000000000000000111e-01,4.429759433204764618e-01,-3.187089411776885539e-01
9.999999999999346079e-01,1.425032838437975013e-13,9.529999408930832638e-01,9.999999977492578518e-01,9.999999999994795274e-01,2.000000000000000111e-01,4.429759525610481585e-01,-6.790743863356819565e-01
9.999999999994972910e-01,1.143381810921486307e-11,5.271409711455102842e-01,9.999999995850253898e-01,9.999999999999499289e-01,2.000000000000000111e-01,4.429759479172662995e-01,-4.979753633472517871e-01
9.999999999994053645e-01,3.808310033399130518e-13,6.090531730578593317e-01,9.999999980729648019e-01,9.999999999990099031e-01,2.000000000000000111e-01,4.429759488104784704e-01,-5.328090074149086641e-01
9.999999999999763522e-01,3.028060527683247714e-12,9.237014853418343829e-01,9.999999988295575903e-01,9.999999999999382716e-01,2.000000000000000111e-01,4.429759522415629425e-01,-6.666150463104761892e-01
9.999999999994599875e-01,2.096092869035086150e-14,2.961970274595682184e-01,9.999999992385895098e-01,9.999999999997664091e-01,2.000000000000000111e-01,4.429759453989366436e-01,-3.997650977571646225e-01
9.999999999993981481e-01,1.191417729197814922e-13,5.281314605300358594e-02,9.999999981930003390e-01,9.999999999998516742e-01,2.000000000000000111e-01,4.429759427449555531e-01,-2.962646757957062560e-01
9.999999999993218758e-01,1.162175241948343053e-13,9.999999999999705791e-01,5.925066589108390902e-01,9.999999999983800736e-01,2.000000000000000111e-01,4.429759561305773863e-01,-7.307066523279012182e-01
9.999999999993436361e-01,1.439187194372141447e-12,6.852211174679324612e-01,9.999999987842774773e-01,9.999999999996141975e-01,2.000000000000000111e-01,4.429759496410522468e-01,-5.651998721411414239e-01
9.999999999998935296e-01,1.162865235651984352e-12,4.128819687431102836e-01,9.999999995433116462e-01,9.999999999996127542e-01,2.000000000000000111e-01,4.429759466713282801e-01,-4.493860529052836617e-01
9.999999999997716271e-01,5.108717900550906797e-12,9.943153200571346328e-01,9.999999971199723392e-01,9.999999999996452837e-01,2.000000000000000111e-01,4.429759530115719435e-01,-6.966439935235834158e-01
9.999999999994262367e-01,5.992226529116030147e-13,3.555592965853510146e-02,9.999999989620863561e-01,9.999999999985834664e-01,2.000000000000000111e-01,4.429759425567741382e-01,-2.889259433193108739e-01
9.999999999999870104e-01,1.674324417864555423e-11,7.610810922478167262e-02,9.999999976708985328e-01,9.999999999969642062e-01,2.000000000000000111e-01,4.429759429989756359e-01,-3.061709954571042447e-01
9.999999999988029575e-01,2.574818334009485605e-12,9.999999999999988898e-01,2.975706536809448188e-01,9.999999999965447639e-01,2.000000000000000111e-01,4.429759583431885916e-01,-7.536108633223116415e-01
9.999999999978891330e-01,1.023568843341092487e-14,1.712405044034221169e-01,9.999999996284464343e-01,9.999999999989445110e-01,2.000000000000000111e-01,4.429759440363474354e-01,-3.466266039256230558e-01
9.999999999993974820e-01,1.221018519708372280e-12,9.576116461411050551e-01,9.999999954524210199e-01,9.999999999999477085e-01,2.000000000000000111e-01,4.429759526113365431e-01,-6.810355412008289866e-01
9.999999999984012788e-01,1.053063897941717745e-12,9.999999999999886757e-01,2.830365723804474931e-01,9.999999999996690425e-01,2.000000000000000111e-01,4.429759584522233729e-01,-7.547395544923450883e-01
9.999999999998289146e-01,2.448381078227438393e-11,7.103489406209503310e-01,9.999999989331882499e-01,9.999999999995338174e-01,2.000000000000000111e-01,4.429759499150587865e-01,-5.758856261993671177e-01
9.999999999999820144e-01,1.994085743997834763e-09,9.999999999999582556e-01,1.591295771354586663e-01,9.999999999999418243e-01,2.000000000000000111e-01,4.429759593817741981e-01,-7.643619536306961448e-01
9.999999999982005505e-01,5.863092363399617039e-13,5.503902502079919268e-01,9.999999990668654304e-01,9.999999999999107381e-01,2.000000000000000111e-01,4.429759481707882252e-01,-5.078622555722066556e-01
9.999999999999990008e-01,2.871616260185887212e-12,8.296904908351568908e-01,9.999999993282613353e-01,9.999999999999602540e-01,2.000000000000000111e-01,4.429759512164194724e-01,-6.266363198597925122e-01
9.999999999977858822e-01,1.226154721634650294e-12,6.469368629103339208e-01,9.999999989372673204e-01,9.999999999999523714e-01,2.000000000000000111e-01,4.429759492235813556e-01,-5.489192684944771417e-01
9.999999999999767963e-01,1.174425096945770766e-11,1.395251581716610567e-01,9.999999991755286199e-01,9.999999999999923395e-01,2.000000000000000111e-01,4.429759436905072456e-01,-3.331394670922379619e-01
9.999999999026621955e-01,9.782810596482043201e-13,6.135015779072393594e-01,9.999999993780256391e-01,9.999999999999319433e-01,2.000000000000000111e-01,4.429759488589861127e-01,-5.347007175483112773e-01
9.999999999999997780e-01,1.874668338703082883e-12,3.995332532760704769e-01,9.999999941484505328e-01,9.999999999999479305e-01,2.000000000000000111e-01,4.429759465257671613e-01,-4.437094338349342193e-01
9.999999999995570210e-01,7.459565354595978690e-13,9.999999999999994449e-01,6.059292137539965539e-01,9.999999999998153699e-01,2.000000000000000111e-01,4.429759560298813237e-01,-7.296642803468081917e-01
9.999999999987537747e-01,3.312106685165060796e-12,9.999999999999484857e-01,9.853247078074274246e-01,9.999999999999072964e-01,2.000000000000000111e-01,4.429759531836546804e-01,-7.002010941232638119e-01
9.999999999999752420e-01,2.046587697284092411e-13,8.052439079127327037e-01,9.999999992993134912e-01,9.999999999999447109e-01,2.000000000000000111e-01,4.429759509498415460e-01,-6.162402671918906227e-01
9.999999999999932276e-01,5.071492520483430353e-12,2.269998995324079005e-01,9.999999994235897471e-01,9.999999999999884537e-01,2.000000000000000111e-01,4.429759446443761184e-01,-3.703386135267107138e-01
9.999999999999165112e-01,6.592296714556353041e-14,7.010711866762688871e-01,9.999999992677938154e-01,9.999999999999990008e-01,2.000000000000000111e-01,4.429759498138894358e-01,-5.719402069312148340e-01
9.999999999999471534e-01,1.087815008765960961e-13,3.905826205317268207e-01,9.999999955945313435e-01,9.999999999999825695e-01,2.000000000000000111e-01,4.429759464281649572e-01,-4.399031246889092417e-01
9.999999999993491873e-01,4.071642949823971576e-12,8.913537325069003092e-01,9.999999975229414417e-01,9.999999999965817343e-01,2.000000000000000111e-01,4.429759518888266578e-01,-6.528589749293948197e-01
9.999999999988800070e-01,7.381888411664625588e-14,6.917865864599485048e-01,9.998331192729198458e-01,9.999999999999984457e-01,2.000000000000000111e-01,4.429759497138974211e-01,-5.680048358791379703e-01
9.999999999999714673e-01,1.142239376559717536e-12,9.795291603577175321e-01,9.999911403467768301e-01,9.999999999999845679e-01,2.000000000000000111e-01,4.429759528504026433e-01,-6.903567802521878294e-01
9.999999999997708500e-01,3.506284975311506238e-10,6.729769397598354130e-01,9.999999981818413763e-01,9.999999999971084241e-01,2.000000000000000111e-01,4.429759495075355491e-01,-5.599929638543058585e-01
9.999999999996169731e-01,5.017931057389667688e-13,1.308107968482485894e-02,9.999999981045292197e-01,9.999999999999065192e-01,2.000000000000000111e-01,4.429759423116970130e-01,-2.793683817098452371e-01
9.999999999994603206e-01,4.128413746516572722e-12,7.847587592554615687e-01,9.999999997960602460e-01,9.999999999999649170e-01,2.000000000000000111e-01,4.429759507264611207e-01,-6.075288376238433541e-01
9.999999999988148369e-01,4.088860669588115098e-13,6.688866677604944355e-01,9.999999979315301601e-01,9.999999999999374944e-01,2.000000000000000111e-01,4.429759494629331718e-01,-5.582535517328360841e-01
9.999999999973798737e-01,3.516554786100764553e-12,5.742801590802240064e-01,9.999999980344148609e-01,9.999999999989800381e-01,2.000000000000000111e-01,4.429759484312958961e-01,-5.180215794187762457e-01
9.999999999982137622e-01,1.781048487599647702e-14,7.898926941527790735e-01,9.999999980875968753e-01,9.999999999996996847e-01,2.000000000000000111e-01,4.429759507824441167e-01,-6.097120736615778691e-01
9.999999999996678213e-01,4.495537852741829907e-13,6.357374601673393411e-01,9.999999998831403669e-01,9.999999999999730216e-01,2.000000000000000111e-01,4.429759491014574335e-01,-5.441566567646035635e-01
9.999999999979517495e-01,3.693699951617195324e-12,9.704077576275014216e-01,9.999999970597331922e-01,9.999999999999563682e-01,2.000000000000000111e-01,4.429759527508718153e-01,-6.864771624832642916e-01
9.999999999989150901e-01,2.304656162988195094e-14,5.171115510166260920e-01,9.999999970296759022e-01,9.999999999998775424e-01,2.000000000000000111e-01,4.429759478079004498e-01,-4.937102938521041873e-01
9.999999999996218580e-01,7.550717357980364350e-13,5.452498111802708269e-01,9.999999943260806656e-01,9.999999999999896749e-01,2.000000000000000111e-01,4.429759481147342859e-01,-5.056762541157272528e-01
9.999999999998129274e-01,2.381834310131406510e-11,8.387602567393915853e-01,9.999999989331882499e-01,9.999999999996689315e-01,2.000000000000000111e-01,4.429759513153207484e-01,-6.304932909987394085e-01
9.999999999999710232e-01,3.798930862388293805e-12,8.966206954600279833e-01,9.999999989745287365e-01,9.999999999996210809e-01,2.000000000000000111e-01,4.429759519462602713e-01,-6.550987816821395304e-01
9.999999999995877742e-01,5.482242330059291488e-12,9.015371800674913949e-01,9.999999994005825954e-01,9.999999999999981126e-01,2.000000000000000111e-01,4.429759519998721085e-01,-6.571895455436659317e-01
9.999999999998687716e-01,7.749989603593361792e-13,3.561502130997937776e-01,9.999999971075456129e-01,9.999999999994588773e-01,2.000000000000000111e-01,4.429759460526965231e-01,-4.252605415018096968e-01
9.999999999994658717e-01,2.585221237768021333e-13,2.125991222039342321e-01,9.999999979666397421e-01,9.999999999998339106e-01,2.000000000000000111e-01,4.429759444873427321e-01,-3.642145986777730604e-01
9.999999999994055866e-01,1.529609922084314699e-12,2.357514688070626030e-01,9.999999953736281588e-01,9.999999999996909139e-01,2.000000000000000111e-01,4.429759447398076699e-01,-3.740602699684133503e-01
9.999999999987959631e-01,3.868599397927559107e-12,7.178810942996818323e-01,9.999999974435909156e-01,9.999999999996729283e-01,2.000000000000000111e-01,4.429759499971931969e-01,-5.790887188130647845e-01
9.999999999987708721e-01,5.632563937469379610e-13,2.911080401844396426e-01,9.999999956974033877e-01,9.999999999999499289e-01,2.000000000000000111e-01,4.429759453434437555e-01,-3.976009763674396291e-01
9.999999999998376854e-01,1.101441149321401527e-09,9.999999999999893419e-01,9.975888161131685195e-01,9.999999999999921174e-01,2.000000000000000111e-01,4.429759530916492771e-01,-6.992486850609437310e-01
9.999999999996240785e-01,1.312747379699255201e-12,6.951106022998083667e-01,9.999999981134147786e-01,9.999999999999075184e-01,2.000000000000000111e-01,4.429759497488922060e-01,-5.694054335802950506e-01
9.999999999994687583e-01,9.426622730448940438e-13,9.329331612334190726e-02,9.999999976491255049e-01,9.999999999983506527e-01,2.000000000000000111e-01,4.429759431863718455e-01,-3.134791054146642830e-01
9.999999999999380496e-01,3.058558379454545430e-12,3.764835716824164735e-01,9.999999989017827051e-01,9.999999999998196998e-01,2.000000000000000111e-01,4.429759462744217724e-01,-4.339074212741872438e-01
9.999999999998917533e-01,3.244881111599753287e-12,7.401825540079333132e-01,9.999999730303151813e-01,9.999999999999965583e-01,2.000000000000000111e-01,4.429759502403797788e-01,-5.885725471582755608e-01
9.999999999998666622e-01,1.708520184665799084e-10,3.139899085101186538e-01,9.999999992763149992e-01,9.999999999999831246e-01,2.000000000000000111e-01,4.429759455929592193e-01,-4.073316247050192684e-01
9.999999999998427924e-01,1.275174478516908085e-12,3.689542289441589129e-01,9.999999984320613322e-01,9.999999999998746558e-01,2.000000000000000111e-01,4.429759461923180042e-01,-4.307055241813161350e-01
9.999999999997640776e-01,5.935769950071179974e-13,9.999999999999723554e-01,5.555833796106233180e-01,9.999999999993552935e-01,2.000000000000000111e-01,4.429759564075759770e-01,-7.335740492029304560e-01
9.999999999996959099e-01,1.367802378660823354e-12,1.192759482286760708e-01,9.999999957496465974e-01,9.999999999999473754e-01,2.000000000000000111e-01,4.429759434696996512e-01,-3.245283721494772733e-01
9.999999999999752420e-01,1.744838808234013684e-12,9.613938191569768588e-01,9.999999978437704717e-01,9.999999999999044098e-01,2.000000000000000111e-01,4.429759526525792190e-01,-6.826439322575120761e-01
9.999999999996775912e-01,7.372502933799889064e-12,8.762267971698618485e-01,9.999999975157420895e-01,9.999999999999692468e-01,2.000000000000000111e-01,4.429759517238749389e-01,-6.464261570183381655e-01
9.999999999999671374e-01,5.473168531196749595e-13,9.964207802995670438e-01,9.999999976216703557e-01,9.999999999999695799e-01,2.000000000000000111e-01,4.429759530345309670e-01,-6.975393527931524895e-01
9.999999999976052489e-01,2.017501094280461362e-09,8.181606291919254481e-01,9.999999995445854051e-01,9.999999999999640288e-01,2.000000000000000111e-01,4.429759510906920439e-01,-6.217331786015701800e-01
9.999999999993974820e-01,4.488920667575003272e-12,5.713774797181840892e-01,9.999999950277403959e-01,9.999999999999767963e-01,2.000000000000000111e-01,4.429759483996436042e-01,-5.167871982412700627e-01
9.999999999997404299e-01,3.627054955142629537e-14,8.134786571232872632e-01,9.999999969643316167e-01,9.999999999996824762e-01,2.000000000000000111e-01,4.429759510396374389e-01,-6.197421427391279769e-01
9.999999999999953371e-01,5.673627422018463890e-12,3.313256601182840155e-01,9.999999991587706916e-01,9.999999999999924505e-01,2.000000000000000111e-01,4.429759457819970048e-01,-4.147037546907469396e-01
9.999999999999750200e-01,2.944022059925791911e-12,9.838715614143760391e-01,9.999999989362486907e-01,9.999999999999893419e-01,2.000000000000000111e-01,4.429759528976879301e-01,-6.922027238092455237e-01
9.999999999999710232e-01,3.773438592316098484e-12,7.235094393595881135e-02,9.999999989283443469e-01,9.999999999996193045e-01,2.000000000000000111e-01,4.429759429580055752e-01,-3.045732387993197454e-01
9.999999999026621955e-01,9.903415480648102349e-13,5.663156587731473790e-01,9.999999977958811126e-01,9.999999999999626965e-01,2.000000000000000111e-01,4.429759483444469792e-01,-5.146346290016615699e-01
9.999999999994599875e-01,1.000129912387505709e-12,7.517983827358978299e-01,9.999999992367880619e-01,9.999999999998928635e-01,2.000000000000000111e-01,4.429759503670444576e-01,-5.935122443709709428e-01
9.999999999987150279e-01,1.230700676526812421e-13,7.321501878697740384e-01,9.999999993091237549e-01,9.999999999999591438e-01,2.000000000000000111e-01,4.429759501527906207e-01,-5.851567343404849852e-01
9.999999999999432676e-01,1.870759865772305015e-13,9.999999999999893419e-01,1.485342447640652930e-02,9.999999999999812372e-01,2.000000000000000111e-01,4.429759604641345105e-01,-7.755661856787504638e-01
9.999999999999994449e-01,6.603995554947649555e-13,2.093529458129272935e-01,9.999999997100509352e-01,9.999999999999781286e-01,2.000000000000000111e-01,4.429759444519447698e-01,-3.628341430065785689e-01
9.999999999999995559e-01,1.175167540268489219e-12,9.999999999999903411e-01,2.126225654303290080e-01,9.999999999998131495e-01,2.000000000000000111e-01,4.429759589804695419e-01,-7.602077823229579367e-01
9.999999999994708677e-01,5.251066139033494256e-12,4.689477902994502179e-01,9.999999957496465974e-01,9.999999999999473754e-01,2.000000000000000111e-01,4.429759472826984568e-01,-4.732283724181914897e-01
9.999999999995976552e-01,9.263230286747187353e-14,2.572774921113273328e-01,9.999999993112442809e-01,9.999999999989854782e-01,2.000000000000000111e-01,4.429759449745382938e-01,-3.832143372369779533e-01
