9.999999999807503981e-01,7.121979461579320114e-14,9.999999999999845679e-01,8.438275073342646482e-02,9.999999999997305489e-01,6.999999999999999556e-01,4.429759651169859480e-01,-8.213915471605705010e-01
9.999999999967141839e-01,3.577958630719879868e-12,9.999999999999998890e-01,2.378028468517084382e-01,9.999999999997069011e-01,6.999999999999999556e-01,4.429759639660276749e-01,-8.094772125587977873e-01
9.999999999975364151e-01,9.999975711225479458e-01,9.999999999999826805e-01,1.412640457983731722e-08,9.999999999999917843e-01,6.999999999999999556e-01,4.429759736754039778e-01,-8.280916477816721022e-01
9.999999999990597521e-01,1.174187414959069817e-13,6.937534006030356970e-01,9.999999968710769904e-01,9.999999999999682476e-01,6.999999999999999556e-01,4.429759549085533488e-01,-6.200531622672403875e-01
9.999999999880178070e-01,4.173169165174802813e-12,3.819441891173875336e-01,9.999999966641436311e-01,9.999999999991204813e-01,6.999999999999999556e-01,4.429759515084278343e-01,-4.874544675834145968e-01
9.999999999999065192e-01,3.571370250322132425e-12,9.999999999999998890e-01,6.162853188629371370e-01,9.999999999946805884e-01,6.999999999999999556e-01,4.429759611266504971e-01,-7.800849300205200398e-01
9.999999999972191134e-01,3.051090434975624936e-13,9.999999999999990008e-01,4.238592058780480953e-01,9.999999999998001599e-01,6.999999999999999556e-01,4.429759625702320847e-01,-7.950284032298854386e-01
9.999999999987545518e-01,7.598302797347017151e-14,9.999999999999998890e-01,1.363912404889893459e-01,9.999999999986617372e-01,6.999999999999999556e-01,4.429759647268179945e-01,-8.173526593952896713e-01
9.999999999978290699e-01,4.026351774575485819e-14,7.869822229421474802e-01,9.999999994196407949e-01,9.999999999999511502e-01,6.999999999999999556e-01,4.429759559251675860e-01,-6.596992651842331634e-01
9.999999999871882483e-01,2.565732576886747365e-13,9.999999999999699130e-01,2.665228815446462063e-01,9.999999999998259170e-01,6.999999999999999556e-01,4.429759637505698566e-01,-8.072468652198784289e-01
9.999999999999619194e-01,2.123788304055788125e-12,9.999999999999960032e-01,7.593576507693948763e-01,9.999999999999532596e-01,6.999999999999999556e-01,4.429759600533212383e-01,-7.689741845731649095e-01
9.999999999998657740e-01,1.058001077395976464e-10,6.983916758380515066e-01,9.999999965205794705e-01,9.999999999999962252e-01,6.999999999999999556e-01,4.429759549591314460e-01,-6.220256160233995635e-01
9.999999999951193486e-01,3.903963153187758856e-13,2.849447542616966866e-01,9.999999962282319910e-01,9.999999999998612221e-01,6.999999999999999556e-01,4.429759504506968759e-01,-4.462048894300604251e-01
9.999999999977681187e-01,1.392976562704393000e-12,9.999999999999437117e-01,6.396500205575413878e-01,9.999999999999887867e-01,6.999999999999999556e-01,4.429759609513684304e-01,-7.782704684153501917e-01
9.999999999999185096e-01,6.825334749187082572e-14,9.999999999999968914e-01,6.919630365536879602e-01,9.999999999998103739e-01,6.999999999999999556e-01,4.429759605589159710e-01,-7.742079316793263333e-01
9.999999999991456834e-01,1.542007016323006751e-13,9.999999999999996669e-01,1.625722101923257057e-01,9.999999999994791944e-01,6.999999999999999556e-01,4.429759645304082727e-01,-8.153194913743003758e-01
9.999999999984513499e-01,2.010571044438528079e-12,8.227090788445411418e-01,9.999999971805421106e-01,9.999999999998770983e-01,6.999999999999999556e-01,4.429759563147513401e-01,-6.748923202256554843e-01
9.999999999999390488e-01,4.981310345150442528e-13,8.035575424431160574e-01,9.999999995780375350e-01,9.999999999999485967e-01,6.999999999999999556e-01,4.429759561059132822e-01,-6.667480169381351240e-01
9.999999999981249443e-01,7.398860499169555220e-13,2.426375203412691195e-01,9.999999994365437184e-01,9.999999999999490408e-01,6.999999999999999556e-01,4.429759499893573538e-01,-4.282134899930588601e-01
9.999999999980518917e-01,5.714531941271133572e-13,2.997995991796937876e-01,9.999999969525064092e-01,9.999999999998808731e-01,6.999999999999999556e-01,4.429759506126816349e-01,-4.525219992391035229e-01
9.999999999997726263e-01,3.576256725971974457e-12,1.000000000000000000e+00,1.266021434428047931e-01,9.999999999998384625e-01,6.999999999999999556e-01,4.429759648002558614e-01,-8.181128634396622745e-01
9.999999999997701838e-01,1.233283050355044574e-13,4.110572343858573396e-01,9.999999992949324401e-01,9.999999999999329425e-01,6.999999999999999556e-01,4.429759518258912232e-01,-4.998349605107653693e-01
9.999999999979287679e-01,3.061534630926734373e-14,9.999999999999983347e-01,4.857034661774865536e-01,9.999999999992441602e-01,6.999999999999999556e-01,4.429759621062761554e-01,-7.902256868381934973e-01
9.999999999999723554e-01,8.379810405599579006e-13,8.358177107433965025e-01,9.999999971483690686e-01,9.999999999979706233e-01,6.999999999999999556e-01,4.429759564576944975e-01,-6.804668427732801783e-01
9.999999999999398259e-01,3.268247602521539899e-13,8.267075353947562766e-01,9.999999998698168024e-01,9.999999999999691358e-01,6.999999999999999556e-01,4.429759563583525184e-01,-6.765926870998023590e-01
9.999999999998530065e-01,1.077192106549065112e-10,9.999999999999976685e-01,2.807226896127779647e-01,9.999999999999896749e-01,6.999999999999999556e-01,4.429759636440428472e-01,-8.061441331212509942e-01
9.999999999998493427e-01,4.487056730963460853e-14,2.050608224758503073e-02,9.999999968833204189e-01,9.999999999998578915e-01,6.999999999999999556e-01,4.429759475671237179e-01,-3.337507942284855256e-01
9.999999999997027933e-01,9.881171171019890290e-12,2.157919482963207569e-01,9.999999967988368876e-01,9.999999999993499644e-01,6.999999999999999556e-01,4.429759496966196863e-01,-4.167972533433469406e-01
9.999999999999718003e-01,8.041721543344632902e-13,6.555158467095094643e-01,9.999999971533498622e-01,9.999999999998884226e-01,6.999999999999999556e-01,4.429759544915917169e-01,-6.037924183411248480e-01
9.999999999994099165e-01,2.104219532226598619e-13,9.999999999999993339e-01,8.114161865215865355e-01,9.999999999994012567e-01,6.999999999999999556e-01,4.429759596627779183e-01,-7.649314103244534424e-01
9.999999999996010969e-01,1.014360628703907076e-10,9.999999999999964473e-01,1.656633461502260429e-02,9.999999999998961941e-01,6.999999999999999556e-01,4.429759656257449829e-01,-8.266580506592987598e-01
9.999999999993225419e-01,2.168069324698113089e-13,6.750731638899223341e-01,9.999999984651736229e-01,9.999999999999530376e-01,6.999999999999999556e-01,4.429759547048545687e-01,-6.121092819959536024e-01
9.999999999997205569e-01,4.179295220135830489e-12,6.843302303090062488e-02,9.999999967202328754e-01,9.999999999994831912e-01,6.999999999999999556e-01,4.429759480897433876e-01,-3.541320067094687607e-01
9.999999999997321032e-01,3.090020510277808150e-14,8.672866229173451513e-01,9.999999964603871749e-01,9.999999999998145928e-01,6.999999999999999556e-01,4.429759568008474480e-01,-6.938491821680009553e-01
9.999999999995127231e-01,1.961281017582201095e-13,4.574374198807004133e-01,9.999999994957714522e-01,9.999999999998654410e-01,6.999999999999999556e-01,4.429759523316442182e-01,-5.195584062117707402e-01
9.999999999999870104e-01,4.909677040282554442e-13,9.999999999999976685e-01,5.660081923016198335e-02,9.999999999999047429e-01,6.999999999999999556e-01,4.429759653254061180e-01,-8.235490430563651154e-01
9.999999999999260591e-01,1.084037396658607154e-13,6.035682221981945039e-01,9.999999967853702154e-01,9.999999999999825695e-01,6.999999999999999556e-01,4.429759539251285072e-01,-5.817013865811383466e-01
9.999999999929430894e-01,3.102426659971074538e-14,1.893685438692003509e-01,9.999999984311358503e-01,9.999999999993474109e-01,6.999999999999999556e-01,4.429759494084855032e-01,-4.055605456170919831e-01
9.999999999992595923e-01,2.528798003952407044e-12,9.999999999999998890e-01,4.483844266690211744e-01,9.999999999999596989e-01,6.999999999999999556e-01,4.429759623862437601e-01,-7.931238177536680256e-01
9.999999999999291678e-01,1.781213477405012512e-13,9.999999999999990008e-01,9.004031854026652848e-01,9.999999999996485034e-01,6.999999999999999556e-01,4.429759589951970389e-01,-7.580208366334636461e-01
9.999999999984663379e-01,1.403054527942106906e-12,9.999999999999994449e-01,6.798968244142492567e-01,9.999999999999891198e-01,6.999999999999999556e-01,4.429759606494367286e-01,-7.751449724731770408e-01
9.999999999989162003e-01,1.199947619399077267e-12,9.999999999999990008e-01,5.081304965019592945e-01,9.999999999999591438e-01,6.999999999999999556e-01,4.429759619380284619e-01,-7.884840431413256967e-01
9.999999999991313615e-01,3.710042012707080064e-12,2.377081799087905345e-01,9.999999964626926641e-01,9.999999999988616883e-01,6.999999999999999556e-01,4.429759499356053509e-01,-4.261172593149363808e-01
9.999999999967003061e-01,1.466989798868747994e-13,9.999999999999921174e-01,6.052597158710915082e-01,9.999999999999773515e-01,6.999999999999999556e-01,4.429759612093646659e-01,-7.809411589400280240e-01
9.999999999950911489e-01,2.164479825540783040e-13,2.219598373841504269e-01,9.999999989816227286e-01,9.999999999990912825e-01,6.999999999999999556e-01,4.429759497638774413e-01,-4.194201841589250135e-01
9.999999999995129452e-01,3.952350747787110355e-13,9.084510664940235181e-01,9.999999967918290489e-01,9.999999999992111865e-01,6.999999999999999556e-01,4.429759572497253828e-01,-7.113546030375167417e-01
9.999999999982545074e-01,4.690565319935352442e-14,9.557135400714622531e-01,9.999999966373815941e-01,9.999999999999762412e-01,6.999999999999999556e-01,4.429759577650993485e-01,-7.314532469441460405e-01
9.999999999951347807e-01,3.074046776726212412e-12,9.999999999999436007e-01,6.665024331710596162e-01,9.999999999989119814e-01,6.999999999999999556e-01,4.429759607499215157e-01,-7.761851573193997433e-01
9.999999999998845368e-01,1.516735101562829991e-12,9.999999999999976685e-01,4.392983642120984467e-02,9.999999999999349409e-01,6.999999999999999556e-01,4.429759654204638575e-01,-8.245330492767161124e-01
9.999999999997886135e-01,9.677534097022386283e-13,9.999999999999865663e-01,5.435864547679505332e-01,9.999999999992995603e-01,6.999999999999999556e-01,4.429759616720377324e-01,-7.857305958351555875e-01
9.999999999998269162e-01,1.208462631334557071e-11,8.721618958938966992e-01,9.999999992123563830e-01,9.999999999999227285e-01,6.999999999999999556e-01,4.429759568540098669e-01,-6.959224203610013815e-01
9.999999999999390488e-01,1.013952789660146354e-13,4.207876751645662772e-01,9.999999981315251807e-01,9.999999999999160671e-01,6.999999999999999556e-01,4.429759519319968475e-01,-5.039728875725569823e-01
9.999999999943788298e-01,3.304628888665421944e-14,9.999999999999998890e-01,8.245529457540626828e-01,9.999999999993443023e-01,6.999999999999999556e-01,4.429759595642258629e-01,-7.639112327269511615e-01
9.999999999997579714e-01,6.285857506989062381e-11,9.999999999999964473e-01,6.909793666795496921e-09,9.999999999999202860e-01,6.999999999999999556e-01,4.429759657500256242e-01,-8.279445625073277304e-01
9.999999999983730792e-01,7.802240779816569437e-12,9.999999999998506750e-01,5.930003004918761311e-01,9.999999999999982236e-01,6.999999999999999556e-01,4.429759613013348196e-01,-7.818932035578441964e-01
9.999999999997650768e-01,3.031301351756468543e-12,9.999999999999976685e-01,1.487405383649896828e-01,9.999999999999397149e-01,6.999999999999999556e-01,4.429759646341735468e-01,-8.163936346607097994e-01
9.999999999156845565e-01,7.900449881044656510e-14,6.269268240554362048e-01,9.999999968731062561e-01,9.999999999999985567e-01,6.999999999999999556e-01,4.429759541798425349e-01,-5.916347689193423021e-01
9.999999999982092103e-01,1.083046761572965363e-14,9.999999999999976685e-01,3.587395308352004930e-01,9.999999999999651390e-01,6.999999999999999556e-01,4.429759630587601360e-01,-8.000854825636788403e-01
9.999999999991681099e-01,2.718201534480227983e-14,2.067650415869616842e-01,9.999999969253076104e-01,9.999999999992421618e-01,6.999999999999999556e-01,4.429759495981857031e-01,-4.129585083490586728e-01
9.999999999997044586e-01,1.792116714238805099e-12,3.895479259810114003e-02,9.999999967988368876e-01,9.999999999993499644e-01,6.999999999999999556e-01,4.429759477682977953e-01,-3.415962164398059775e-01
9.999999999998986366e-01,8.417957478731811970e-13,9.298158713499375949e-01,9.999999982895272366e-01,9.999999999998239186e-01,6.999999999999999556e-01,4.429759574826980240e-01,-7.204401114057527034e-01
9.999999999880690993e-01,1.069830591454713787e-14,2.722541965837783629e-01,9.999999993540704679e-01,9.999999999999000799e-01,6.999999999999999556e-01,4.429759503123126274e-01,-4.408081551550954158e-01
9.999999999952071672e-01,3.909482073664321420e-15,2.510086567833101912e-01,9.999999967657020594e-01,9.999999999992223998e-01,6.999999999999999556e-01,4.429759500806405015e-01,-4.317733650354379504e-01
9.999999999994402256e-01,1.625322164348128305e-12,9.999999999999997780e-01,8.002926237400225240e-01,9.999999999994230171e-01,6.999999999999999556e-01,4.429759597462268883e-01,-7.657952466290772753e-01
9.999999999988287147e-01,6.387170211899667468e-13,9.999999999999793499e-01,8.745033223087641527e-01,9.999999999996708189e-01,6.999999999999999556e-01,4.429759591894979476e-01,-7.600321744099886034e-01
9.999999999975812681e-01,3.554932298431756834e-13,5.438990590947941905e-01,9.999999966840942278e-01,9.999999999999763522e-01,6.999999999999999556e-01,4.429759532744657613e-01,-5.563267252573981247e-01
9.999999999976362242e-01,2.569896915362151972e-14,9.999999999999997780e-01,4.967744414724540314e-01,9.999999999990212274e-01,6.999999999999999556e-01,4.429759620232216477e-01,-7.893659343846571863e-01
9.999999999999986677e-01,2.050336195664069229e-12,2.895593070314810835e-01,9.999999971954691702e-01,9.999999999998743228e-01,6.999999999999999556e-01,4.429759505010162912e-01,-4.481672549655481008e-01
9.999999999997932765e-01,7.252340583662842939e-13,9.463470468000005908e-01,9.999999982152122380e-01,9.999999999993764987e-01,6.999999999999999556e-01,4.429759576629623274e-01,-7.274700906610690465e-01
9.999999999999760192e-01,4.831295815708905649e-12,6.125990210992888763e-01,9.999999967189507899e-01,9.999999999992470467e-01,6.999999999999999556e-01,4.429759540236049009e-01,-5.855417867486908401e-01
9.999999999908528725e-01,8.872407599228519060e-14,9.999999999999933387e-01,9.647449419797692327e-01,9.999999999999471534e-01,6.999999999999999556e-01,4.429759585125048749e-01,-7.530241690775351104e-01
9.999999999993548494e-01,1.356877103123953518e-14,9.999999999999976685e-01,2.049241914775816187e-01,9.999999999998369082e-01,6.999999999999999556e-01,4.429759642126835373e-01,-8.120305110592070941e-01
9.999999999991513455e-01,3.453380173862356827e-13,9.655585610035548605e-01,9.999999999926458827e-01,9.999999999997123412e-01,6.999999999999999556e-01,4.429759578724544178e-01,-7.356398995369298754e-01
9.999999999999776845e-01,8.430301929490623833e-13,3.437556629051395918e-01,9.999999983436810291e-01,9.999999999996098676e-01,6.999999999999999556e-01,4.429759510920008303e-01,-4.712145728572417758e-01
9.999999999999444888e-01,3.102426659971074538e-14,4.070693004051275654e-01,9.999999980904681340e-01,9.999999999999146238e-01,6.999999999999999556e-01,4.429759517824047865e-01,-4.981390683062801861e-01
9.999999999999791278e-01,3.564512416190447324e-14,7.742799728468687803e-01,9.999999973021264088e-01,9.999999999999449329e-01,6.999999999999999556e-01,4.429759557866558839e-01,-6.542975590467240421e-01
9.999999999999619194e-01,2.997485381674634403e-13,9.999999999999990008e-01,4.109095210357879280e-01,9.999999999999781286e-01,6.999999999999999556e-01,4.429759626673806516e-01,-7.960340529595270054e-01
9.999999998349083929e-01,1.116338554113643744e-13,5.557477036122541181e-01,9.999999979364507796e-01,9.999999999999534817e-01,6.999999999999999556e-01,4.429759534036693536e-01,-5.613654306863676835e-01
9.999999999998373523e-01,6.441021007149308832e-14,9.999999999999437117e-01,6.275620096284115768e-01,9.999999999999652500e-01,6.999999999999999556e-01,4.429759610420527238e-01,-7.792092020662716445e-01
9.999999999943913753e-01,1.703191881572460500e-13,6.308953466574622748e-01,9.999999996989605844e-01,9.999999999998676614e-01,6.999999999999999556e-01,4.429759542231173075e-01,-5.933224061957763640e-01
9.999999999998714362e-01,5.939483603128429499e-13,5.243976800340207634e-01,9.999999963289828431e-01,9.999999999999568123e-01,6.999999999999999556e-01,4.429759530618128105e-01,-5.480336495424161791e-01
9.999999999996737055e-01,2.594454980705534579e-13,4.029943360220537008e-01,9.999999977431970333e-01,9.999999999999229505e-01,6.999999999999999556e-01,4.429759517379692757e-01,-4.964061658456216941e-01
9.999999999991513455e-01,3.453380173862356827e-13,4.986178063179439457e-01,9.999999999926458827e-01,9.999999999997123412e-01,6.999999999999999556e-01,4.429759527806960140e-01,-5.370706068633405161e-01
9.999999999999514833e-01,2.303732014472274916e-13,3.210859855773406935e-09,9.999999981290446094e-01,9.999999999996098676e-01,6.999999999999999556e-01,4.429759473435150308e-01,-3.250304638351301234e-01
9.999999999978290699e-01,2.456787281911066874e-13,7.480852744450616765e-01,9.999999994176157481e-01,9.999999999999511502e-01,6.999999999999999556e-01,4.429759555010155947e-01,-6.431581098600803736e-01
9.999999999996965760e-01,5.336444244444344266e-12,9.999999999999998890e-01,4.358891730992216496e-01,9.999999999999527045e-01,6.999999999999999556e-01,4.429759624799832207e-01,-7.940941771513633229e-01
9.999999999996413980e-01,9.238247890371800726e-14,9.999999999999714673e-01,2.931694321548638515e-01,9.999999999999302780e-01,6.999999999999999556e-01,4.429759635506673177e-01,-8.051775410049412107e-01
9.999999999994306776e-01,7.990263350151398325e-14,9.334806772789450147e-01,9.999999968665748140e-01,9.999999999999967804e-01,6.999999999999999556e-01,4.429759575226609458e-01,-7.219985917174703838e-01
9.999999999946275198e-01,3.229296461004873426e-14,1.000000000000000000e+00,3.241552949356024671e-02,9.999999999996501687e-01,6.999999999999999556e-01,4.429759655068442603e-01,-8.254272300833510601e-01
9.999999999999619194e-01,2.948279937969860397e-13,9.999999999999990008e-01,3.982251152384685966e-01,9.999999999999781286e-01,6.999999999999999556e-01,4.429759627625391438e-01,-7.970191015850284222e-01
9.999999999999732436e-01,1.733764427494131508e-13,1.638703807182447653e-02,9.999999967934944944e-01,9.999999999999228395e-01,6.999999999999999556e-01,4.429759475222075915e-01,-3.319991465580524048e-01
9.999999999974361620e-01,3.763136500971600023e-12,8.174737372476932329e-01,9.999999998149140534e-01,9.999999999999904521e-01,6.999999999999999556e-01,4.429759562576625065e-01,-6.726659603218986261e-01
9.999999999999009681e-01,3.341813062685329984e-13,9.999999999999998890e-01,7.738874194059065514e-01,9.999999999999864553e-01,6.999999999999999556e-01,4.429759599443188756e-01,-7.678458283171273324e-01
9.999999999991444621e-01,1.542007016323006751e-13,9.999999999999996669e-01,1.893397502039202429e-01,9.999999999994525490e-01,6.999999999999999556e-01,4.429759643295980709e-01,-8.132407713354722345e-01
9.999999999987057020e-01,1.974509248310148572e-12,8.533460681565457895e-01,9.999999967116498523e-01,9.999999999999439337e-01,6.999999999999999556e-01,4.429759566488326028e-01,-6.879208795301513524e-01
9.999999999989325206e-01,1.086617853144411826e-13,5.837092884335142173e-01,9.999999993718087232e-01,9.999999999999936717e-01,6.999999999999999556e-01,4.429759537085766197e-01,-5.732562584031227759e-01
9.999999999998208100e-01,1.237442259207850565e-14,5.066341807469998404e-01,9.999999984890356464e-01,9.999999999999658051e-01,6.999999999999999556e-01,4.429759528681106451e-01,-5.404796171907545466e-01
9.999999999999373834e-01,7.042070386428164488e-13,3.584274713190155892e-01,9.999999990449677245e-01,9.999999999999874545e-01,6.999999999999999556e-01,4.429759512519896303e-01,-4.774538453227200607e-01
9.999999999979648502e-01,7.104133917439463972e-14,5.606113274243367250e-01,9.999999974254858426e-01,9.999999999999545919e-01,6.999999999999999556e-01,4.429759534567047630e-01,-5.634337152582354902e-01
9.999999999995642375e-01,3.721313896651604438e-14,2.761847850809314164e-01,9.999999968580566279e-01,9.999999999999442668e-01,6.999999999999999556e-01,4.429759503551737310e-01,-4.424796611455238393e-01
9.999999998539810253e-01,9.338457838165249444e-15,1.162582535851081900e-01,9.999999968818957807e-01,9.999999999993448574e-01,6.999999999999999556e-01,4.429759486112538891e-01,-3.744699662943856699e-01
9.999999999998772093e-01,4.981310345150442528e-13,9.369184745194709674e-01,9.999999969951032242e-01,9.999999999999452660e-01,6.999999999999999556e-01,4.429759575601484034e-01,-7.234605351323460942e-01
9.999999999972191134e-01,3.149563226846732017e-13,9.999999999999990008e-01,3.289738217007219245e-01,9.999999999998001599e-01,6.999999999999999556e-01,4.429759632820626236e-01,-8.023970351378805210e-01
9.999999999970901055e-01,9.855597753659854556e-14,3.631497502011636347e-01,9.999999968635608916e-01,9.999999999991129318e-01,6.999999999999999556e-01,4.429759513034837726e-01,-4.794620222644193630e-01
9.999999999996440625e-01,1.753879304949751592e-13,1.849403924498506102e-01,9.999999968663105809e-01,9.999999999999191758e-01,6.999999999999999556e-01,4.429759493601986842e-01,-4.036774483936605984e-01
9.999999999964267472e-01,6.651233115464478818e-01,9.999999999999584777e-01,9.640184612774078976e-10,9.999999999999243938e-01,6.999999999999999556e-01,4.429759710213924118e-01,-8.280423934240347394e-01
9.999999999999217293e-01,3.912558470697548856e-12,5.893592772853167849e-01,9.999999974238649170e-01,9.999999999999782396e-01,6.999999999999999556e-01,4.429759537701869476e-01,-5.756589494286971087e-01
9.999999999988291588e-01,3.297710944604515974e-12,7.824627820782728005e-01,9.999999984324096092e-01,9.999999999999568123e-01,6.999999999999999556e-01,4.429759558758853411e-01,-6.577773465436286271e-01
9.999999999999736877e-01,6.740914526125425659e-14,1.575120039879517320e-01,9.999999977377145299e-01,9.999999999998778755e-01,6.999999999999999556e-01,4.429759490611056560e-01,-3.920133653747971403e-01
9.999999999977768894e-01,1.822471935369429337e-14,1.379629451786023586e-01,9.999999978367127840e-01,9.999999999999514833e-01,6.999999999999999556e-01,4.429759488479328433e-01,-3.837000135315410398e-01
9.999999999998833156e-01,3.625794211844560794e-12,3.850782122530255758e-01,9.999999966214375702e-01,9.999999999996340705e-01,6.999999999999999556e-01,4.429759515426028305e-01,-4.887872292929401619e-01
9.999999999996413980e-01,2.240310202154347565e-13,9.999999999999710232e-01,5.832201961548042490e-01,9.999999999999302780e-01,6.999999999999999556e-01,4.429759613747052405e-01,-7.826527092453098300e-01
9.999999999967003061e-01,6.291369535225744773e-14,9.999999999999921174e-01,5.726921459929662506e-01,9.999999999999773515e-01,6.999999999999999556e-01,4.429759614536866730e-01,-7.834702990887268959e-01
9.999999999977692289e-01,7.067218752232186885e-11,9.999999999999996669e-01,7.067545243179598202e-01,9.999999999992188471e-01,6.999999999999999556e-01,4.429759604479501234e-01,-7.730592507765204902e-01
9.999999999994755306e-01,1.961281017582201095e-13,4.515679899360538485e-01,9.999999994957714522e-01,9.999999999998279154e-01,6.999999999999999556e-01,4.429759522676409711e-01,-5.170623967268973553e-01
9.999999999999947820e-01,1.303844690004247810e-12,9.999999999999976685e-01,3.831788157434117270e-01,9.999999999999860112e-01,6.999999999999999556e-01,4.429759628754165179e-01,-7.981875707178679447e-01
9.999999999931872274e-01,1.174187414959069817e-13,7.128134899795979251e-01,9.999999968304096321e-01,9.999999999999682476e-01,6.999999999999999556e-01,4.429759551163942044e-01,-6.281585769892953364e-01
9.999999999998870903e-01,2.127974576118454498e-13,4.350353411457102970e-01,9.999999965792178980e-01,9.999999999996754818e-01,6.999999999999999556e-01,4.429759520873606249e-01,-5.100317911570458884e-01
9.999999999980518917e-01,5.714531941271133572e-13,6.510177924215978518e-01,9.999999969525064092e-01,9.999999999998808731e-01,6.999999999999999556e-01,4.429759544425426188e-01,-6.018795944084748273e-01
9.999999999997388755e-01,2.923593771516751956e-12,5.156763992036560440e-01,9.999999972962564376e-01,9.999999999991949773e-01,6.999999999999999556e-01,4.429759529667115503e-01,-5.443248736780684771e-01
9.999999999951832974e-01,4.373096559833030008e-14,8.403403799827640075e-01,9.999999966192540946e-01,9.999999999992287281e-01,6.999999999999999556e-01,4.429759565070119920e-01,-6.823901344149990722e-01
9.999999999999897859e-01,1.855616458054367983e-13,7.608304068805258336e-01,9.999999967723197658e-01,9.999999999999334976e-01,6.999999999999999556e-01,4.429759556399949783e-01,-6.485780523327892011e-01
9.999999999959913177e-01,2.330505065356185296e-13,8.874226287719070294e-01,9.999999990840104935e-01,9.999999999999614753e-01,6.999999999999999556e-01,4.429759570204206409e-01,-7.024121364702605730e-01
9.999999999993789412e-01,2.020617667766211888e-13,7.184565861845687573e-01,9.999999984651736229e-01,9.999999999998741007e-01,6.999999999999999556e-01,4.429759551779293703e-01,-6.305583365972570187e-01
9.999999999879708446e-01,1.185835321442334405e-13,8.448416458488012815e-01,9.999999982123470854e-01,9.999999999999983347e-01,6.999999999999999556e-01,4.429759565560960621e-01,-6.843043239820972845e-01
9.999999999880104795e-01,9.210275740813561308e-14,9.999999999999934497e-01,9.533984264081618587e-01,9.999999999999471534e-01,6.999999999999999556e-01,4.429759585976265068e-01,-7.539053195043013966e-01
9.999999999928498307e-01,9.333785285959041340e-13,5.476157536534879133e-01,9.999999966219189629e-01,9.999999999999553690e-01,6.999999999999999556e-01,4.429759533149944528e-01,-5.579072714076717121e-01
9.999999999929430894e-01,3.290552990141959196e-14,2.019772404741977390e-01,9.999999984311358503e-01,9.999999999993808286e-01,6.999999999999999556e-01,4.429759495459771323e-01,-4.109224677477004706e-01
9.999999999999190647e-01,2.630166148112659083e-13,4.255801427239048196e-01,9.999999992196729748e-01,9.999999999999298339e-01,6.999999999999999556e-01,4.429759519842563775e-01,-5.060109124057191599e-01
9.999999999999947820e-01,5.110680058245585770e-14,9.999999999999985567e-01,3.706720233856770630e-01,9.999999999999860112e-01,6.999999999999999556e-01,4.429759629692425205e-01,-7.991588261974077456e-01
9.999999999999736877e-01,6.740914526125425659e-14,1.459289225794767886e-01,9.999999977126511341e-01,9.999999999995369260e-01,6.999999999999999556e-01,4.429759489347978585e-01,-3.870875921191215818e-01
9.999999999988158361e-01,1.618891153444813895e-13,9.999999999999997780e-01,8.357899370181670617e-01,9.999999999956051822e-01,6.999999999999999556e-01,4.429759594799259070e-01,-7.630385877651649773e-01
9.999999999989412913e-01,5.802364591555465553e-13,1.000000000000000000e+00,1.760484667565593853e-01,9.999999999998622213e-01,6.999999999999999556e-01,4.429759644293093102e-01,-8.142729490115959701e-01
9.999999999989815924e-01,3.751988180672639656e-13,3.341279289475614922e-01,9.999999997188666612e-01,9.999999999999309441e-01,6.999999999999999556e-01,4.429759509870150880e-01,-4.671203224572758606e-01
9.999999999980518917e-01,6.919300339455024014e-13,5.984455558057530933e-01,9.999999989945663748e-01,9.999999999998779865e-01,6.999999999999999556e-01,4.429759538692683574e-01,-5.795229425019278180e-01
9.999999999967360553e-01,3.246764337355839818e-12,9.999999999999998890e-01,8.483650166959099126e-01,9.999999999999666933e-01,6.999999999999999556e-01,4.429759593855875921e-01,-7.620620292132397333e-01
9.999999999996638245e-01,5.100738058429127980e-12,9.999999999999710232e-01,7.466496568025799974e-01,9.999999999999724665e-01,6.999999999999999556e-01,4.429759601486567000e-01,-7.699610650139311341e-01
9.999999999905930803e-01,7.081107351041012648e-14,1.755723827376767243e-01,9.999999967926936906e-01,9.999999999996540545e-01,6.999999999999999556e-01,4.429759492580451763e-01,-3.996936473636188980e-01
9.999999999999833467e-01,6.424145258370217122e-12,3.712611943215970434e-01,9.999999968542571116e-01,9.999999999998294697e-01,6.999999999999999556e-01,4.429759513919350744e-01,-4.829114614184891741e-01
9.999999999996525002e-01,2.818814071589939556e-13,8.771601656322236540e-01,9.999999970657240667e-01,9.999999999995010658e-01,6.999999999999999556e-01,4.429759569085135462e-01,-6.980479640291229471e-01
9.999999999994235722e-01,2.367799938587514740e-12,9.999999999999984457e-01,3.164724918535362086e-01,9.999999999998362421e-01,6.999999999999999556e-01,4.429759633758476589e-01,-8.033678664090609933e-01
9.999999999941234785e-01,3.349597188031370978e-14,7.792322193345651016e-01,9.999999989082856144e-01,9.999999999994459987e-01,6.999999999999999556e-01,4.429759558406576314e-01,-6.564035307667260843e-01
9.999999999943627316e-01,2.248033876669387932e-13,9.033541325012818257e-01,9.999999967033218473e-01,9.999999999992325028e-01,6.999999999999999556e-01,4.429759571941458418e-01,-7.091871019906218487e-01
9.999999999998446798e-01,3.054437964562693294e-13,7.240625782226228768e-01,9.999999968623572988e-01,9.999999999999691358e-01,6.999999999999999556e-01,4.429759552390599708e-01,-6.329423176917466920e-01
9.999999999998406830e-01,3.564512416190447324e-14,7.691528835146743681e-01,9.999999972977948737e-01,9.999999999999449329e-01,6.999999999999999556e-01,4.429759557307474949e-01,-6.521172342599103056e-01
9.999999999998653299e-01,5.494778014364547094e-13,3.384410357891247112e-01,9.999999968153930885e-01,9.999999999999679146e-01,6.999999999999999556e-01,4.429759510340474105e-01,-4.689544966461501874e-01
9.999999999981779020e-01,8.493806484041603222e-13,9.131542457197185936e-01,9.999999968796455807e-01,9.999999999994716449e-01,6.999999999999999556e-01,4.429759573010112472e-01,-7.133546575624242214e-01
9.999999999945184959e-01,1.846928164942325718e-12,3.107604842549908652e-01,9.999999967384585187e-01,9.999999999999288347e-01,6.999999999999999556e-01,4.429759507322046930e-01,-4.571831798760709331e-01
9.999999999997388755e-01,4.181631430138127936e-13,8.065989547133811666e-02,9.999999966641436311e-01,9.999999999992208455e-01,6.999999999999999556e-01,4.429759482230713474e-01,-3.593315558805815213e-01
9.999999999997333244e-01,2.104219532226598619e-13,9.999999999999948930e-01,9.133085567133297777e-01,9.999999999996626032e-01,6.999999999999999556e-01,4.429759588983808727e-01,-7.570186282151772916e-01
9.999999999973052667e-01,1.350149741707561478e-14,7.101646929489393578e-01,9.999999979567226749e-01,9.999999999999475975e-01,6.999999999999999556e-01,4.429759550875103646e-01,-6.270321604389578196e-01
9.999999999998399058e-01,4.804892266306574946e-13,7.649559319211564068e-01,9.999999971483690686e-01,9.999999999989138688e-01,6.999999999999999556e-01,4.429759556849818258e-01,-6.503324560064976945e-01
9.999999999950613949e-01,4.488413540251520462e-14,9.654308996841466650e-02,9.999999966253729777e-01,9.999999999998921973e-01,6.999999999999999556e-01,4.429759483962697475e-01,-3.660859774352757112e-01
9.999999999997636335e-01,4.952018743005177596e-12,9.999999999999933387e-01,8.876519642630289475e-01,9.999999999999802380e-01,6.999999999999999556e-01,4.429759590908567413e-01,-7.590110740215091356e-01
9.999999999952061680e-01,3.067477698696187717e-12,3.515731392142587564e-02,9.999999963943115855e-01,9.999999999988152810e-01,6.999999999999999556e-01,4.429759477268881973e-01,-3.399813164063435478e-01
9.999999999998719913e-01,4.302860572690506916e-15,9.807082284823270824e-01,9.999999984619515336e-01,9.999999999998752109e-01,6.999999999999999556e-01,4.429759580376540495e-01,-7.420823845428484722e-01
9.999999999998568923e-01,2.624205333221472721e-13,3.123056372071873060e-02,9.999999967174674209e-01,9.999999999999412692e-01,6.999999999999999556e-01,4.429759476840688937e-01,-3.383114428442762778e-01
9.999999999998703260e-01,5.471812531252333648e-15,4.941815145702006529e-01,9.999999971318559444e-01,9.999999999994654276e-01,6.999999999999999556e-01,4.429759527323204882e-01,-5.351840480194355321e-01
9.999999999996921352e-01,6.412137092424591215e-13,8.580701975736587661e-01,9.999999997495020443e-01,9.999999999998963052e-01,6.999999999999999556e-01,4.429759567003468956e-01,-6.899298430170640595e-01
9.999999999972191134e-01,3.051090434975624936e-13,9.999999999999990008e-01,3.054926420638299223e-01,9.999999999998001599e-01,6.999999999999999556e-01,4.429759634582185468e-01,-8.042205422156721850e-01
9.999999999997044586e-01,8.966843615062631240e-13,1.711933342778969025e-01,9.999999967988368876e-01,9.999999999993499644e-01,6.999999999999999556e-01,4.429759492102938179e-01,-3.978314313402301350e-01
9.999999999999392708e-01,1.981260496077566754e-13,8.128168289544311920e-01,9.999999997853834532e-01,9.999999999998003819e-01,6.999999999999999556e-01,4.429759562068812384e-01,-6.706855827782270962e-01
9.999999999945365925e-01,3.866577953093992237e-12,3.061898671058700394e-01,9.999999967398265355e-01,9.999999999999605871e-01,6.999999999999999556e-01,4.429759506823643389e-01,-4.552394981447188682e-01
9.999999999990908384e-01,4.049301429839475646e-12,6.839546060512430303e-01,9.999999966662715956e-01,9.999999999999534817e-01,6.999999999999999556e-01,4.429759548017023207e-01,-6.158861674691366028e-01
9.999999999998524514e-01,4.230947192950935103e-14,2.801091080521141974e-01,9.999999994281663085e-01,9.999999999999310552e-01,6.999999999999999556e-01,4.429759503979665558e-01,-4.441485022895866885e-01
9.999999999997390976e-01,8.335945185733717650e-14,8.401682268249729968e-02,9.999999996711854688e-01,9.999999999991955324e-01,6.999999999999999556e-01,4.429759482596769549e-01,-3.607591086186644480e-01
9.999999999940721862e-01,1.703191881572460500e-13,3.253824730936379916e-01,9.999999996989605844e-01,9.999999999998676614e-01,6.999999999999999556e-01,4.429759508916502608e-01,-4.634012660991330135e-01
9.999999999996348476e-01,4.104899047778084393e-15,9.999999999999996669e-01,2.526069309722971945e-01,9.999999999999754641e-01,6.999999999999999556e-01,4.429759638549674028e-01,-8.083275534456374478e-01
9.999999999988518073e-01,1.208462631334557071e-11,1.273777953507803096e-01,9.999999991911664443e-01,9.999999999999227285e-01,6.999999999999999556e-01,4.429759487325070078e-01,-3.791986164219974809e-01
9.999999999931872274e-01,1.174187414959069817e-13,7.320741230917147124e-01,9.999999968304096321e-01,9.999999999999398259e-01,6.999999999999999556e-01,4.429759553264219218e-01,-6.363492741062543034e-01
9.999999999981779020e-01,8.493806484041603222e-13,9.264431935532783102e-01,9.999999968727512067e-01,9.999999999999639178e-01,6.999999999999999556e-01,4.429759574459206650e-01,-7.190058605149410864e-01
9.999999999965368813e-01,3.422315017230678214e-01,9.999999999999996669e-01,1.172562047457859080e-12,9.999999999992366106e-01,6.999999999999999556e-01,4.429759684623464366e-01,-8.279949005726122691e-01
9.999999999981855625e-01,2.632163561108877293e-13,6.888279892154796080e-01,9.999999993070450843e-01,9.999999999999479305e-01,6.999999999999999556e-01,4.429759548548441450e-01,-6.179586020168509330e-01
9.999999999970803355e-01,7.947830845685932167e-14,6.361476863675923354e-01,9.999999968807741224e-01,9.999999999999980016e-01,6.999999999999999556e-01,4.429759542803914929e-01,-5.955559946601131083e-01
9.999999999997836175e-01,6.412137092424591215e-13,1.161499448716052374e-02,9.999999993895657413e-01,9.999999999999042988e-01,6.999999999999999556e-01,4.429759474701707722e-01,-3.299698068527873174e-01
9.999999999998305800e-01,6.982207938082339689e-11,2.113408739605752151e-01,9.999999962490383476e-01,9.999999999994227950e-01,6.999999999999999556e-01,4.429759496480829006e-01,-4.149044079378537697e-01
9.999999999945574647e-01,2.582359102514555957e-13,4.895265122766767063e-01,9.999999964902626104e-01,9.999999999999732436e-01,6.999999999999999556e-01,4.429759526815599813e-01,-5.332044810610180319e-01
9.999999999970831110e-01,1.744813002054867526e-12,8.493003537408860826e-01,9.999999996158775994e-01,9.999999999996119771e-01,6.999999999999999556e-01,4.429759566047160591e-01,-6.862004155365851732e-01
9.999999999966614483e-01,3.349597188031370978e-14,1.418184067296414386e-01,9.999999983074202570e-01,9.999999999994669819e-01,6.999999999999999556e-01,4.429759488899747133e-01,-3.853395711163961623e-01
9.999999999988592458e-01,6.248697782666226360e-15,5.508607113414819567e-01,9.999999995089881022e-01,9.999999999999983347e-01,6.999999999999999556e-01,4.429759533503790925e-01,-5.592872084586205661e-01
9.999999999998568923e-01,2.644273841979661528e-13,1.068477608087468056e-01,9.999999967163195613e-01,9.999999999999412692e-01,6.999999999999999556e-01,4.429759485086370852e-01,-3.704680990987542222e-01
9.999999999996737055e-01,2.940728736822102274e-14,3.894881571797976783e-01,9.999999977431970333e-01,9.999999999999229505e-01,6.999999999999999556e-01,4.429759515906910861e-01,-4.906625841330617410e-01
9.999999999993842703e-01,5.238266421227122608e-13,2.947707099912278972e-01,9.999999968478272550e-01,9.999999999998830935e-01,6.999999999999999556e-01,4.429759505578441114e-01,-4.503834346462342042e-01
9.999999999999069633e-01,1.769661833528839776e-13,9.999999999999996669e-01,7.198405533453401395e-01,9.999999999997659650e-01,6.999999999999999556e-01,4.429759603497787079e-01,-7.720430127971443790e-01
9.999999999999572564e-01,4.012097761098783265e-12,7.409993599860280611e-01,9.999999963289828431e-01,9.999999999998433475e-01,6.999999999999999556e-01,4.429759554237472363e-01,-6.401447834452277386e-01
9.999999999909855442e-01,2.246519651057473727e-13,6.331918105190803558e-02,9.999999968151634944e-01,9.999999999999807931e-01,6.999999999999999556e-01,4.429759480339794386e-01,-3.519573154286391725e-01
9.999999999987158050e-01,1.660387385480487873e-13,8.995860362623692152e-01,9.999999995581008161e-01,9.999999999999477085e-01,6.999999999999999556e-01,4.429759571530565987e-01,-7.075846967588635961e-01
9.999999999999878986e-01,1.086617853144411826e-13,5.933164366902070608e-01,9.999999993718087232e-01,9.999999999999799050e-01,6.999999999999999556e-01,4.429759538133378194e-01,-5.773417545074209789e-01
9.999999999950858198e-01,3.268797621405972746e-13,9.899212919308550962e-01,9.999999961905992052e-01,9.999999999999691358e-01,6.999999999999999556e-01,4.429759581381179645e-01,-7.460002939494342344e-01
9.999999999951834084e-01,4.157602557951553572e-13,2.547234486723317093e-01,9.999999962490383476e-01,9.999999999998574474e-01,6.999999999999999556e-01,4.429759501211484873e-01,-4.333531020994397798e-01
9.999999999965754061e-01,3.659494186739219397e-13,5.398045056306076395e-02,9.999999967165521531e-01,9.999999999998887557e-01,6.999999999999999556e-01,4.429759479321451754e-01,-3.479859655611844405e-01
9.999999999981299403e-01,2.141169541904324675e-13,5.655578450049274508e-01,9.999999974320533669e-01,9.999999999997261080e-01,6.999999999999999556e-01,4.429759535106441160e-01,-5.655372508500039475e-01
9.999999999999059641e-01,5.799402057958267191e-13,9.999999999999968914e-01,5.191776657475035694e-01,9.999999999945543561e-01,6.999999999999999556e-01,4.429759618551525890e-01,-7.876261394238194269e-01
9.999999999968839370e-01,1.131780773343130569e-13,7.057887300555985011e-01,9.999999968612210965e-01,9.999999999993923749e-01,6.999999999999999556e-01,4.429759550397927015e-01,-6.251712566563690787e-01
9.999999999998235856e-01,1.007423276645660554e-14,5.387762677432983427e-01,9.999999964783571338e-01,9.999999999999568123e-01,6.999999999999999556e-01,4.429759532186042237e-01,-5.541482282269375448e-01
9.999999999997366551e-01,1.961646386348560005e-13,7.988645503646405466e-01,9.999999965297841076e-01,9.999999999999089617e-01,6.999999999999999556e-01,4.429759560547385511e-01,-6.647522947871177257e-01
9.999999999997027933e-01,4.176995739136051813e-13,2.252617006181632520e-01,9.999999967988368876e-01,9.999999999993499644e-01,6.999999999999999556e-01,4.429759497998826401e-01,-4.208243210211884966e-01
9.999999999807503981e-01,4.276285261041915788e-14,9.999999999999845679e-01,7.033654602270228429e-02,9.999999999997341016e-01,6.999999999999999556e-01,4.429759652223606015e-01,-8.224823506911055349e-01
9.999999999987970734e-01,2.810015313611349360e-12,9.213303778453900417e-02,9.999999963016443782e-01,9.999999999988608002e-01,6.999999999999999556e-01,4.429759483481803262e-01,-3.642105769218521027e-01
9.999999999943913753e-01,1.670566295413537811e-13,6.051813303595721116e-03,9.999999981319310782e-01,9.999999999996306288e-01,6.999999999999999556e-01,4.429759474095070759e-01,-3.276040315462952490e-01
9.999999999991658894e-01,3.349597188031370978e-14,7.533181012245107055e-01,9.999999987356030795e-01,9.999999999994459987e-01,6.999999999999999556e-01,4.429759555580770058e-01,-6.453834001704629175e-01
9.999999999945574647e-01,8.736669950269629065e-14,4.659451933854224515e-01,9.999999982586226244e-01,9.999999999999982236e-01,6.999999999999999556e-01,4.429759524244173408e-01,-5.231763868553532815e-01
9.999999999999080735e-01,3.903413134303326008e-13,5.030111746873158207e-01,9.999999998018658243e-01,9.999999999999661382e-01,6.999999999999999556e-01,4.429759528286035253e-01,-5.389389125273572612e-01
9.999999999998714362e-01,4.012097761098783265e-12,6.420296249975354641e-01,9.999999963289828431e-01,9.999999999990801802e-01,6.999999999999999556e-01,4.429759543445311309e-01,-5.980573235792762121e-01
9.999999999982643883e-01,5.716332660257052171e-13,7.439159112860762590e-01,9.999999987387050426e-01,9.999999999998387956e-01,6.999999999999999556e-01,4.429759554555507406e-01,-6.413850637926669096e-01
9.999999999999736877e-01,6.740914526125425659e-14,3.670319163500129211e-01,9.999999977126511341e-01,9.999999999995369260e-01,6.999999999999999556e-01,4.429759513458168541e-01,-4.811129361057052689e-01
9.999999999998986366e-01,8.417957478731811970e-13,9.759754479623913292e-01,9.999999982895272366e-01,9.999999999998239186e-01,6.999999999999999556e-01,4.429759579860454433e-01,-7.400697419014826695e-01
9.999999999999638067e-01,3.090072949379644495e-12,1.932810519495516410e-01,9.999999969425696911e-01,9.999999999996956879e-01,6.999999999999999556e-01,4.429759494511494866e-01,-4.072243627242492225e-01
9.999999999988595789e-01,4.217496435034577598e-14,1.225631416890235609e-01,9.999999998825795933e-01,9.999999999997634115e-01,6.999999999999999556e-01,4.429759486800055601e-01,-3.771511566796023063e-01
9.999999999999833467e-01,4.299259676337054877e-12,9.719020407195628763e-01,9.999999998656027289e-01,9.999999999999666933e-01,6.999999999999999556e-01,4.429759579416269188e-01,-7.383375014749237186e-01
9.999999999944303442e-01,5.403974682456099885e-14,6.595458520507416766e-01,9.999999994106951728e-01,9.999999999999938938e-01,6.999999999999999556e-01,4.429759545355368977e-01,-6.055062015565705336e-01
9.999999999980518917e-01,5.791231525209583883e-13,6.475673524251034374e-01,9.999999984392199393e-01,9.999999999998788747e-01,6.999999999999999556e-01,4.429759544049172715e-01,-6.004122744608569873e-01
9.999999999932471795e-01,2.016917216861163831e-12,1.965865035104458758e-01,9.999999997857563772e-01,9.999999999999029665e-01,6.999999999999999556e-01,4.429759494871937653e-01,-4.086300251538105277e-01
9.999999999987057020e-01,1.974509248310148572e-12,8.626496068641762438e-01,9.999999967116498523e-01,9.999999999999678035e-01,6.999999999999999556e-01,4.429759567502831175e-01,-6.918772638935622998e-01
9.999999999999671374e-01,4.565287775975728756e-13,1.496665807013989880e-01,9.999999967341234308e-01,9.999999999996587174e-01,6.999999999999999556e-01,4.429759489755552004e-01,-3.886770532178084325e-01
9.999999999970674569e-01,8.627912541960865781e-15,4.402833308185118977e-01,9.999999995861930113e-01,9.999999999991129318e-01,6.999999999999999556e-01,4.429759521445873482e-01,-5.122635292906453364e-01
9.999999999951193486e-01,2.018237251746774545e-12,3.157005274912805803e-01,9.999999966582729938e-01,9.999999999998612221e-01,6.999999999999999556e-01,4.429759507860734358e-01,-4.592839622221428497e-01
9.999999999979037879e-01,4.339577208474384165e-13,9.999999999999976685e-01,1.132139978411715320e-01,9.999999999997128963e-01,6.999999999999999556e-01,4.429759649006937972e-01,-8.191525632608330776e-01
9.999999999970061726e-01,3.580917262450075215e-13,4.845439640794387826e-01,9.999999962443252288e-01,9.999999999998332445e-01,6.999999999999999556e-01,4.429759526272277204e-01,-5.310856232557553680e-01
9.999999999999638067e-01,7.354699305545461148e-11,5.788052317534748692e-01,9.999999969425696911e-01,9.999999999999362732e-01,6.999999999999999556e-01,4.429759536551003407e-01,-5.711707797458854818e-01
9.999999999995569100e-01,8.430301929490623833e-13,3.988942273781406200e-01,9.999999983436810291e-01,9.999999999999154010e-01,6.999999999999999556e-01,4.429759516932596508e-01,-4.946625705671013895e-01
9.999999999998406830e-01,3.564512416190447324e-14,7.898584703929594220e-01,9.999999963951812232e-01,9.999999999998280265e-01,6.999999999999999556e-01,4.429759559565317195e-01,-6.609224065039892571e-01
9.999999999970181630e-01,6.115150021145032054e-14,5.338288677091742596e-01,9.999999962263288467e-01,9.999999999999944489e-01,6.999999999999999556e-01,4.429759531646552673e-01,-5.520443173850483332e-01
9.999999999998704370e-01,7.456931371451021769e-13,7.949963591722747358e-01,9.999999989309876769e-01,9.999999999999569233e-01,6.999999999999999556e-01,4.429759560125577922e-01,-6.631073236241075142e-01
9.999999999998965272e-01,3.996991586650296107e-12,3.773357607524199797e-01,9.999999966380024308e-01,9.999999999999318323e-01,6.999999999999999556e-01,4.429759514581751989e-01,-4.854947064129174761e-01
9.999999999995342614e-01,4.149176260749865720e-12,9.999999999999964473e-01,9.413455611684879987e-01,9.999999999993517408e-01,6.999999999999999556e-01,4.429759586880471778e-01,-7.548413238020658111e-01
9.999999999967144060e-01,1.598116153101807601e-12,2.443441621452575180e-02,9.999999994523011138e-01,9.999999999999317213e-01,6.999999999999999556e-01,4.429759476099602300e-01,-3.354213410725296329e-01
9.999999999994101385e-01,4.596359092956544110e-14,7.275572457339829491e-01,9.999999967882371443e-01,9.999999999999751310e-01,6.999999999999999556e-01,4.429759552771675990e-01,-6.344284455401428824e-01
9.999999999980518917e-01,9.433395410714689530e-14,6.181638985066716385e-01,9.999999989945663748e-01,9.999999999998779865e-01,6.999999999999999556e-01,4.429759540842871379e-01,-5.879082833043892675e-01
9.999999998583134486e-01,1.920056940081972236e-14,3.211141857440540370e-01,9.999999999469373346e-01,9.999999999998891997e-01,6.999999999999999556e-01,4.429759508451066585e-01,-4.615861518680756115e-01
9.999999999997760680e-01,8.471157277311182281e-13,9.999999999999437117e-01,6.524732679926676937e-01,9.999999999999887867e-01,6.999999999999999556e-01,4.429759608551683825e-01,-7.772746375916815831e-01
9.999999999993548494e-01,1.356877103123953518e-14,9.999999999999976685e-01,2.148117768214751755e-01,9.999999999998369082e-01,6.999999999999999556e-01,4.429759641385068170e-01,-8.112626585865948536e-01
9.999999999996613820e-01,1.152296162826593366e-13,5.751611098804899624e-01,9.999999982666503140e-01,9.999999999999822364e-01,6.999999999999999556e-01,4.429759536153629607e-01,-5.696210954589348008e-01
9.999999999995921041e-01,4.491379101439459135e-15,9.999999999999998890e-01,7.884883987471398292e-01,9.999999999994464428e-01,6.999999999999999556e-01,4.429759598347822735e-01,-7.667119419630598065e-01
9.999999999997976063e-01,2.631723130155969638e-14,2.313360791335032918e-01,9.999999992191054288e-01,9.999999999993398614e-01,6.999999999999999556e-01,4.429759498661207662e-01,-4.234074858989415047e-01
9.999999999988909982e-01,3.088646300998766524e-13,7.567823444987568093e-01,9.999999968623572988e-01,9.999999999999866773e-01,6.999999999999999556e-01,4.429759555958528439e-01,-6.468565900732187179e-01
9.999999999941165951e-01,1.334259017838212756e-13,8.819696902198024269e-01,9.999999966208709123e-01,9.999999999994895195e-01,6.999999999999999556e-01,4.429759569609590941e-01,-7.000932425826037475e-01
9.999999999998314681e-01,8.175355785613502334e-13,1.668083783703713241e-01,9.999999983331759879e-01,9.999999999996503908e-01,6.999999999999999556e-01,4.429759491624780110e-01,-3.959667030205143989e-01
9.999999999951597607e-01,3.067289857309678613e-12,8.911312216587166102e-01,9.999999963943115855e-01,9.999999999988481436e-01,6.999999999999999556e-01,4.429759570608610697e-01,-7.039892375411488379e-01
9.999999999997676303e-01,7.069812707274891612e-13,9.999999999999996669e-01,2.254325076710701758e-01,9.999999999999217293e-01,6.999999999999999556e-01,4.429759640588300518e-01,-8.104378713234380305e-01
9.999999999998703260e-01,5.824987304370463150e-13,9.866637585409333555e-01,9.999999964540206010e-01,9.999999999999944489e-01,6.999999999999999556e-01,4.429759581025962123e-01,-7.446150087627804171e-01
9.999999999997388755e-01,2.810015313611349360e-12,8.809457133826692488e-02,9.999999996082359344e-01,9.999999999999753530e-01,6.999999999999999556e-01,4.429759483041428303e-01,-3.624931951391493490e-01
9.999999999999638067e-01,3.554473982131047898e-12,6.229430467689383022e-01,9.999999967382748878e-01,9.999999999999309441e-01,6.999999999999999556e-01,4.429759541364013953e-01,-5.899406442893398994e-01
9.999999999968549602e-01,5.407650036840791988e-14,4.286394079509681099e-02,9.999999967198902606e-01,9.999999999998528954e-01,6.999999999999999556e-01,4.429759478109251414e-01,-3.432586046276077107e-01
9.999999999997314371e-01,3.259243688069565008e-13,9.999999999999964473e-01,9.274896953618092521e-01,9.999999999999984457e-01,6.999999999999999556e-01,4.429759587919939179e-01,-7.559173459497973147e-01
9.999999999998410161e-01,1.036298918605726371e-13,4.759164734271012498e-01,9.999999983191402153e-01,9.999999999994639843e-01,6.999999999999999556e-01,4.429759525331491976e-01,-5.274167321286947763e-01
9.999999999998397948e-01,3.465676750836869665e-12,9.957891157691821649e-01,9.999999968635608916e-01,9.999999999995948796e-01,6.999999999999999556e-01,4.429759582021037256e-01,-7.484956203756624182e-01
9.999999999999532596e-01,1.683007581776867432e-13,4.153761099676392954e-01,9.999999979132304651e-01,9.999999999999668043e-01,6.999999999999999556e-01,4.429759518729864398e-01,-5.016715877713603389e-01
9.999999999984175991e-01,1.726479398440538047e-13,9.999999999999976685e-01,3.453767121350042602e-01,9.999999999996369571e-01,6.999999999999999556e-01,4.429759631590080571e-01,-8.011232155416984080e-01
9.999999999976362242e-01,2.569896915362151972e-14,9.999999999999997780e-01,4.755852723438664387e-01,9.999999999998767652e-01,6.999999999999999556e-01,4.429759621821828808e-01,-7.910114479592925685e-01
9.999999999998269162e-01,3.900345718865611605e-13,8.953194297606357210e-01,9.999999995825812338e-01,9.999999999999227285e-01,6.999999999999999556e-01,4.429759571065313706e-01,-7.057702973353697784e-01
9.999999999995582423e-01,3.631176418216969865e-15,4.703357058143056157e-01,9.999999997638415739e-01,9.999999999999519273e-01,6.999999999999999556e-01,4.429759524722936548e-01,-5.250434778809053293e-01
9.999999999995929922e-01,2.937195128489823768e-13,9.999999999999993339e-01,7.343531835725353174e-01,9.999999999999817923e-01,6.999999999999999556e-01,4.429759602409049091e-01,-7.709159874796730483e-01
9.999999999970744513e-01,1.744813002054867526e-12,5.704401783998113151e-01,9.999999968623478619e-01,9.999999999996074251e-01,6.999999999999999556e-01,4.429759535638835288e-01,-5.676134917861502815e-01
9.999999999999683586e-01,1.642170772939166445e-12,1.797954196050347009e-01,9.999999988387311411e-01,9.999999999995011768e-01,6.999999999999999556e-01,4.429759493040952845e-01,-4.014895183831223013e-01
9.999999999980850873e-01,3.259243688069565008e-13,9.999999999999964473e-01,9.792284426195307923e-02,9.999999999992402744e-01,6.999999999999999556e-01,4.429759650154080908e-01,-8.203400473307113083e-01
9.999999999963437025e-01,3.545649206404967612e-12,3.495812323809168731e-01,9.999999966641436311e-01,9.999999999994645394e-01,6.999999999999999556e-01,4.429759511555257934e-01,-4.736919305516019696e-01
9.999999999999080735e-01,3.903413134303326008e-13,4.485570902548385308e-01,9.999999988156320629e-01,9.999999999999661382e-01,6.999999999999999556e-01,4.429759522348086231e-01,-5.157819940430085071e-01
9.999999999970257125e-01,3.116462092396564575e-14,9.174643478727763091e-01,9.999999962217538396e-01,9.999999999998145928e-01,6.999999999999999556e-01,4.429759573480107626e-01,-7.151875538152309142e-01
9.999999999999671374e-01,4.565287775975728756e-13,1.539736417443287042e-01,9.999999967322177330e-01,9.999999999996587174e-01,6.999999999999999556e-01,4.429759490225215757e-01,-3.905086561698188907e-01
9.999999999987970734e-01,2.810015313611349360e-12,1.016019704843536542e-01,9.999999964237297201e-01,9.999999999988328225e-01,6.999999999999999556e-01,4.429759484514343426e-01,-3.682372960403766937e-01
9.999999999944292339e-01,7.423138390588975833e-15,6.644932520848664259e-01,9.999999994353003796e-01,9.999999999999561462e-01,6.999999999999999556e-01,4.429759545894858541e-01,-6.076101124164893230e-01
9.999999999990411004e-01,2.483348413283025211e-14,2.594432870673240021e-01,9.999999968623165536e-01,9.999999999997325473e-01,6.999999999999999556e-01,4.429759501726159843e-01,-4.353602409920903638e-01
9.999999999999400480e-01,1.266698976599816639e-12,8.078410193001124284e-01,9.999999969425696911e-01,9.999999999999347189e-01,6.999999999999999556e-01,4.429759561526225298e-01,-6.685695907803005378e-01
9.999999999946262985e-01,2.891675129486117891e-13,7.284016168819976156e-02,9.999999994499265688e-01,9.999999999999258371e-01,6.999999999999999556e-01,4.429759481378010011e-01,-3.560061680416103380e-01
9.999999999998314681e-01,8.175355785613502334e-13,1.618329025522144415e-01,9.999999983331759879e-01,9.999999999996503908e-01,6.999999999999999556e-01,4.429759491082229106e-01,-3.938508527676228832e-01
9.999999999944303442e-01,5.403974682456099885e-14,6.796428447220576041e-01,9.999999994106951728e-01,9.999999999999936717e-01,6.999999999999999556e-01,4.429759547546847087e-01,-6.140525654791718635e-01
9.999999999988818944e-01,1.611969434563389045e-13,9.999999999999997780e-01,9.851076398223428399e-01,9.999999999956051822e-01,6.999999999999999556e-01,4.429759583597438488e-01,-7.514428378072813830e-01
9.999999999970473619e-01,8.570901845386864331e-14,7.026945988920709762e-01,9.999999968105122150e-01,9.999999999999985567e-01,6.999999999999999556e-01,4.429759550060526907e-01,-6.238554592480080041e-01
9.999999999994902966e-01,5.284973037116772214e-14,4.619477000265563293e-01,9.999999984310858903e-01,9.999999999993932631e-01,6.999999999999999556e-01,4.429759523808265986e-01,-5.214764293610120172e-01
9.999999999997365441e-01,1.814334983740563885e-13,3.301470517554467299e-01,9.999999965830336235e-01,9.999999999999885647e-01,6.999999999999999556e-01,4.429759509436056453e-01,-4.654274313422092080e-01
9.999999999998390177e-01,5.987450716141776249e-13,9.999999999999816813e-01,8.600941269835489233e-01,9.999999999999670264e-01,6.999999999999999556e-01,4.429759592975957561e-01,-7.611511671541127955e-01
9.999999999999146238e-01,8.175355785613502334e-13,1.116071246607397149e-01,9.999999964424743926e-01,9.999999999996520561e-01,6.999999999999999556e-01,4.429759485605356262e-01,-3.724920464929565300e-01
9.999999999994945155e-01,2.769042976750281646e-13,4.894075288478517277e-02,9.999999967859100058e-01,9.999999999999602540e-01,6.999999999999999556e-01,4.429759478771898018e-01,-3.458428045801410500e-01
9.999999999980850873e-01,3.727483143856110333e-12,9.999999999999964473e-01,9.739389440996151226e-01,9.999999999996443956e-01,6.999999999999999556e-01,4.429759584435314368e-01,-7.523101790570932978e-01
9.999999999999862332e-01,8.713311882971341885e-13,7.365616584629971486e-01,9.999999991032639812e-01,9.999999999999797939e-01,6.999999999999999556e-01,4.429759553753562784e-01,-6.382576246483605553e-01
9.999999999999373834e-01,4.214408150741094209e-12,9.605788700988533435e-01,9.999999966728753131e-01,9.999999999999816813e-01,6.999999999999999556e-01,4.429759578181533541e-01,-7.335222570514868812e-01
9.999999999995131672e-01,7.766377448196722853e-13,7.688856696378387756e-02,9.999999966055638234e-01,9.999999999992109645e-01,6.999999999999999556e-01,4.429759481819469102e-01,-3.577277763336531580e-01
9.999999999950613949e-01,4.481080572174710021e-14,4.437495820396100132e-01,9.999999966266528428e-01,9.999999999998921973e-01,6.999999999999999556e-01,4.429759521823851687e-01,-5.137375731680385860e-01
9.999999999995907718e-01,8.430301929490623833e-13,3.945871787255563756e-01,9.999999992663993753e-01,9.999999999999154010e-01,6.999999999999999556e-01,4.429759516462933866e-01,-4.928309728119136812e-01
9.999999999971390663e-01,5.356314996006067346e-13,8.313603029292762070e-01,9.999999994909273271e-01,9.999999999999270583e-01,6.999999999999999556e-01,4.429759564090886559e-01,-6.785713037925525937e-01
9.999999999998986366e-01,7.248746039183758288e-11,9.502400819785472574e-01,9.999999983694666250e-01,9.999999999998239186e-01,6.999999999999999556e-01,4.429759577054139807e-01,-7.291256266758220361e-01
9.999999999980397902e-01,3.216938494313245537e-13,9.999999999999964473e-01,4.625795533085152456e-01,9.999999999996591615e-01,6.999999999999999556e-01,4.429759622797518337e-01,-7.920214492066058876e-01
9.999999999998977485e-01,1.931077480488490427e-13,6.083344400171374344e-01,9.999999969543568179e-01,9.999999999991336930e-01,6.999999999999999556e-01,4.429759539771017662e-01,-5.837282486306659690e-01
9.999999999998591127e-01,3.296959251587309200e-12,3.540314493811950181e-01,9.999999977431970333e-01,9.999999999999800160e-01,6.999999999999999556e-01,4.429759512040531977e-01,-4.755844113299242393e-01
9.999999999945594631e-01,2.530543016589467415e-13,5.294392199530528753e-01,9.999999964902626104e-01,9.999999999999732436e-01,6.999999999999999556e-01,4.429759531167883346e-01,-5.501775939277590011e-01
9.999999999974457099e-01,4.158605839393175405e-13,9.411840445223452756e-01,9.999999962490383476e-01,9.999999999998574474e-01,6.999999999999999556e-01,4.429759576066623628e-01,-7.252744938339380498e-01
9.999999999999286127e-01,3.476388265614339651e-13,4.802477508452726584e-01,9.999999999926458827e-01,9.999999999997132294e-01,6.999999999999999556e-01,4.429759525803796394e-01,-5.292586331070067152e-01
9.999999999998524514e-01,4.230947192950935103e-14,2.654705186635592518e-01,9.999999997495172543e-01,9.999999999999310552e-01,6.999999999999999556e-01,4.429759502383399661e-01,-4.379233563293721820e-01
9.999999999999933387e-01,3.696968413232567832e-13,9.221163868173372080e-01,9.999999990449677245e-01,9.999999999999874545e-01,6.999999999999999556e-01,4.429759573987389620e-01,-7.171658604228708933e-01
9.999999999967146280e-01,7.914772825822840322e-11,9.999999999999914513e-01,5.590810357351457816e-01,9.999999999999970024e-01,6.999999999999999556e-01,4.429759615557973262e-01,-7.845273139521496963e-01
9.999999999084695501e-01,1.516671471067595265e-13,5.888134417610002558e-02,9.999999968777575354e-01,9.999999999999807931e-01,6.999999999999999556e-01,4.429759479855870374e-01,-3.500700992817465940e-01
9.999999999999881206e-01,1.985505629057939308e-13,1.327142173068962816e-01,9.999999967581029159e-01,9.999999999999318323e-01,6.999999999999999556e-01,4.429759487906980708e-01,-3.814679613248929124e-01
9.999999999967011943e-01,6.708166253331645953e-13,9.999999999999914513e-01,5.321827104418140886e-01,9.999999999999451550e-01,6.999999999999999556e-01,4.429759617575886876e-01,-7.866161905451501957e-01
9.999999999998840927e-01,3.960170395060557318e-13,6.703456986863801648e-01,9.999999968006230144e-01,9.999999999998522293e-01,6.999999999999999556e-01,4.429759546533039161e-01,-6.100988998401987162e-01
9.999999999967360553e-01,2.479321067809355888e-12,1.000000000000000000e+00,9.964932694307995220e-01,9.999999999999666933e-01,6.999999999999999556e-01,4.429759582743287849e-01,-7.505586498536404028e-01
9.999999999945705653e-01,1.903382583632624173e-13,2.471530594410614734e-01,9.999999998309337945e-01,9.999999999999333866e-01,6.999999999999999556e-01,4.429759500385970772e-01,-4.301337494305693676e-01
9.999999999965989428e-01,3.553365952355228085e-13,5.201201784806380735e-01,9.999999962263288467e-01,9.999999999999943379e-01,6.999999999999999556e-01,4.429759530151687885e-01,-5.462146169441418619e-01
9.999999999999983347e-01,2.066875924411871600e-12,5.107550392300406195e-01,9.999999995383034301e-01,9.999999999998741007e-01,6.999999999999999556e-01,4.429759529130465334e-01,-5.422320363317650882e-01
9.999999999999833467e-01,9.031804893903077531e-14,4.288358069863862920e-01,9.999999982586226244e-01,9.999999999999982236e-01,6.999999999999999556e-01,4.429759520197577571e-01,-5.073954027906174558e-01
