9.999999999986448618e-01,1.888245619115744544e-12,9.999999999999911182e-01,1.903588398022293404e-11,9.999999999999017453e-01,1.000000000000000056e-01,4.429759595406728145e-01,-7.664746991632490625e-01
9.999999999999555911e-01,6.595345051269994041e-01,9.999999999999730216e-01,1.802315010022161346e-09,9.999999999999984457e-01,1.000000000000000056e-01,4.429759647677460332e-01,-7.665717074432149003e-01
9.999999999999763522e-01,1.865586769115889574e-13,9.999999999999931166e-01,8.295041901322952604e-01,9.999999999987430055e-01,1.000000000000000056e-01,4.429759533177287101e-01,-7.020568639244492148e-01
9.999999999999938938e-01,1.726682961491035142e-11,9.999999999999996669e-01,2.823589870736614160e-01,9.999999999995564659e-01,1.000000000000000056e-01,4.429759574224144680e-01,-7.445471972614027267e-01
9.999999999991773247e-01,1.523895567368153252e-12,9.999999999999859002e-01,2.694432096514848829e-01,9.999999999997638556e-01,1.000000000000000056e-01,4.429759575193086829e-01,-7.455502138000861256e-01
9.999999999999903411e-01,9.160083151882934576e-13,9.999999999999936717e-01,4.948854460636159525e-01,9.999999999948900875e-01,1.000000000000000056e-01,4.429759558280400022e-01,-7.280427665637866363e-01
9.999999999998887557e-01,3.647098282971861664e-13,9.999999999999988898e-01,4.545751622560499916e-01,9.999999999999389377e-01,1.000000000000000056e-01,4.429759561304479343e-01,-7.311731922465202205e-01
9.999999999995209388e-01,1.771751723762169232e-13,9.999999999999892308e-01,3.065132271519100948e-01,9.999999999993383071e-01,1.000000000000000056e-01,4.429759572412092505e-01,-7.426714214946811277e-01
9.999999999999786837e-01,4.282607576930160405e-13,9.999999999999973355e-01,7.120108676065803888e-01,9.999999999999954481e-01,1.000000000000000056e-01,4.429759541991641347e-01,-7.111811885292008695e-01
9.999999999998614442e-01,5.340777677907128342e-13,9.999999999999998890e-01,7.626354639325201301e-01,9.999999999999544809e-01,1.000000000000000056e-01,4.429759538193782098e-01,-7.072497714934170565e-01
9.999999999993990363e-01,1.404207428621286922e-13,8.487970941139365566e-01,9.999999988256036421e-01,9.999999999988834487e-01,1.000000000000000056e-01,4.429759503898753614e-01,-6.245165376134448332e-01
9.999999999797190009e-01,5.946750608145051221e-14,9.999999999999933387e-01,2.356274771843158700e-02,9.999999999999276135e-01,1.000000000000000056e-01,4.429759593639049919e-01,-7.646448576538219521e-01
9.999999999992915667e-01,3.622084406864013857e-13,1.779322923947986301e-01,9.999999953517616502e-01,9.999999999998453459e-01,1.000000000000000056e-01,4.429759430744259485e-01,-3.392273490093723476e-01
9.999999999995260458e-01,1.866563101676188461e-12,9.999999999999930056e-01,7.907103315333933180e-01,9.999999999999131806e-01,1.000000000000000056e-01,4.429759536087604088e-01,-7.050695266941172656e-01
9.999999999997680744e-01,7.342955185586319363e-13,6.771828524081465739e-01,9.999999986480051506e-01,9.999999999999619194e-01,1.000000000000000056e-01,4.429759485185068013e-01,-5.515365755096400813e-01
9.999999999995269340e-01,2.010794715295404022e-13,7.669692440476704176e-01,9.999999990356552848e-01,9.999999999999624745e-01,1.000000000000000056e-01,4.429759494975830658e-01,-5.897187647627287754e-01
9.999999999989783728e-01,2.628681219686171109e-13,9.999999999999863443e-01,5.077672031737129332e-01,9.999999999956792340e-01,1.000000000000000056e-01,4.429759557314010276e-01,-7.270423919820162562e-01
9.999999999999775735e-01,3.917629105177860661e-13,9.999999999999972244e-01,6.972117675995032071e-01,9.999999999999120703e-01,1.000000000000000056e-01,4.429759543101870478e-01,-7.123304605859944738e-01
9.999999999995975442e-01,1.665292578487522000e-11,9.999999999999911182e-01,2.581285844588271372e-01,9.999999999956803443e-01,1.000000000000000056e-01,4.429759576041910618e-01,-7.464288876758148339e-01
9.999999999998694378e-01,1.865645707461499436e-13,6.478084954397267392e-01,9.999999967939476875e-01,9.999999999999762412e-01,1.000000000000000056e-01,4.429759481981939695e-01,-5.390449581898256737e-01
9.999999999999362732e-01,1.191352443047689596e-13,4.508031021655686810e-01,9.999999991988381964e-01,9.999999999999557021e-01,1.000000000000000056e-01,4.429759460499473889e-01,-4.552672598628976219e-01
9.999999999996878053e-01,9.270682753709551846e-13,9.999999999999650280e-01,4.955207035312980679e-02,9.999970642412843169e-01,1.000000000000000056e-01,4.429759591689628184e-01,-7.626265480217341297e-01
9.999999999999333866e-01,3.364580183626291881e-13,3.608964679859786862e-01,9.999999964935131214e-01,9.999999999998623323e-01,1.000000000000000056e-01,4.429759450695599510e-01,-4.170339369442906952e-01
9.999999999999610312e-01,2.692712493896411140e-13,3.917741668337213490e-01,9.999999968232985426e-01,9.999999999994242383e-01,1.000000000000000056e-01,4.429759454062660029e-01,-4.301648593285453126e-01
9.999999999999845679e-01,1.931559398997862971e-13,2.450387921988952944e-02,9.999999952656332125e-01,9.999999999999250599e-01,1.000000000000000056e-01,4.429759414013648700e-01,-2.739810170681297175e-01
9.999999999999770184e-01,5.467962092460842100e-13,9.999999999999933387e-01,7.499830305520431839e-01,9.999999999999541478e-01,1.000000000000000056e-01,4.429759539142968383e-01,-7.082323371970989934e-01
9.999999999990470956e-01,6.154649733249284917e-14,2.922653106072063967e-01,9.999999946122788419e-01,9.999999999987513322e-01,1.000000000000000056e-01,4.429759443211711001e-01,-3.878481351678627620e-01
9.999999999988870014e-01,1.760303129820481724e-13,1.602786150461874004e-02,9.999999995385236984e-01,9.999999999999590328e-01,1.000000000000000056e-01,4.429759413089380260e-01,-2.703765405250547760e-01
9.999999999999529265e-01,5.465977968826822722e-13,9.999999999999966693e-01,8.907064981798743508e-01,9.999999999997712941e-01,1.000000000000000056e-01,4.429759528585887618e-01,-6.973040004149820836e-01
9.999999999979314325e-01,2.706826759335588899e-13,8.661994517767199753e-01,9.999999965962399484e-01,9.999999999997881694e-01,1.000000000000000056e-01,4.429759505796395103e-01,-6.319169923778501508e-01
9.999999999998148148e-01,1.793102132531930623e-14,1.629839927319065573e-01,9.999999957670496764e-01,9.999999999998524514e-01,1.000000000000000056e-01,4.429759429114221159e-01,-3.328704969333206032e-01
9.999999999800663897e-01,1.422732330531387317e-14,9.999999999999409361e-01,1.194295435182270992e-01,9.999999999999948930e-01,1.000000000000000056e-01,4.429759586447118425e-01,-7.572000110447870691e-01
9.999999999993187672e-01,8.853697073240123119e-15,7.721297779960234475e-01,9.999999966534859341e-01,9.999999999999559241e-01,1.000000000000000056e-01,4.429759495538561631e-01,-5.919133122549421477e-01
9.999999999997714051e-01,1.220941930678926894e-11,5.017421192333608726e-01,9.999999966327935974e-01,9.999999999999992228e-01,1.000000000000000056e-01,4.429759466054122297e-01,-4.769293756241820281e-01
9.999999999996481703e-01,2.395398233587926300e-12,6.585527041233454337e-01,9.999999963935105596e-01,1.000000000000000000e+00,1.000000000000000056e-01,4.429759483153542510e-01,-5.436139959359357343e-01
9.999999999996241895e-01,9.032163578266349034e-14,2.968205048135579283e-01,9.999999966579415922e-01,9.999999999998698819e-01,1.000000000000000056e-01,4.429759443708431998e-01,-3.897852580427295655e-01
9.999999999998782085e-01,3.377652303785820265e-01,9.999999999999995559e-01,5.573319583618285833e-14,9.999999999999882316e-01,1.000000000000000056e-01,4.429759622175965528e-01,-7.665243797660016289e-01
9.999999999999973355e-01,6.718459540933059819e-13,9.999999999999996669e-01,5.199081591835618132e-01,9.999999999999245048e-01,1.000000000000000056e-01,4.429759556403194964e-01,-7.260995467098344536e-01
9.999999999987447818e-01,4.900934707738973030e-14,9.999999999999928946e-01,5.726668658663429667e-01,9.999999999999249489e-01,1.000000000000000056e-01,4.429759552445234894e-01,-7.220023984192379674e-01
9.999999999995260458e-01,6.347706558545772795e-13,9.999999999999992228e-01,7.771975284594232480e-01,9.999999999998250289e-01,1.000000000000000056e-01,4.429759537101335409e-01,-7.061189071949370843e-01
9.999999999999927836e-01,1.183666711432225409e-12,9.999999999999923395e-01,6.195567815496770825e-01,9.999999999999541478e-01,1.000000000000000056e-01,4.429759548927550972e-01,-7.183610101069058951e-01
9.999999999998753220e-01,1.840233024388747434e-14,7.575990139467100315e-01,9.999999982695030321e-01,9.999999999999487077e-01,1.000000000000000056e-01,4.429759493954053551e-01,-5.857340195531127724e-01
9.999999999997708500e-01,1.242602124492727845e-12,2.154254647935386624e-01,9.999999987734311535e-01,9.999999999999784617e-01,1.000000000000000056e-01,4.429759434832704623e-01,-3.551715400533100864e-01
9.999999999995073940e-01,2.702559347965006018e-13,2.941557719638560053e-02,9.999999970082913414e-01,9.999999999999870104e-01,1.000000000000000056e-01,4.429759414549244712e-01,-2.760697452850128242e-01
9.999999999993306465e-01,1.791111360717044307e-13,8.447832319794823519e-01,9.999999961714094443e-01,9.999999999999893419e-01,1.000000000000000056e-01,4.429759503461062065e-01,-6.228096194214202130e-01
9.999999999995257127e-01,7.689431146879382924e-13,5.101486608122981492e-01,9.999999998208892737e-01,9.999999999997885025e-01,1.000000000000000056e-01,4.429759466970814019e-01,-4.805043064541799636e-01
9.999999999998556710e-01,1.936081141402007462e-13,7.531437761651533780e-01,9.999999982219966999e-01,9.999999999999722444e-01,1.000000000000000056e-01,4.429759493468231613e-01,-5.838394035774790991e-01
9.999999999984230392e-01,6.760523672564667242e-13,9.999999999999973355e-01,7.245498182562094547e-01,9.999999999999950040e-01,1.000000000000000056e-01,4.429759541050968807e-01,-7.102074356945874412e-01
9.999999999999449329e-01,1.250728745295026108e-12,9.999999999999974465e-01,8.704116129930824508e-01,9.999999999999119593e-01,1.000000000000000056e-01,4.429759530108410837e-01,-6.988800654736612161e-01
9.999999999984057197e-01,9.101236457636650233e-14,2.194745112118362540e-01,9.999999973408518761e-01,9.999999999959285901e-01,1.000000000000000056e-01,4.429759435274233104e-01,-3.568934208852693191e-01
9.999999999997006839e-01,5.747375627537270901e-13,6.110770551803652584e-01,9.999999977592771705e-01,9.999999999999225064e-01,1.000000000000000056e-01,4.429759477976557558e-01,-5.234246978610793688e-01
9.999999999990363264e-01,2.190565794982889196e-13,2.536403732281650725e-01,9.999999964897479110e-01,9.999999999984554577e-01,1.000000000000000056e-01,4.429759438999851806e-01,-3.714226540207193894e-01
9.999999999999839018e-01,8.026846012236224697e-13,4.008561109123092159e-01,9.999999987995942252e-01,9.999999999999006350e-01,1.000000000000000056e-01,4.429759455053001171e-01,-4.340270091241459349e-01
9.999999999998211431e-01,2.395398233587926300e-12,6.283828800321434871e-01,9.999999964767621874e-01,1.000000000000000000e+00,1.000000000000000056e-01,4.429759479863671912e-01,-5.307841014082442799e-01
9.999999999998110400e-01,8.028224203955118859e-14,9.999999999999923395e-01,5.942749874450050651e-01,9.999999999998873124e-01,1.000000000000000056e-01,4.429759550824192704e-01,-7.203243497341037527e-01
9.999999999999151790e-01,1.130952154347922895e-13,3.753334723474988088e-02,9.999999976710945981e-01,9.999999999999729106e-01,1.000000000000000056e-01,4.429759415434447734e-01,-2.795218745201929478e-01
9.999999999996241895e-01,9.001150018825648738e-14,3.303160907393929979e-01,9.999999966619779190e-01,9.999999999998639977e-01,1.000000000000000056e-01,4.429759447360960278e-01,-4.040294522764739105e-01
9.999999999998556710e-01,2.008253427496694438e-13,5.205469574832519708e-01,9.999999982219966999e-01,9.999999999999722444e-01,1.000000000000000056e-01,4.429759468104697007e-01,-4.849262431822637387e-01
9.999999999999413802e-01,2.021412991789832595e-13,8.717983520219280136e-01,9.999999992787947933e-01,9.999999999997722933e-01,1.000000000000000056e-01,4.429759506406927283e-01,-6.342979573138861626e-01
9.999999999999240607e-01,8.597209216394131082e-12,4.151580726534420673e-02,9.999999998095906451e-01,9.999999999984443555e-01,1.000000000000000056e-01,4.429759415868714800e-01,-2.812154388237074754e-01
9.999999999959001684e-01,2.013209532545663918e-15,1.456253470146106066e-01,9.999999936727009819e-01,9.999999999985401677e-01,1.000000000000000056e-01,4.429759427221346968e-01,-3.254886312652348623e-01
9.999999999999449329e-01,2.188207255947793980e-13,9.999999999999974465e-01,8.796649959271553021e-01,9.999999999998012701e-01,1.000000000000000056e-01,4.429759529414221686e-01,-6.981614640429346652e-01
9.999999999798532269e-01,1.907806514221426804e-13,7.760810787879881545e-01,9.999999996025585869e-01,9.999999999999821254e-01,1.000000000000000056e-01,4.429759495969431415e-01,-5.935936258465871473e-01
9.999999999964929165e-01,4.884067382479612777e-14,6.233181289947160586e-01,9.999999981306229024e-01,9.999999999999528155e-01,1.000000000000000056e-01,4.429759479311385917e-01,-5.286302862165382921e-01
9.999999999793005578e-01,1.202916549655604882e-11,1.390496504440343339e-01,9.999999950597050491e-01,9.999999999959824359e-01,1.000000000000000056e-01,4.429759426504299435e-01,-3.226922776509587587e-01
9.999999999998527844e-01,7.369472539846726293e-14,2.678272602120124746e-01,9.999999991806981514e-01,9.999999999997948308e-01,1.000000000000000056e-01,4.429759440546861549e-01,-3.774557106512222981e-01
9.999999999996780353e-01,1.222304516359215683e-11,8.916823961689507305e-01,9.999999976610116637e-01,9.999999999956281638e-01,1.000000000000000056e-01,4.429759508575184523e-01,-6.427537637539680881e-01
9.999999999998578915e-01,1.798233147716209969e-11,9.999999999999915623e-01,4.132139657535095489e-01,9.999999999999142908e-01,1.000000000000000056e-01,4.429759564407398376e-01,-7.343852299585803545e-01
9.999999999999694689e-01,3.024609986960484437e-14,9.999999999999968914e-01,1.833495715823360572e-01,9.999999999985439425e-01,1.000000000000000056e-01,4.429759581651835365e-01,-7.522360941830584791e-01
9.999999999989463983e-01,6.980047471897345170e-14,5.367173024706027862e-01,9.999999973408518761e-01,9.999999999959285901e-01,1.000000000000000056e-01,4.429759469867993182e-01,-4.918027772308465329e-01
9.999999999989865884e-01,2.907132840600321581e-14,5.321337151381810848e-01,9.999999952584417429e-01,9.999999999999310552e-01,1.000000000000000056e-01,4.429759469368175773e-01,-4.898535800148474673e-01
9.999999999959001684e-01,2.013209532545663918e-15,1.501697562527099239e-01,9.999999986798122631e-01,9.999999999999837907e-01,1.000000000000000056e-01,4.429759427716891684e-01,-3.274211675397461496e-01
9.999999999998598899e-01,4.040629395079232062e-13,9.999999999999998890e-01,9.176208289636179627e-01,9.999999999999341638e-01,1.000000000000000056e-01,4.429759526566773298e-01,-6.952138808631606048e-01
9.999999999996335154e-01,9.999931431253804570e-01,9.999999999999996669e-01,6.540784669567755271e-13,9.999999999993995914e-01,1.000000000000000056e-01,4.429759674660160851e-01,-7.666217843479744554e-01
9.999999999997613020e-01,1.220862784703207538e-13,9.999999999999921174e-01,6.574754038266445999e-01,9.999999999999336087e-01,1.000000000000000056e-01,4.429759546082894239e-01,-7.154163166489041492e-01
9.999999999983402166e-01,2.225220666775667064e-14,6.333355308053524313e-01,9.999999973408518761e-01,9.999999999999663602e-01,1.000000000000000056e-01,4.429759480403734351e-01,-5.328902451106786176e-01
9.999999999997405409e-01,3.204336642286808815e-14,9.999999999999589217e-01,3.731211609994435907e-01,9.999999999994236832e-01,1.000000000000000056e-01,4.429759567415162413e-01,-7.374987666014366505e-01
9.999999999998000488e-01,2.033937609347276321e-13,1.350999045402336840e-01,9.999999977250838556e-01,9.999999999999729106e-01,1.000000000000000056e-01,4.429759426073598960e-01,-3.210126248485701828e-01
9.999999999999418243e-01,1.948859525565834369e-13,8.073212563258347352e-01,9.999999994249092472e-01,9.999999999999841238e-01,1.000000000000000056e-01,4.429759499376018650e-01,-6.068786944576488596e-01
9.999999999999653610e-01,2.937780634390233463e-13,8.034138171044395982e-01,9.999999962402836839e-01,9.999999999998931965e-01,1.000000000000000056e-01,4.429759498949931706e-01,-6.052170332733716185e-01
9.999999999990363264e-01,2.190565794982889196e-13,4.470611903096186612e-01,9.999999939186769993e-01,9.999999999984610088e-01,1.000000000000000056e-01,4.429759460091437506e-01,-4.536759903252093329e-01
9.999999999999590328e-01,9.881051187337873071e-13,7.045626538643264825e-01,9.999999989812926593e-01,9.999999999999216183e-01,1.000000000000000056e-01,4.429759488170700310e-01,-5.631799965260214647e-01
9.999999999984091614e-01,1.024661705870382637e-14,1.000000000000000000e+00,1.313647066004386410e-01,9.999999999999987788e-01,1.000000000000000056e-01,4.429759585551741874e-01,-7.562731472889369089e-01
9.999999999977832177e-01,1.784088968421846874e-13,7.954286572716644521e-01,9.999999952415914439e-01,9.999999999998896438e-01,1.000000000000000056e-01,4.429759498079189339e-01,-6.018212973313267211e-01
9.999999999995747846e-01,2.305009718548411611e-12,7.298099986733592726e-01,9.999999987836574178e-01,9.999999999999998890e-01,1.000000000000000056e-01,4.429759490923798615e-01,-5.739165778957707742e-01
9.999999999998012701e-01,2.056397565021354255e-13,5.476739708516431548e-02,9.999999984148811860e-01,9.999999999997560840e-01,1.000000000000000056e-01,4.429759417313735570e-01,-2.868507551702624836e-01
9.999999999769443315e-01,1.172628328962752456e-11,1.727678784896806152e-01,9.999999952607747655e-01,9.999999999999965583e-01,1.000000000000000056e-01,4.429759430181105517e-01,-3.370311517340157659e-01
9.999999999998012701e-01,1.484655144261355018e-14,4.790201003551652903e-03,9.999999969023369850e-01,9.999999951853241198e-01,1.000000000000000056e-01,4.429759411863969931e-01,-2.655976596968648851e-01
9.999999999971604936e-01,8.041667941120605109e-14,3.828245123910256620e-01,9.999999972468781584e-01,9.999999999998594458e-01,1.000000000000000056e-01,4.429759453086744569e-01,-4.263589662900552080e-01
9.999999999996739275e-01,3.650014922753043211e-14,6.532789335400569497e-01,9.999999964370785976e-01,9.999999999984874322e-01,1.000000000000000056e-01,4.429759482578463636e-01,-5.413712940816627350e-01
9.999999999996270761e-01,1.061573777040852125e-12,1.302018779856989328e-01,9.999999937026862185e-01,9.999999999954282126e-01,1.000000000000000056e-01,4.429759425539493423e-01,-3.189297106617777766e-01
9.999999999791749916e-01,2.874529409403703160e-13,9.381432721337215064e-01,9.999999965309941397e-01,9.999999999982562837e-01,1.000000000000000056e-01,4.429759513641513546e-01,-6.625115236531441409e-01
9.999999999983402166e-01,6.709084323004479074e-15,6.424719685152913140e-01,9.999999973288610233e-01,9.999999999999663602e-01,1.000000000000000056e-01,4.429759481400017407e-01,-5.367755687952243671e-01
9.999999999999868994e-01,6.469719388561233621e-13,4.923338253055087321e-01,9.999999989350774054e-01,9.999999999985018651e-01,1.000000000000000056e-01,4.429759465028194065e-01,-4.729284433102026730e-01
9.999999999998843148e-01,3.632079813498559775e-13,3.963242340533095209e-01,9.999999957670496764e-01,9.999999999998524514e-01,1.000000000000000056e-01,4.429759454558822585e-01,-4.320998021637053599e-01
9.999999999999975575e-01,1.798233147716209969e-11,9.999999999999976685e-01,6.459850907311258661e-01,9.999999999999266143e-01,1.000000000000000056e-01,4.429759546944898041e-01,-7.163086341371319721e-01
9.999999999999908962e-01,3.068375471343872912e-13,9.336157659683950172e-01,9.999999971620785466e-01,9.999999999998377964e-01,1.000000000000000056e-01,4.429759513147811245e-01,-6.605861750715834591e-01
9.999999999990463184e-01,3.255257991156519641e-14,3.010295037005537022e-01,9.999999941986560392e-01,9.999999999991604493e-01,1.000000000000000056e-01,4.429759444167402638e-01,-3.915751596796225309e-01
9.999999999996894706e-01,9.867982740957886065e-13,9.999999999999946709e-01,8.983374527492998807e-02,9.999998967122186722e-01,1.000000000000000056e-01,4.429759588667407377e-01,-7.594983677741328210e-01
9.999999999996780353e-01,1.116621225805132172e-11,8.827489019922636349e-01,9.999999977888128777e-01,9.999999999956281638e-01,1.000000000000000056e-01,4.429759507601030988e-01,-6.389547429847742821e-01
9.999999999999177325e-01,8.596952695813163715e-13,9.999999999999723554e-01,6.334595904621014295e-01,9.999999999997610800e-01,1.000000000000000056e-01,4.429759547884561943e-01,-7.172813424399645532e-01
9.999999999999473754e-01,1.267951120220290218e-12,2.277028961422545572e-01,9.999999939243982006e-01,9.999999999999792388e-01,1.000000000000000056e-01,4.429759436171498144e-01,-3.603925900697434459e-01
9.999999999909671144e-01,7.910117672357215291e-14,8.620140929326860491e-01,9.999999965287702519e-01,9.999999999999970024e-01,1.000000000000000056e-01,4.429759505340002401e-01,-6.301371440042541350e-01
9.999999999999721334e-01,1.889776017052455267e-14,6.190438208571602541e-01,9.999999966185779687e-01,9.999999999986487476e-01,1.000000000000000056e-01,4.429759478845293752e-01,-5.268126117462935687e-01
9.999999999999966693e-01,6.014969898761200208e-13,1.261909099777696608e-01,9.999999939220662881e-01,9.999999999999885647e-01,1.000000000000000056e-01,4.429759425102117176e-01,-3.172240229910660014e-01
9.999999999864713773e-01,2.267276530301160552e-13,9.999999999999998890e-01,9.432583059736832087e-01,9.999999999969076958e-01,1.000000000000000056e-01,4.429759524643448465e-01,-6.932229195278757361e-01
9.999999999995911049e-01,1.385686274952972476e-13,5.789930252567667690e-01,9.999999982699024903e-01,9.999999999999105160e-01,1.000000000000000056e-01,4.429759474477952264e-01,-5.097807760518472397e-01
9.999999999995266009e-01,2.762560036835260328e-13,9.999999999999983347e-01,3.862021911811180375e-01,9.999999999995814459e-01,1.000000000000000056e-01,4.429759566433822959e-01,-7.364829168241889823e-01
9.999999999970781150e-01,1.917339445022016040e-13,5.607149225216251365e-01,9.999999963172131467e-01,9.999999999999851230e-01,1.000000000000000056e-01,4.429759472484815497e-01,-5.020079058865777322e-01
9.999999999800663897e-01,4.386482087322999807e-13,9.999999999999409361e-01,1.437546142567416307e-01,9.999999999998566702e-01,1.000000000000000056e-01,4.429759584622250390e-01,-7.553109688706011182e-01
9.999999999999658051e-01,1.844129503662410373e-13,9.661044624423056337e-01,9.999999968561753549e-01,9.999999999999732436e-01,1.000000000000000056e-01,4.429759516690543464e-01,-6.744021836866881392e-01
9.999999999998588907e-01,9.001150018825648738e-14,9.049665547708558577e-01,9.999999961705040574e-01,9.999999999998638867e-01,1.000000000000000056e-01,4.429759510023756341e-01,-6.484029301734836048e-01
9.999999999996342925e-01,1.251835441725967287e-13,3.115117462098564993e-01,9.999999967989546823e-01,9.999999999998546718e-01,1.000000000000000056e-01,4.429759445310439414e-01,-3.960327945415565987e-01
9.999999999793005578e-01,1.780794037847713970e-13,1.541156400242517099e-01,9.999999950597050491e-01,9.999999999988088417e-01,1.000000000000000056e-01,4.429759428147171385e-01,-3.290991780214956863e-01
9.999999999999996669e-01,7.273082412803962948e-13,9.999999999999994449e-01,9.036452262842112892e-01,9.999999999998938627e-01,1.000000000000000056e-01,4.429759527615223513e-01,-6.962992015661618739e-01
9.999999999998617772e-01,1.761170949888267610e-13,5.037969439669533200e-02,9.999999987734311535e-01,9.999999999999784617e-01,1.000000000000000056e-01,4.429759416835278296e-01,-2.849848588579305675e-01
9.999999999963944397e-01,7.631413352661671834e-14,4.282732828130072500e-01,9.999999993372197249e-01,9.999999999999541478e-01,1.000000000000000056e-01,4.429759458042708542e-01,-4.456863221250820795e-01
9.999999999998194777e-01,1.352541718182820059e-12,1.056814143548878704e-02,9.999999991602133154e-01,9.999999999986891597e-01,1.000000000000000056e-01,4.429759412494024828e-01,-2.680547625956758440e-01
9.999999999984305887e-01,7.466164011837720407e-13,9.999999999999571454e-01,1.725889533336657233e-01,9.999999999999129585e-01,1.000000000000000056e-01,4.429759582459097400e-01,-7.530717448543787773e-01
9.999999999999448219e-01,2.540046136143122143e-13,1.853973206610430302e-01,9.999999987503438437e-01,9.999999999999884537e-01,1.000000000000000056e-01,4.429759431558283889e-01,-3.424018957681541631e-01
9.999999999982435162e-01,1.710284425024025587e-13,9.999999999999877875e-01,9.304935013816554301e-01,9.999999999985348387e-01,1.000000000000000056e-01,4.429759525601064674e-01,-6.942142117820543357e-01
9.999999999993516298e-01,1.240713625617774008e-13,3.872718730715791757e-01,9.999999992634371893e-01,9.999999999998748779e-01,1.000000000000000056e-01,4.429759453571707195e-01,-4.282502323287152857e-01
9.999999999984057197e-01,1.205926791528326220e-13,2.453784585807583518e-01,9.999999973408518761e-01,9.999999999959285901e-01,1.000000000000000056e-01,4.429759438098930802e-01,-3.679092263275599572e-01
9.999999999996942446e-01,8.059565063830695847e-14,9.999999999999993339e-01,7.403749801415465681e-02,9.999999672244884730e-01,1.000000000000000056e-01,4.429759589852435009e-01,-7.607250771206216511e-01
9.999999999990903943e-01,1.240027458652685902e-12,9.237231414835765930e-01,9.999999939832369122e-01,9.999999999997858380e-01,1.000000000000000056e-01,4.429759512069069705e-01,-6.563792787756549396e-01
9.999999999997821742e-01,1.602071926964666802e-12,6.865563460081161029e-01,9.999999997671569218e-01,9.999999999998502309e-01,1.000000000000000056e-01,4.429759486207200947e-01,-5.555227085145965082e-01
9.999999999999499289e-01,9.381080124136925000e-13,3.475896630295421952e-01,9.999999953154126153e-01,9.999999999984726662e-01,1.000000000000000056e-01,4.429759449244558001e-01,-4.113751402376083499e-01
9.999999999998573363e-01,3.017194947300385424e-13,9.999999999999915623e-01,9.595035879124611533e-01,9.999999999999130695e-01,1.000000000000000056e-01,4.429759523424726675e-01,-6.919613395288323199e-01
9.999999999992902344e-01,1.720267875598857140e-13,1.894086086903840338e-01,9.999999952107890833e-01,9.999999999999670264e-01,1.000000000000000056e-01,4.429759431995695107e-01,-3.441077197872682847e-01
9.999999999982864818e-01,1.882422533851114488e-13,2.579949143736093853e-01,9.999999974477861153e-01,9.999999999998752109e-01,1.000000000000000056e-01,4.429759439474693083e-01,-3.732744480894077954e-01
9.999999999983592014e-01,2.225220666775667064e-14,5.709879466452686403e-01,9.999999973408518761e-01,9.999999999999663602e-01,1.000000000000000056e-01,4.429759473605037745e-01,-5.063765695263936495e-01
9.999999999999412692e-01,1.889776017052455267e-14,6.147841362024074607e-01,9.999999966185779687e-01,9.999999999986926014e-01,1.000000000000000056e-01,4.429759478380796422e-01,-5.250011558811652490e-01
9.999999999992511546e-01,1.736177094064916422e-14,9.999999999999884537e-01,5.820049475636908110e-01,9.999999999997557509e-01,1.000000000000000056e-01,4.429759551744691382e-01,-7.212772194324409414e-01
9.999999999848543375e-01,2.245475748519015519e-13,8.116464039423250121e-01,9.999999954699154703e-01,9.999999999999756861e-01,1.000000000000000056e-01,4.429759499847654713e-01,-6.087179891374711049e-01
9.999999999865201161e-01,2.912741025859462015e-13,7.254188085517927487e-01,9.999999966037868004e-01,9.999999999998132605e-01,1.000000000000000056e-01,4.429759490444961090e-01,-5.720491987291410618e-01
9.999999999999086286e-01,1.618498622620197171e-12,3.572062042624524203e-01,9.999999957645384630e-01,9.999999999998596678e-01,1.000000000000000056e-01,4.429759450293194734e-01,-4.154646307241179892e-01
9.999999999977070564e-01,3.383775341491332532e-14,5.660243185176734304e-01,9.999999988387635597e-01,9.999999999999854561e-01,1.000000000000000056e-01,4.429759473063778485e-01,-5.042657574566183909e-01
9.999999999996639355e-01,3.868882469703756595e-14,4.829832791193620634e-01,9.999999970363213642e-01,9.999999999998828715e-01,1.000000000000000056e-01,4.429759464008563574e-01,-4.689520688882841126e-01
9.999999999964929165e-01,5.014138034401448378e-14,5.436864383884952856e-01,9.999999982424042644e-01,9.999999999999483746e-01,1.000000000000000056e-01,4.429759470627943063e-01,-4.947664430551573789e-01
9.999999999991699973e-01,7.186520181959616822e-13,9.999999999999945599e-01,3.564631241249149873e-02,9.999999999999990008e-01,1.000000000000000056e-01,4.429759592732540052e-01,-7.637064692893661411e-01
9.999999999997393196e-01,2.946057236847420827e-13,6.618718660216185157e-01,9.999999962328097736e-01,9.999999999999555911e-01,1.000000000000000056e-01,4.429759483515480767e-01,-5.450254889988991325e-01
9.999999999999437117e-01,1.083157108260560774e-13,3.697689275513460494e-01,9.999999972621048672e-01,9.999999996482346054e-01,1.000000000000000056e-01,4.429759451663097258e-01,-4.208070023140658700e-01
9.999999999999220623e-01,1.334140762132032101e-12,1.175231820464550520e-01,9.999999988652090721e-01,9.999999999998546718e-01,1.000000000000000056e-01,4.429759424156944347e-01,-3.135380205017336275e-01
9.999999999999983347e-01,3.453991835861841860e-13,9.900498698227832017e-01,9.999999971778381624e-01,9.999999999999573674e-01,1.000000000000000056e-01,4.429759519301671999e-01,-6.845851084950381749e-01
9.999999999999458211e-01,3.411585890323732134e-13,3.203601195747585173e-01,9.999999907388807951e-01,9.999999999999232836e-01,1.000000000000000056e-01,4.429759446275311485e-01,-3.997956176456002320e-01
9.999999999999223954e-01,9.317983879100651012e-12,9.999999999999922284e-01,6.708067624717825028e-01,9.999999999999265032e-01,1.000000000000000056e-01,4.429759545082775363e-01,-7.143810268030840183e-01
9.999999999999947820e-01,1.308556538114116830e-12,9.566548521731483845e-01,9.999999991825473389e-01,9.999999999986891597e-01,1.000000000000000056e-01,4.429759515660109948e-01,-6.703836813552473961e-01
9.999999999999499289e-01,9.220250147948544928e-13,7.479731245085712299e-01,9.999999984538209263e-01,9.999999999995176081e-01,1.000000000000000056e-01,4.429759492904397633e-01,-5.816405536380481189e-01
9.999999999999479305e-01,1.268501626066300156e-13,3.252000477409657808e-01,9.999999996695652094e-01,9.999999999999761302e-01,1.000000000000000056e-01,4.429759446803080980e-01,-4.018538247713417944e-01
9.999999999999551470e-01,8.605137091261682353e-13,6.955216596715255717e-01,9.999999983183054386e-01,9.999999999999690248e-01,1.000000000000000056e-01,4.429759487184824485e-01,-5.593352608078211441e-01
9.999999999995242694e-01,1.965736753868532485e-12,9.999999999999988898e-01,4.833265637914890833e-01,9.999999999999749090e-01,1.000000000000000056e-01,4.429759559147548043e-01,-7.289404090138799086e-01
9.999999999999739098e-01,5.787612486119393992e-14,5.875169016801906618e-01,9.999999973408518761e-01,9.999999999999663602e-01,1.000000000000000056e-01,4.429759475407438751e-01,-5.134056045316702788e-01
9.999999999958915087e-01,9.358486607347827708e-16,4.661479096240646047e-01,9.999999988468319945e-01,9.999999999995883293e-01,1.000000000000000056e-01,4.429759462172749296e-01,-4.617927291981710480e-01
9.999999999997872813e-01,1.168783708339376996e-11,4.382234779763298782e-01,9.999999987970588089e-01,9.999999999985764720e-01,1.000000000000000056e-01,4.429759459127727839e-01,-4.499177009788847270e-01
9.999999999996799227e-01,3.113452851560982970e-13,4.439585911974214261e-02,9.999999989365596642e-01,9.999999999999782396e-01,1.000000000000000056e-01,4.429759416182770804e-01,-2.824401978224274634e-01
9.999999999848543375e-01,7.104623856925588131e-14,6.013197927119319219e-01,9.999999956118347244e-01,9.999999999998592237e-01,1.000000000000000056e-01,4.429759476912576432e-01,-5.192753649756748358e-01
9.999999999998556710e-01,1.936081141402007462e-13,3.427449591019852693e-01,9.999999993086310379e-01,9.999999999999722444e-01,1.000000000000000056e-01,4.429759448716266701e-01,-4.093149011866651366e-01
9.999999999996891376e-01,7.678809231710857775e-13,7.198212909975724161e-01,9.999999967342146912e-01,9.999999999957073227e-01,1.000000000000000056e-01,4.429759489834579345e-01,-5.696688215721635862e-01
9.999999999793095506e-01,2.597015579498155003e-14,7.100318794842331860e-01,9.999999996025585869e-01,9.999999999999821254e-01,1.000000000000000056e-01,4.429759488767092135e-01,-5.655058167280516690e-01
9.999999999999552580e-01,7.654817933193168437e-14,2.830702654805740126e-01,9.999999939580697106e-01,9.999999999997751798e-01,1.000000000000000056e-01,4.429759442209036391e-01,-3.839378883865146586e-01
9.999999999959182650e-01,2.190565794982889196e-13,1.207295001417418023e-01,9.999999941746551269e-01,9.999999999984610088e-01,1.000000000000000056e-01,4.429759424506577448e-01,-3.149015264289595217e-01
9.999999999988001820e-01,7.466164011837720407e-13,9.999999999999571454e-01,1.966470199644188843e-01,9.999999999999269473e-01,1.000000000000000056e-01,4.429759580654260009e-01,-7.512034377490587334e-01
9.999999999999780176e-01,1.976566985774754289e-13,8.535974388029631266e-01,9.999999967689583436e-01,9.999999999999685807e-01,1.000000000000000056e-01,4.429759504422207672e-01,-6.265579124867829419e-01
9.999999999998345768e-01,1.424948551048565500e-13,4.609237319953132794e-01,9.999999952107890833e-01,9.999999999999629186e-01,1.000000000000000056e-01,4.429759461603078874e-01,-4.595711173245072834e-01
9.999999999982864818e-01,1.882422533851114488e-13,8.777770835046072584e-01,9.999999974477861153e-01,9.999999999998752109e-01,1.000000000000000056e-01,4.429759507058878554e-01,-6.368404480607346985e-01
9.999999999847642984e-01,7.509121823291975897e-14,3.533483151586392368e-01,9.999999941986560392e-01,9.999999999968752773e-01,1.000000000000000056e-01,4.429759449872510690e-01,-4.138240408935208725e-01
9.999999999905166970e-01,4.978319772472236323e-14,9.999999999999998890e-01,5.487975690034507803e-01,9.999999999998934186e-01,1.000000000000000056e-01,4.429759554235910279e-01,-7.238560459968516048e-01
9.999999999993398614e-01,1.752807071263211086e-13,6.820586823186522984e-01,9.999999994999645425e-01,9.999999999999590328e-01,1.000000000000000056e-01,4.429759485716753264e-01,-5.536100506889966022e-01
9.999999999966306952e-01,4.579809306446248251e-14,5.468665673100321367e-01,9.999999982374786489e-01,9.999999999999487077e-01,1.000000000000000056e-01,4.429759470974720670e-01,-4.961188115190166004e-01
9.999999999874321643e-01,2.491149586718245564e-14,9.999999999999997780e-01,6.830855965436402055e-01,9.999999999971731501e-01,1.000000000000000056e-01,4.429759544161616658e-01,-7.134274741639087258e-01
9.999999999964536146e-01,4.053396227517803001e-13,9.962634526238287047e-02,9.999999979884212076e-01,9.999999999999705791e-01,1.000000000000000056e-01,4.429759422205382657e-01,-3.059272858345377655e-01
9.999999999998435696e-01,1.234210707131979160e-12,8.159814536508249727e-01,9.999999968953076079e-01,9.999999999999922284e-01,1.000000000000000056e-01,4.429759500320370469e-01,-6.105614943235045944e-01
9.999999999996906919e-01,5.844154487929778347e-13,8.978168713412125468e-02,9.999999997431910925e-01,9.999999999999572564e-01,1.000000000000000056e-01,4.429759421131870822e-01,-3.017407871298839472e-01
9.999999999999000799e-01,1.237406774975594165e-12,4.881061068024832306e-01,9.999999999361393055e-01,9.999999999999946709e-01,1.000000000000000056e-01,4.429759464567182281e-01,-4.711305811606235627e-01
9.999999999999891198e-01,1.931559398997862971e-13,2.390675364541243464e-01,9.999999952656332125e-01,9.999999999999252820e-01,1.000000000000000056e-01,4.429759437410756284e-01,-3.652254698660449828e-01
9.999999999999467093e-01,3.113452851560982970e-13,8.951489364072722221e-01,9.999999989366236131e-01,9.999999999999218403e-01,1.000000000000000056e-01,4.429759508953193259e-01,-6.442279302085115456e-01
9.999999999851613142e-01,7.104623856925588131e-14,5.567381488261559097e-01,9.999999957216925139e-01,9.999999999998565592e-01,1.000000000000000056e-01,4.429759472051167934e-01,-5.003167596110683624e-01
9.999999999769378922e-01,1.772102015508150383e-13,7.433850880560965990e-01,9.999999952619031962e-01,9.999999999999459321e-01,1.000000000000000056e-01,4.429759492404095056e-01,-5.796894644932278906e-01
9.999999999998211431e-01,5.446803641929801843e-14,7.059766166024750156e-02,9.999999964767621874e-01,9.999999999999834577e-01,1.000000000000000056e-01,4.429759419039948076e-01,-2.935826681127827742e-01
9.999999999999691358e-01,3.024609986960484437e-14,9.999999999999968914e-01,6.051287445447598445e-01,9.999999999985439425e-01,1.000000000000000056e-01,4.429759550009942926e-01,-7.194814660631435599e-01
9.999999999999601430e-01,1.828630635546464368e-13,7.805426123033902819e-01,9.999999983863556707e-01,9.999999999999921174e-01,1.000000000000000056e-01,4.429759496455939471e-01,-5.954909192172116450e-01
9.999999999999966693e-01,7.070358107972947436e-14,2.729604363894899133e-01,9.999999938571406677e-01,9.999999999982965848e-01,1.000000000000000056e-01,4.429759441106609907e-01,-3.796386243190309484e-01
9.999999999794719763e-01,2.395398233587926300e-12,3.735836523542279686e-01,9.999999963873992259e-01,1.000000000000000000e+00,1.000000000000000056e-01,4.429759452079074511e-01,-4.224292364652862952e-01
9.999999999996326272e-01,3.657354278374472131e-14,9.465768784450452333e-01,9.999999950587190600e-01,9.999999999984928722e-01,1.000000000000000056e-01,4.429759514561156797e-01,-6.660979642803014356e-01
9.999999999997405409e-01,3.204336642286808815e-14,9.999999999999833467e-01,9.999640503636180178e-01,9.999999999994352295e-01,1.000000000000000056e-01,4.429759520389381366e-01,-6.888192512369556431e-01
9.999999999996241895e-01,6.835397670968875241e-14,4.971575067317351992e-01,9.999999979379101678e-01,9.999999999998698819e-01,1.000000000000000056e-01,4.429759465554192754e-01,-4.749797421859413005e-01
9.999999999995442534e-01,1.256880689714926552e-14,9.999999999999785727e-01,6.211892509568819887e-02,9.999999999999981126e-01,1.000000000000000056e-01,4.429759590746563669e-01,-7.616506527880310129e-01
9.999999999958725239e-01,1.765797787147493977e-15,3.387518400737021262e-01,9.999999964935131214e-01,9.999999999998597788e-01,1.000000000000000056e-01,4.429759448280837231e-01,-4.076168041352478122e-01
9.999999999999937828e-01,2.260596825222284257e-12,4.548820834029497218e-01,9.999999989364843911e-01,9.999999999985018651e-01,1.000000000000000056e-01,4.429759460944266980e-01,-4.570018705616486487e-01
9.999999999997780664e-01,1.796931865131617526e-13,4.193963264077121278e-01,9.999999984148811860e-01,9.999999999999553690e-01,1.000000000000000056e-01,4.429759457074720075e-01,-4.419113444574837013e-01
9.999999999992857935e-01,1.767940797343983279e-13,6.998570047270471495e-01,9.999999983696581385e-01,9.999999999999621414e-01,1.000000000000000056e-01,4.429759487657572437e-01,-5.611788916979704167e-01
9.999999999999983347e-01,3.453991835861841860e-13,9.758039110059949506e-01,9.999999992230397261e-01,9.999999999999573674e-01,1.000000000000000056e-01,4.429759517748220188e-01,-6.785269308529332521e-01
9.999999999999599209e-01,4.212105514930111183e-13,2.117171700049789718e-01,9.999999986892262882e-01,9.999999999999739098e-01,1.000000000000000056e-01,4.429759434428333642e-01,-3.535945659668614516e-01
9.999999999998556710e-01,1.936081141402007462e-13,7.153326918188723793e-01,9.999999962434290568e-01,9.999999999999722444e-01,1.000000000000000056e-01,4.429759489345119761e-01,-5.677600185021914880e-01
9.999999999992958966e-01,2.969515042726793455e-15,6.909081381400253852e-01,9.999999965938284330e-01,9.999999999999821254e-01,1.000000000000000056e-01,4.429759486681743019e-01,-5.573733338710870067e-01
9.999999999876598711e-01,7.346003175746734385e-14,7.895150447726033693e-01,9.999999956118347244e-01,9.999999999998592237e-01,1.000000000000000056e-01,4.429759497434339055e-01,-5.993064989284112576e-01
9.999999999976386666e-01,8.787596262461434219e-14,9.196610064562334985e-01,9.999999974371328593e-01,9.999999999999924505e-01,1.000000000000000056e-01,4.429759511626113477e-01,-6.546518317786561569e-01
9.999999999998419042e-01,6.309038732983516330e-14,4.097724304761229952e-01,9.999999957521628069e-01,9.999999999998622213e-01,1.000000000000000056e-01,4.429759456025281761e-01,-4.378187265132552630e-01
9.999999999958759656e-01,1.650731922385703475e-15,9.153443679543689093e-01,9.999999965186787687e-01,9.999999999998436806e-01,1.000000000000000056e-01,4.429759511155405560e-01,-6.528161560271740216e-01
9.999999999996894706e-01,1.061996928276936339e-13,9.999999999999946709e-01,1.071120693898063858e-01,9.999998967122186722e-01,1.000000000000000056e-01,4.429759587371186469e-01,-7.581565635374004630e-01
9.999999999999882316e-01,2.754334399806881351e-13,3.779574818021288474e-01,9.999999952618331411e-01,9.999999999998524514e-01,1.000000000000000056e-01,4.429759452556019106e-01,-4.242892331598103750e-01
9.999999999963926633e-01,1.523895567368153252e-12,9.999999999999859002e-01,1.601422267694633805e-01,9.999999999997629674e-01,1.000000000000000056e-01,4.429759583392851030e-01,-7.540383357288432675e-01
9.999999999999985567e-01,9.796698113740463321e-13,3.651007256403303591e-01,9.999999985002302472e-01,9.999999999999403810e-01,1.000000000000000056e-01,4.429759451154052785e-01,-4.188218219979279455e-01
9.999999999999421574e-01,1.075114392360687468e-14,1.935201875219726420e-01,9.999999953232434624e-01,9.999999999984893195e-01,1.000000000000000056e-01,4.429759432444042577e-01,-3.458561927745157361e-01
9.999999999995623501e-01,1.781663722592814463e-11,9.999999999999915623e-01,3.457885871625916985e-01,9.999999999999119593e-01,1.000000000000000056e-01,4.429759569465653302e-01,-7.396213661718854526e-01
9.999999999998036015e-01,7.009822472443719817e-13,8.310806414381664009e-01,9.999999981923527459e-01,9.999999999999972244e-01,1.000000000000000056e-01,4.429759501966862301e-01,-6.169825123257165478e-01
9.999999999997405409e-01,3.232352578277420376e-14,5.160255134906283070e-01,9.999659100012264767e-01,9.999999999999623634e-01,1.000000000000000056e-01,4.429759467614213242e-01,-4.830061198551506285e-01
9.999999999999950040e-01,2.701368390496913636e-13,9.999999999999850120e-01,3.989880143231215870e-01,9.999999999999670264e-01,1.000000000000000056e-01,4.429759565474629679e-01,-7.354899923048460186e-01
9.999999999994172439e-01,7.064799930858084318e-13,9.097352723827564214e-01,9.999999972068163157e-01,9.999999999999358291e-01,1.000000000000000056e-01,4.429759510543761492e-01,-6.504308552069318905e-01
9.999999999998036015e-01,7.009822472443719817e-13,8.343822558427134162e-01,9.999999996367198163e-01,9.999999999949354956e-01,1.000000000000000056e-01,4.429759502326887088e-01,-6.183865430897511617e-01
9.999999999999663602e-01,1.990788320827962952e-13,1.800801729956447161e-10,9.999999985586117690e-01,9.999999999999789058e-01,1.000000000000000056e-01,4.429759411341621100e-01,-2.635605986335159967e-01
9.999999999963709030e-01,2.835037393567215818e-13,8.567388527993624603e-02,9.999999967443436999e-01,9.999999999999762412e-01,1.000000000000000056e-01,4.429759420683935800e-01,-2.999939205485319116e-01
9.999999999995621280e-01,7.509121823291975897e-14,3.345714913152280090e-01,9.999999941986560392e-01,9.999999999999781286e-01,1.000000000000000056e-01,4.429759447824990759e-01,-4.058390865032804884e-01
9.999999999999453770e-01,1.203992032530125019e-13,9.999999999999991118e-01,7.375889178819461378e-01,9.999999999984801047e-01,1.000000000000000056e-01,4.429759540072775170e-01,-7.091948421701436134e-01
9.999999999999863443e-01,3.917629105177860661e-13,9.999999999999996669e-01,8.414917168939168857e-01,9.999999999999120703e-01,1.000000000000000056e-01,4.429759532277982581e-01,-7.011259336969738465e-01
9.999999999998038236e-01,2.072411446705352323e-13,5.243877795362754668e-01,9.999999982219966999e-01,9.999999999999986677e-01,1.000000000000000056e-01,4.429759468523519761e-01,-4.865595752707555510e-01
9.999999999999669154e-01,3.383775341491332532e-14,9.520146925355437162e-01,9.999999999229683967e-01,9.999999999999964473e-01,1.000000000000000056e-01,4.429759515154123029e-01,-6.684104262164117793e-01
9.999999999997872813e-01,1.168783708339376996e-11,4.438213622247657586e-01,9.999999988474678192e-01,9.999999999999962252e-01,1.000000000000000056e-01,4.429759459738149552e-01,-4.522982340599280837e-01
9.999999999995242694e-01,1.965736753868532485e-12,9.999999999999988898e-01,4.243811107985211439e-01,9.999999994706105788e-01,1.000000000000000056e-01,4.429759563569638514e-01,-7.335180091278595826e-01
9.999999999999742428e-01,2.612861390245950271e-13,6.711727144066368389e-01,9.999999966185779687e-01,9.999999999986487476e-01,1.000000000000000056e-01,4.429759484529692259e-01,-5.489807292564093943e-01
9.999999999997780664e-01,1.796931865131617526e-13,9.827043409536080354e-01,9.999999984148811860e-01,9.999999999999553690e-01,1.000000000000000056e-01,4.429759518500678284e-01,-6.814613791948286314e-01
9.999999999990041299e-01,2.907132840600321581e-14,3.159264319737274951e-01,9.999999951888464134e-01,9.999999999998901989e-01,1.000000000000000056e-01,4.429759445791839334e-01,-3.979101656619269400e-01
9.999999999993729460e-01,2.245475748519015519e-13,9.286039477020218147e-01,9.999999971236624985e-01,9.999999999999756861e-01,1.000000000000000056e-01,4.429759512601297300e-01,-6.584548699823019602e-01
9.999999999994172439e-01,7.064799930858084318e-13,7.994482139185322689e-01,9.999999972068163157e-01,9.999999999999905631e-01,1.000000000000000056e-01,4.429759498517502059e-01,-6.035306372016763232e-01
9.999999999999839018e-01,8.026846012236224697e-13,2.783622836747766671e-01,9.999999987995942252e-01,9.999999999999006350e-01,1.000000000000000056e-01,4.429759441695654276e-01,-3.819357911535604666e-01
9.999999999769378922e-01,1.354658158249091524e-13,7.388696483520831304e-01,9.999999986553673725e-01,9.999999999999440448e-01,1.000000000000000056e-01,4.429759491911708369e-01,-5.777692470309755413e-01
9.999999999989865884e-01,1.576420357328579820e-13,5.056332810800667765e-01,9.999999983370659873e-01,9.999999999999978906e-01,1.000000000000000056e-01,4.429759466478434549e-01,-4.785841148732360439e-01
9.999999999995455857e-01,7.580388659439067227e-14,9.999999999999719114e-01,2.474045694186644551e-01,9.999999999999994449e-01,1.000000000000000056e-01,4.429759576846426516e-01,-7.472616958059540293e-01
9.999999999997800648e-01,3.628893297946922357e-13,6.376302758298683093e-01,9.999999984163105982e-01,9.999999999999954481e-01,1.000000000000000056e-01,4.429759480872054733e-01,-5.347166105194146590e-01
9.999999999999549249e-01,2.669969949061504579e-13,9.999999999999997780e-01,4.678962041493582857e-01,9.999999999998679945e-01,1.000000000000000056e-01,4.429759560305134292e-01,-7.301387035817056281e-01
9.999999999999074074e-01,1.396553397952464810e-11,9.405597906096499483e-02,9.999999984318721502e-01,9.999999999999732436e-01,1.000000000000000056e-01,4.429759421597961322e-01,-3.035584549249289443e-01
9.999999999910665904e-01,1.579362904509479623e-13,9.999999999999915623e-01,3.328851317861439285e-01,9.999999999987004839e-01,1.000000000000000056e-01,4.429759570433670635e-01,-7.406234258034450901e-01
9.999999999998419042e-01,6.309038732983516330e-14,2.058834324463022503e-01,9.999999973968217715e-01,9.999999999998707700e-01,1.000000000000000056e-01,4.429759433792193057e-01,-3.511137349786642714e-01
9.999999999998036015e-01,7.009822472443719817e-13,8.210901323612735947e-01,9.999999996470175789e-01,9.999999999949354956e-01,1.000000000000000056e-01,4.429759500877446521e-01,-6.127339896735576330e-01
9.999999999999769074e-01,4.405994759494087261e-13,5.521293780294317388e-01,9.999999990952486151e-01,9.999999999955498931e-01,1.000000000000000056e-01,4.429759471548603833e-01,-4.983568525560130302e-01
9.999999999999585887e-01,4.212105514930111183e-13,3.395557029597184862e-02,9.999999986892262882e-01,9.999999999999739098e-01,1.000000000000000056e-01,4.429759415044308701e-01,-2.780004038291227220e-01
9.999999999999934497e-01,1.755566575525963482e-12,6.674422052816320061e-02,9.999999953505968042e-01,9.999999999999849010e-01,1.000000000000000056e-01,4.429759418619749201e-01,-2.919439697738300810e-01
9.999999999999134026e-01,2.434290387151819407e-13,1.684242244263574328e-01,9.999999972404682858e-01,9.999999999999462652e-01,1.000000000000000056e-01,4.429759429707451623e-01,-3.351839872313161495e-01
9.999999999997910560e-01,3.219025010644005035e-13,9.999999999999998890e-01,5.611568275691669605e-01,9.999999999996602718e-01,1.000000000000000056e-01,4.429759553308718067e-01,-7.228962477324712976e-01
9.999999999996939115e-01,1.793102132531930623e-14,2.019968277176127924e-01,9.999999957670496764e-01,9.999999999998552269e-01,1.000000000000000056e-01,4.429759433368378185e-01,-3.494609336652331200e-01
9.999999999999975575e-01,1.078987113175064783e-13,6.670848999954205327e-01,9.999999962328097736e-01,9.999999999999568123e-01,1.000000000000000056e-01,4.429759484083936605e-01,-5.472423622489520634e-01
9.999999999999802380e-01,1.786538133688020051e-13,4.330044342846017802e-01,9.999999939186769993e-01,9.999999999983293364e-01,1.000000000000000056e-01,4.429759458558617524e-01,-4.476982724378267831e-01
9.999999999995443645e-01,1.256880689714926552e-14,9.999999999999876765e-01,2.348131485463051393e-01,9.999999999999981126e-01,1.000000000000000056e-01,4.429759577791035352e-01,-7.482395233863959882e-01
9.999999999990132338e-01,1.422262325922139745e-13,5.401114640507803655e-01,9.999999959247581893e-01,9.999999999999217293e-01,1.000000000000000056e-01,4.429759470238109897e-01,-4.932461644457554195e-01
9.999999999994898525e-01,8.707057767759866809e-14,6.072938122070417055e-01,9.999999993108462659e-01,9.999999999998526734e-01,1.000000000000000056e-01,4.429759477564013115e-01,-5.218158514918328494e-01
9.999999999987885246e-01,7.854974143839093542e-13,9.000112177172051586e-01,9.999999983593031994e-01,9.999999999999986677e-01,1.000000000000000056e-01,4.429759509483401358e-01,-6.462956438789798641e-01
9.999999999992524868e-01,1.231634576598545607e-12,9.999999999999650280e-01,3.196975080928095014e-01,9.999999617431093446e-01,1.000000000000000056e-01,4.429759571423010911e-01,-7.416475531239475893e-01
9.999999999998556710e-01,1.677961646017094851e-13,5.281129242256321632e-01,9.999999982314823344e-01,9.999999999999856781e-01,1.000000000000000056e-01,4.429759468929728161e-01,-4.881437148822943550e-01
9.999999999999872324e-01,6.014969898761200208e-13,2.233784772319064027e-01,9.999999939220662881e-01,9.999999999999987788e-01,1.000000000000000056e-01,4.429759435699942016e-01,-3.585536055825665480e-01
9.999999999990363264e-01,2.196926447910656258e-13,2.337947882439667668e-01,9.999999979139270190e-01,9.999999999990127897e-01,1.000000000000000056e-01,4.429759436835788988e-01,-3.629832025802882667e-01
9.999999999999696909e-01,7.679310237053594753e-14,7.495682939086560637e-02,9.999999985441977435e-01,9.999999999998540057e-01,1.000000000000000056e-01,4.429759419515293395e-01,-2.954364295786616745e-01
9.999999999997365441e-01,4.032498798048751362e-13,8.260681939870379020e-01,9.999999965915834510e-01,9.999999999997566391e-01,1.000000000000000056e-01,4.429759501420279522e-01,-6.148509397939824206e-01
9.999999999993891553e-01,6.940477125255680279e-14,1.817759461017693090e-01,9.999999962175964985e-01,9.999999999999842348e-01,1.000000000000000056e-01,4.429759431163390881e-01,-3.408618852078800776e-01
9.999999999999809042e-01,1.314169694374379058e-12,1.976774179474224402e-01,9.999999989714044579e-01,9.999999999999937828e-01,1.000000000000000056e-01,4.429759432897367732e-01,-3.476240790954311377e-01
9.999999999998062661e-01,6.314769206093155072e-13,8.872353631353705472e-01,9.999999982204985649e-01,9.999999999999569233e-01,1.000000000000000056e-01,4.429759508090257425e-01,-6.408626368483724134e-01
9.999999999963709030e-01,2.847055624893941437e-13,6.269104024978927603e-02,9.999999960489832640e-01,9.999999999998532285e-01,1.000000000000000056e-01,4.429759418177769970e-01,-2.902203310502989853e-01
9.999999999999965583e-01,1.455596024946124011e-13,9.999999999999968914e-01,2.086532654038966150e-01,9.999999999987161381e-01,1.000000000000000056e-01,4.429759579753551058e-01,-7.502710538625264602e-01
9.999999999788292682e-01,1.773046914499173198e-13,8.577775114264164502e-01,9.999999950597050491e-01,9.999999999995040634e-01,1.000000000000000056e-01,4.429759504878024168e-01,-6.283355130013102974e-01
9.999999999999983347e-01,7.594749865106839553e-13,9.793142575706274000e-01,9.999999988240022564e-01,9.999999999999706901e-01,1.000000000000000056e-01,4.429759518131006213e-01,-6.800197263348758403e-01
9.999999999999598099e-01,5.467962092460842100e-13,9.999999999999933387e-01,8.186348599642321311e-01,9.999999999999541478e-01,1.000000000000000056e-01,4.429759533992704834e-01,-7.029009569712315608e-01
9.999999999966104891e-01,7.565790846433154438e-14,4.794927593371680619e-01,9.999999961852443775e-01,9.999999999999859002e-01,1.000000000000000056e-01,4.429759463627939708e-01,-4.674677049592178557e-01
9.999999999960849095e-01,1.161412584045467656e-14,1.581555225059224634e-01,9.999999980158915669e-01,9.999999999999528155e-01,1.000000000000000056e-01,4.429759428587700110e-01,-3.308171614953087092e-01
9.999999999999567013e-01,2.704647097225961295e-13,9.999999999999850120e-01,4.368803590513831159e-01,9.999999999999670264e-01,1.000000000000000056e-01,4.429759562631944148e-01,-7.325473395149423306e-01
9.999999999999427125e-01,2.401274413754663704e-13,3.062859181459767766e-01,9.999999970214654699e-01,9.999999999998621103e-01,1.000000000000000056e-01,4.429759444740588581e-01,-3.938104805117242924e-01
9.999999999998055999e-01,2.294112680747993395e-13,1.123243332875015488e-01,9.999999988002145068e-01,9.999999999985735855e-01,1.000000000000000056e-01,4.429759423590035050e-01,-3.113271796020039561e-01
9.999999999998561151e-01,1.084517303702049622e-13,7.849888868451369017e-01,9.999999996050578099e-01,9.999999999999761302e-01,1.000000000000000056e-01,4.429759496940783858e-01,-5.973817234309021229e-01
9.999999999995162758e-01,7.855510737839867773e-14,9.999999999999988898e-01,8.059375587433504906e-01,9.999999999999749090e-01,1.000000000000000056e-01,4.429759534945256760e-01,-7.038870070338655305e-01
9.999999999983538723e-01,1.295475175637716762e-13,4.240502198643414378e-01,9.999999993372197249e-01,9.999999999984530152e-01,1.000000000000000056e-01,4.429759457582204130e-01,-4.438904398545694407e-01
9.999999999999903411e-01,1.885627667224433867e-14,5.745171552936951809e-01,9.999999990952486151e-01,9.999999999958247843e-01,1.000000000000000056e-01,4.429759473989880458e-01,-5.078773860525015449e-01
9.999999999848090404e-01,1.811579942498106177e-14,5.704126041963158977e-02,9.999999943269584080e-01,9.999999999997560840e-01,1.000000000000000056e-01,4.429759417561689450e-01,-2.878177291979958641e-01
9.999999999995101696e-01,3.732059136898190824e-13,9.999999999999983347e-01,3.589213893861009086e-01,9.999999999999699130e-01,1.000000000000000056e-01,4.429759568480429732e-01,-7.386014958692203036e-01
9.999999999995177191e-01,9.032163578266349034e-14,7.623844674996196336e-01,9.999999966285357811e-01,9.999999999998698819e-01,1.000000000000000056e-01,4.429759494475883908e-01,-5.877690618513397025e-01
9.999999999999368283e-01,4.902002218530868812e-14,9.999999999999972244e-01,1.164321084702452103e-02,9.999999999999016342e-01,1.000000000000000056e-01,4.429759594533254075e-01,-7.655705079049447415e-01
9.999999999999478195e-01,2.190565794982889196e-13,4.744456083382416756e-01,9.999999936581911442e-01,9.999999999984610088e-01,1.000000000000000056e-01,4.429759463077572734e-01,-4.653213746123233685e-01
9.999999999999845679e-01,1.931559398997862971e-13,2.631448246615296638e-01,9.999999952656332125e-01,9.999999999999250599e-01,1.000000000000000056e-01,4.429759440036265539e-01,-3.754644777929544430e-01
9.999999999998203659e-01,7.854974143839093542e-13,8.401908207594073197e-01,9.999999984214077431e-01,9.999999999998728795e-01,1.000000000000000056e-01,4.429759502960282092e-01,-6.208566694594838120e-01
9.999999999991449062e-01,6.709084323004479074e-15,5.923322116978141372e-01,9.999999973288610233e-01,9.999999999999663602e-01,1.000000000000000056e-01,4.429759475932524837e-01,-5.154533433403761800e-01
9.999999999998604450e-01,1.823886608909600942e-11,9.999999999999864553e-01,5.349364926715776125e-01,9.999999999999836797e-01,1.000000000000000056e-01,4.429759555275769034e-01,-7.249324727843450278e-01
9.999999999986872723e-01,4.834182255354792462e-13,4.053189830702175200e-01,9.999999980158915669e-01,9.999999999999527045e-01,1.000000000000000056e-01,4.429759455539655222e-01,-4.359248717262828032e-01
9.999999999999653610e-01,2.749518489375419505e-13,9.424289174225221055e-01,9.999999962158242495e-01,9.999999999998931965e-01,1.000000000000000056e-01,4.429759514108841945e-01,-6.643340194545300781e-01
9.999999999999802380e-01,1.960376903549729581e-13,7.343181596033105940e-01,9.999999939186769993e-01,9.999999999984673371e-01,1.000000000000000056e-01,4.429759491415391492e-01,-5.758337001321599535e-01
9.999999999983680832e-01,1.024661705870382637e-14,1.000000000000000000e+00,9.723004909445324140e-01,9.999999999999987788e-01,1.000000000000000056e-01,4.429759522464702393e-01,-6.909675545644154981e-01
9.999999999996939115e-01,1.800205906526095884e-13,1.091343285061827650e-01,9.999999987929247824e-01,9.999999999999896749e-01,1.000000000000000056e-01,4.429759423242181082e-01,-3.099706113728964985e-01
9.999999999996863620e-01,7.679310237053594753e-14,9.614834311720785731e-01,9.999999985765626320e-01,9.999999999997467581e-01,1.000000000000000056e-01,4.429759516186642654e-01,-6.724370629223418439e-01
9.999999999998988587e-01,3.904587322814448565e-13,2.045015519617437993e-02,9.999999997429215304e-01,9.999999999999956701e-01,1.000000000000000056e-01,4.429759413571609517e-01,-2.722571468205398082e-01
9.999999999999849010e-01,5.769127830991380281e-14,2.879315918384710571e-01,9.999999998344752949e-01,9.999999999999684697e-01,1.000000000000000056e-01,4.429759442739139574e-01,-3.860051954553215259e-01
9.999999999999913403e-01,5.462699263377946113e-13,9.999999999999966693e-01,8.527960634635431969e-01,9.999999999997712941e-01,1.000000000000000056e-01,4.429759531429929842e-01,-7.002480580410791466e-01
9.999999999998624434e-01,2.206894709104901793e-13,4.149490040248002276e-01,9.999999987884509167e-01,9.999999999999300559e-01,1.000000000000000056e-01,4.429759456589761335e-01,-4.400200945187769941e-01
9.999999999998419042e-01,6.309038732983516330e-14,5.838936727668253557e-01,9.999999957521628069e-01,9.999999999998622213e-01,1.000000000000000056e-01,4.429759475012343684e-01,-5.118648053236344309e-01
9.999999999998357980e-01,1.245219409515070578e-12,7.978709380937594464e-02,9.999999987728779294e-01,9.999999999999842348e-01,1.000000000000000056e-01,4.429759420042009843e-01,-2.974905278155038912e-01
9.999999999999802380e-01,1.966817963798294231e-12,9.999999999999988898e-01,9.833511410026029020e-01,9.994745637868770460e-01,1.000000000000000056e-01,4.429759521689147217e-01,-6.901049803778694924e-01
9.999999999997405409e-01,3.204336642286808815e-14,9.703771613488487713e-01,9.999647900729567995e-01,9.999999999998235856e-01,1.000000000000000056e-01,4.429759517159101434e-01,-6.762219080353543132e-01
9.999999999999972244e-01,1.745352600465518666e-11,4.711901112760646937e-01,9.999999953487346271e-01,9.999999999998747668e-01,1.000000000000000056e-01,4.429759462722576702e-01,-4.639369552748077163e-01
9.999999999999260591e-01,8.697677994199105360e-12,1.045480485917635871e-01,9.999999998095906451e-01,9.999999999999354960e-01,1.000000000000000056e-01,4.429759422742070019e-01,-3.080202688799619226e-01
9.999999999999484857e-01,1.004651148471869468e-12,9.953501582952807292e-01,9.999999984937066877e-01,9.999999999999868994e-01,1.000000000000000056e-01,4.429759519879641894e-01,-6.868390871308359680e-01
9.999999999991729949e-01,1.692919026973546578e-13,9.999999999999859002e-01,2.955774695856204226e-01,9.999999999997638556e-01,1.000000000000000056e-01,4.429759573232493475e-01,-7.435206731766278443e-01
9.999999999994898525e-01,8.707057767759866809e-14,5.964074017735443434e-01,9.999999993108462659e-01,9.999999999998526734e-01,1.000000000000000056e-01,4.429759476376903815e-01,-5.171863416494709709e-01
9.999999999995626832e-01,2.190565794982889196e-13,2.497343030367350225e-01,9.999999964897479110e-01,9.999999999988634647e-01,1.000000000000000056e-01,4.429759438573914188e-01,-3.697615747780597095e-01
9.999999999984249266e-01,8.943375310501404540e-13,9.999999999999650280e-01,2.222489297132625996e-01,9.999970642412843169e-01,1.000000000000000056e-01,4.429759578733902248e-01,-7.492152139202675754e-01
9.999999999996262989e-01,1.061800978842553270e-13,9.871110268435513424e-01,9.999999985002302472e-01,9.999999999999868994e-01,1.000000000000000056e-01,4.429759518981205568e-01,-6.833353481905229954e-01
