9.999999999996661559e-01,6.373888503818256376e-12,9.999999999999372724e-01,6.730727086790011526e-16,9.999999999978288479e-01,8.000000000000000444e-01,4.429759667849178517e-01,-8.381895403573457193e-01
9.999999999999009681e-01,2.614629736093327657e-13,9.999999999999894529e-01,2.571410454985622041e-01,9.999999999999612532e-01,8.000000000000000444e-01,4.429759648558445617e-01,-8.182204194056789115e-01
9.999999999997325473e-01,3.348144223735087125e-11,9.999999999999373834e-01,1.358522556997764918e-01,9.999999999992204014e-01,8.000000000000000444e-01,4.429759657657535987e-01,-8.276394933185219349e-01
9.999999999999761302e-01,6.524216401049669489e-01,9.999999999999983347e-01,1.052982275662032472e-11,9.999999999999938938e-01,8.000000000000000444e-01,4.429759719556187747e-01,-8.382855025713192854e-01
9.999999999999884537e-01,6.231686644727991993e-13,6.969847403280093889e-01,9.999999984473424419e-01,9.999999999999118483e-01,8.000000000000000444e-01,4.429759559786816681e-01,-6.316722856146673726e-01
9.999999999998477884e-01,1.122667479957682866e-11,1.746007578808563276e-01,9.999999996582034090e-01,9.999999999995299316e-01,8.000000000000000444e-01,4.429759502823422124e-01,-4.095254352892619965e-01
9.999999999999137357e-01,8.920652299341492415e-13,9.999999999995429212e-01,7.560629604750921384e-01,9.999999999999669154e-01,8.000000000000000444e-01,4.429759611129301944e-01,-7.794750217345237653e-01
9.999999999995293765e-01,6.600460869825035736e-13,9.999999999998264721e-01,8.934269263341431122e-01,9.999999999999360512e-01,8.000000000000000444e-01,4.429759600824251242e-01,-7.688075779458002357e-01
9.999999999997425393e-01,2.487564255466365305e-12,1.570225717249706388e-01,9.999999993623829297e-01,9.999999999998893108e-01,8.000000000000000444e-01,4.429759500906607639e-01,-4.020502086239868822e-01
9.999999999998825384e-01,3.577279003838589903e-13,4.118603955822047191e-01,9.999999988613627044e-01,9.999999999991596722e-01,8.000000000000000444e-01,4.429759528695414450e-01,-5.104214868643651704e-01
9.999999999988643529e-01,4.074423400930706895e-12,9.999999999999813483e-01,6.455530898520775995e-01,9.999999999999904521e-01,8.000000000000000444e-01,4.429759619419757488e-01,-7.880570237579506143e-01
9.999999999999525935e-01,1.910466086325602450e-12,7.975921017738945018e-01,9.999999962251920893e-01,9.999999999999795719e-01,8.000000000000000444e-01,4.429759570757552667e-01,-6.744561559028748876e-01
9.999999999999362732e-01,4.786871780729481047e-12,9.999999999994835242e-01,1.151527083846353716e-01,9.999999999965437647e-01,8.000000000000000444e-01,4.429759659210417144e-01,-8.292469837249175635e-01
9.999999999999567013e-01,1.490673162080395142e-11,9.999999999999996669e-01,1.000553439764366725e-01,9.999999999999891198e-01,8.000000000000000444e-01,4.429759660343022265e-01,-8.304194184701588766e-01
9.999999999999689138e-01,7.794097272645079523e-14,9.999999999999914513e-01,3.622609461896076355e-01,9.999999999998291367e-01,8.000000000000000444e-01,4.429759640672346066e-01,-8.100569929593525176e-01
9.999999999998752109e-01,1.843713472943587813e-13,8.854696947913544003e-01,9.999999990263778171e-01,9.999999999995261568e-01,8.000000000000000444e-01,4.429759580340170144e-01,-7.118266171668653497e-01
9.999999999999705791e-01,2.609731165042507929e-12,1.329001570350278882e-01,9.999999996220007015e-01,9.999999999998772093e-01,8.000000000000000444e-01,4.429759498276177321e-01,-3.917920103750481831e-01
9.999999999996590505e-01,1.135738271395670320e-12,9.999999999997614131e-01,2.336867180890744855e-01,9.999999999997527533e-01,8.000000000000000444e-01,4.429759650317990349e-01,-8.200418411859716761e-01
9.999999999928477212e-01,1.903041101912946413e-13,9.999999999999996669e-01,8.687991872362565982e-01,9.999999999999445999e-01,8.000000000000000444e-01,4.429759602671825003e-01,-7.707201248129426085e-01
9.999999999997813971e-01,2.114094164652026758e-11,7.631556573236893959e-01,9.999999988091808900e-01,9.999999999998543387e-01,8.000000000000000444e-01,4.429759567002428122e-01,-6.598118558674676004e-01
9.999999999997492006e-01,1.075689720815307293e-14,4.460540397238647037e-01,9.999999956811966850e-01,9.999999999999693578e-01,8.000000000000000444e-01,4.429759532424062951e-01,-5.249625346911758195e-01
9.999999999995876632e-01,3.190781803526443153e-15,2.594229175693484324e-01,9.999999956910662346e-01,9.999999999999964473e-01,8.000000000000000444e-01,4.429759512072860006e-01,-4.455965561488036686e-01
9.999999999999399369e-01,1.447961098503869430e-12,9.999999999999802380e-01,7.445056063976008831e-01,9.999999999999668043e-01,8.000000000000000444e-01,4.429759611996335056e-01,-7.803725455080793294e-01
9.999999999993421929e-01,6.373225766831353840e-12,9.999999999999925615e-01,3.243883928504941450e-01,9.999999999999626965e-01,8.000000000000000444e-01,4.429759643513546674e-01,-8.129981087849879051e-01
9.999999999999202860e-01,8.013911346441159722e-12,2.125240995609782857e-01,9.999999980841099978e-01,9.999999999999784617e-01,8.000000000000000444e-01,4.429759506958775295e-01,-4.256525587297311786e-01
9.999999999993799404e-01,2.717714017432201962e-13,9.999999999999924505e-01,5.608491976453275907e-01,9.999999999998471223e-01,8.000000000000000444e-01,4.429759625774247200e-01,-7.946349789239829375e-01
9.999999999999791278e-01,2.088893267277101024e-11,9.999999999999811262e-01,5.289604362940696358e-01,9.999999999999343858e-01,8.000000000000000444e-01,4.429759628166543006e-01,-7.971114039966392673e-01
9.999999999997656319e-01,6.561037473534622824e-14,5.667011124366077013e-01,9.999999988561492081e-01,9.999999999999732436e-01,8.000000000000000444e-01,4.429759545580029823e-01,-5.762684092295252691e-01
9.999999999996995736e-01,2.694019931782669202e-12,9.999999999999948930e-01,3.783806539093171328e-01,9.999999999999958922e-01,8.000000000000000444e-01,4.429759639463045073e-01,-8.088051648333512977e-01
9.999999999999668043e-01,2.088893267277101024e-11,9.999999999999711342e-01,5.148710689773032811e-01,9.999999999999343858e-01,8.000000000000000444e-01,4.429759629223528061e-01,-7.982055594611615623e-01
9.999999999999902300e-01,3.370072321931036968e-13,5.524397509579102028e-01,9.999999993505639395e-01,9.999999999961500796e-01,8.000000000000000444e-01,4.429759544024898799e-01,-5.702036816365426697e-01
9.999999999996317390e-01,2.717060966149933429e-13,1.186160508559857274e-01,9.999999961638506019e-01,9.999999999996007638e-01,8.000000000000000444e-01,4.429759496718566614e-01,-3.857176107716783209e-01
9.999999999987458921e-01,3.699840917940839283e-12,9.271331905352867553e-01,9.999999972784904267e-01,9.999999999991248112e-01,8.000000000000000444e-01,4.429759584883368739e-01,-7.295442630577902987e-01
9.999999999997672973e-01,2.701166335352136578e-13,5.619872432854577937e-02,9.999999970915071090e-01,9.999999999998463451e-01,8.000000000000000444e-01,4.429759489912264980e-01,-3.591742767654916291e-01
9.999999999997668532e-01,7.969666881147097929e-13,6.128711700911730897e-01,9.999999956494725062e-01,9.999999999994644284e-01,8.000000000000000444e-01,4.429759550614646990e-01,-5.959024970986687153e-01
9.999999999965186737e-01,8.032020607847258183e-14,5.110129498725721753e-01,9.999999992558069595e-01,9.999999999999348299e-01,8.000000000000000444e-01,4.429759539507510668e-01,-5.525866916788172434e-01
9.999999999995068389e-01,4.975609683381166687e-13,1.657447785063190515e-01,9.999999980219951290e-01,9.999999999977257081e-01,8.000000000000000444e-01,4.429759501857721271e-01,-4.057593782828047280e-01
9.999999999999974465e-01,1.790708140794396722e-12,3.263230980070109810e-01,9.999999962260766040e-01,9.999999999999936717e-01,8.000000000000000444e-01,4.429759519367994502e-01,-4.740462499404366481e-01
9.999999999996761479e-01,7.716051708131830440e-13,9.999999999999615863e-01,2.991519687632900326e-01,9.999999999989651611e-01,8.000000000000000444e-01,4.429759645406784463e-01,-8.149579250564901178e-01
9.999999999998974154e-01,1.394555551188115787e-11,9.999999999995414779e-01,4.254386317842375753e-01,9.999999999997888356e-01,8.000000000000000444e-01,4.429759635932753459e-01,-8.051507251066497561e-01
9.999999999998883116e-01,1.910209904765851323e-12,7.933210092305791328e-01,9.999999954881401143e-01,9.999999999994525490e-01,8.000000000000000444e-01,4.429759570291811333e-01,-6.726398488233676920e-01
9.999999999999323874e-01,2.134435180323092128e-11,9.415997961369942937e-01,9.999999982316616354e-01,9.999999999998409050e-01,8.000000000000000444e-01,4.429759586460880749e-01,-7.356962718046003991e-01
9.999999999999645839e-01,3.757974054585715142e-13,6.924841979511840995e-01,9.999999985549455905e-01,9.999999999993028910e-01,8.000000000000000444e-01,4.429759559296054805e-01,-6.297584035830775528e-01
9.999999999995565769e-01,3.460053682435026386e-13,6.614465614360794943e-01,9.999999980399789656e-01,9.999999999999524825e-01,8.000000000000000444e-01,4.429759555911553792e-01,-6.165594667820196717e-01
9.999999999999691358e-01,1.044443707950471556e-14,5.739205406340848192e-01,9.999999995557692367e-01,9.999999999998793188e-01,8.000000000000000444e-01,4.429759546367272871e-01,-5.793385133293541545e-01
9.999999999980279108e-01,7.794097272645079523e-14,9.999999999999921174e-01,3.921785389356548523e-01,9.999999999998291367e-01,8.000000000000000444e-01,4.429759638427926971e-01,-8.077336453699358598e-01
9.999999999999156231e-01,2.844939173027797372e-13,9.210827004839983179e-01,9.999999961939016746e-01,9.999999999997341016e-01,8.000000000000000444e-01,4.429759584223592617e-01,-7.269712567859868413e-01
9.999999999980747623e-01,2.180286850825930140e-14,2.072997596325106273e-01,9.999999973190716318e-01,9.999999999999511502e-01,8.000000000000000444e-01,4.429759506389087109e-01,-4.234308776150951248e-01
9.999999999993579580e-01,2.514082297266692969e-14,9.999999999999721334e-01,7.056735553009136908e-01,9.999999999999803491e-01,8.000000000000000444e-01,4.429759614909517529e-01,-7.833881742405485182e-01
9.999999999998135936e-01,2.155562306338698636e-12,9.165114883323959294e-01,9.999999975864074520e-01,9.999999999999833467e-01,8.000000000000000444e-01,4.429759583725124683e-01,-7.250273219189810048e-01
9.999999999999642508e-01,5.006436352827486031e-12,9.999999999999963363e-01,9.219065366314900256e-01,9.999999999999836797e-01,8.000000000000000444e-01,4.429759598687709743e-01,-7.665959015425759526e-01
9.999999999999209521e-01,8.752821871056921129e-16,1.474995996765847694e-01,9.999999998874876672e-01,9.999999999995393685e-01,8.000000000000000444e-01,4.429759499868174411e-01,-3.980005089049923894e-01
9.999999999984784393e-01,1.166997621246118159e-14,5.052655885627088672e-01,9.999999955842001631e-01,9.999999999996479483e-01,8.000000000000000444e-01,4.429759538880789771e-01,-5.501425928812672117e-01
9.999999999994906297e-01,1.129334712935195643e-12,9.612616234343851485e-02,9.999999983869982678e-01,9.999999999981009635e-01,8.000000000000000444e-01,4.429759494266155007e-01,-3.761536536961017640e-01
9.999999999997484235e-01,9.217432009196571208e-14,6.289465006649165302e-01,9.999999998205493235e-01,9.999999999999793499e-01,8.000000000000000444e-01,4.429759552367582565e-01,-6.027386253187921872e-01
9.999999999996120881e-01,3.841878950330759541e-12,6.879816880831843839e-01,9.999999980582210402e-01,9.999999999999954481e-01,8.000000000000000444e-01,4.429759558805078101e-01,-6.278436849111531659e-01
9.999999999999755751e-01,2.875730773417803365e-14,5.778169793828565881e-01,9.999999985682956893e-01,9.999999999999883427e-01,8.000000000000000444e-01,4.429759546792160774e-01,-5.809954968197322822e-01
9.999999999997328803e-01,4.469437117020680116e-13,7.894090827377986397e-01,9.999999973064475078e-01,9.999999999995581312e-01,8.000000000000000444e-01,4.429759569865234781e-01,-6.709762790132262067e-01
9.999999999999358291e-01,3.086327989726966792e-12,9.999999999999985567e-01,6.008539639992117598e-01,9.999999999999343858e-01,8.000000000000000444e-01,4.429759622773087879e-01,-7.915282791881240732e-01
9.999999999999421574e-01,1.660396100850494669e-11,6.529647895832216276e-02,9.999999954301174165e-01,9.999999999999703570e-01,8.000000000000000444e-01,4.429759490904330299e-01,-3.630431503724053099e-01
9.999999999999675815e-01,1.770351913206388229e-13,9.999999999999996669e-01,6.603116950827124798e-01,9.999999999996116440e-01,8.000000000000000444e-01,4.429759618312565927e-01,-7.869108964556837948e-01
9.999999999998497868e-01,3.160800313798884931e-01,9.999999999999897859e-01,3.908547097086767508e-12,9.999999999999857891e-01,8.000000000000000444e-01,4.429759692899777890e-01,-8.382360313652940098e-01
9.999999999997887246e-01,7.498369485986986335e-14,1.236056429554263925e-01,9.999999962890683269e-01,9.999999999998777644e-01,8.000000000000000444e-01,4.429759497262656942e-01,-3.878394640460415266e-01
9.999999999960881292e-01,2.627048839855658453e-12,4.875845704651857737e-01,9.999999977756348635e-01,9.999999999999943379e-01,8.000000000000000444e-01,4.429759536952762033e-01,-5.426236361379598305e-01
9.999999999995761168e-01,1.360105565467230760e-11,9.999999999999963363e-01,9.333617482296077128e-01,9.999999999999836797e-01,8.000000000000000444e-01,4.429759597828338835e-01,-7.657063099743369738e-01
9.999999999997339906e-01,3.078683536647326459e-11,5.569592431037581060e-01,9.999999983710635698e-01,9.999999999999316103e-01,8.000000000000000444e-01,4.429759544517727354e-01,-5.721256222354561549e-01
9.999999999998078204e-01,3.651542907057705790e-12,9.610048122524115222e-01,9.999999982295538770e-01,9.999999999998383515e-01,8.000000000000000444e-01,4.429759588576901996e-01,-7.439483686411522134e-01
9.999999999994447775e-01,1.351929877555285115e-12,8.451397874927371046e-01,9.999999996941704161e-01,9.999999999993244293e-01,8.000000000000000444e-01,4.429759575942393002e-01,-6.946760876633696347e-01
9.999999999995125011e-01,1.115407168789485123e-13,9.120219483387626003e-01,9.999999990193029209e-01,9.999999999997096767e-01,8.000000000000000444e-01,4.429759583235562403e-01,-7.231181186121510285e-01
9.999999999999963363e-01,7.042696192285669681e-12,6.822623284384050635e-01,9.999999957469793976e-01,9.999999999992564836e-01,8.000000000000000444e-01,4.429759558181410317e-01,-6.254114938803848611e-01
9.999999999999656941e-01,2.875730773417803365e-14,9.027944102264680026e-01,9.999999985682956893e-01,9.999999999999898970e-01,8.000000000000000444e-01,4.429759582229345072e-01,-7.191940539817184286e-01
9.999999999999509281e-01,3.696025074831105045e-14,1.137413303066437398e-01,9.999999975915839778e-01,9.999999999999016342e-01,8.000000000000000444e-01,4.429759496187002377e-01,-3.836446071761531185e-01
9.999999999998564482e-01,3.902503174256100377e-13,9.999999999999880096e-01,5.738594959504518256e-01,9.999999999995317079e-01,8.000000000000000444e-01,4.429759624798214057e-01,-7.936246220595636336e-01
9.999999999995794475e-01,7.940802036176036255e-12,9.999999999999996669e-01,8.839212736426893535e-02,9.999999999999940048e-01,8.000000000000000444e-01,4.429759661217997357e-01,-8.313251633419892483e-01
9.999999999999946709e-01,3.615121985009210122e-12,3.026673403216378899e-02,9.999999974804025804e-01,9.999999999988661292e-01,8.000000000000000444e-01,4.429759487084509728e-01,-3.481465458747364794e-01
9.999999999997047917e-01,1.817328637820884396e-12,6.083477492179403257e-01,9.999999992202317500e-01,9.999999999998976374e-01,8.000000000000000444e-01,4.429759550121390443e-01,-5.939788855834288173e-01
9.999999999996477262e-01,1.819447136876909039e-13,9.999999999999741318e-01,1.265824802230695045e-01,9.999999999998600009e-01,8.000000000000000444e-01,4.429759658352955265e-01,-8.283593677642479003e-01
9.999999999997155609e-01,4.715008651878020329e-14,4.323659068621915624e-01,9.999999998849476990e-01,9.999999999999975575e-01,8.000000000000000444e-01,4.429759530931439149e-01,-5.191415756383285229e-01
9.999999999980413445e-01,3.398438752253560372e-14,9.999999999999987788e-01,1.620660820468442231e-01,9.999999999996183053e-01,8.000000000000000444e-01,4.429759655690974074e-01,-8.256037737090650142e-01
9.999999999997924993e-01,1.967638595458413904e-13,9.999999999999912292e-01,3.110404823299915411e-01,9.999999999998797628e-01,8.000000000000000444e-01,4.429759644514907890e-01,-8.140346840199895739e-01
9.999999999994985123e-01,5.246937450562625542e-15,7.424846013848205306e-01,9.999999983850210716e-01,9.999999999967441600e-01,8.000000000000000444e-01,4.429759564748351752e-01,-6.510213682089888154e-01
9.999999999998198108e-01,8.869893862667977937e-14,1.428707213529094300e-01,9.999999995617935289e-01,9.999999999999332756e-01,8.000000000000000444e-01,4.429759499363418174e-01,-3.960320512933165338e-01
9.999999999999067413e-01,2.621683689982257039e-12,4.927501550801107744e-01,9.999999977756348635e-01,9.999999999999764633e-01,8.000000000000000444e-01,4.429759537516043122e-01,-5.448203312704419377e-01
9.999999999963807840e-01,2.206593583055356461e-11,7.592240266350377409e-01,9.999999981958193063e-01,9.999999999999277245e-01,8.000000000000000444e-01,4.429759566573703289e-01,-6.581399069216539166e-01
9.999999999999863443e-01,2.728312352226466334e-13,9.999999999999928946e-01,2.208283957586437418e-01,9.999999999995266009e-01,8.000000000000000444e-01,4.429759651282622612e-01,-8.210403958632711552e-01
9.999999999999283906e-01,1.504349416644175890e-13,7.401872885543120395e-02,9.999999979430206354e-01,9.999999999998432365e-01,8.000000000000000444e-01,4.429759491855448372e-01,-3.667523380668810118e-01
9.999999999995401456e-01,4.912458191642346091e-14,8.866789871775360155e-10,9.999999986452609013e-01,9.999999999998604450e-01,8.000000000000000444e-01,4.429759483784071472e-01,-3.352754401204919299e-01
9.999999999999173994e-01,1.486486045865455850e-12,9.999999999995414779e-01,4.714877708356445263e-01,9.999999999997888356e-01,8.000000000000000444e-01,4.429759632478145193e-01,-8.015746300280638392e-01
9.999999999951851848e-01,8.415071459643211842e-13,1.047755056611525404e-01,9.999999958975516190e-01,9.999999999967377207e-01,8.000000000000000444e-01,4.429759495209323328e-01,-3.798318378287580677e-01
9.999999999985091925e-01,2.038015378472131808e-15,5.152051967776172248e-01,9.999999952901932332e-01,9.999999999996479483e-01,8.000000000000000444e-01,4.429759539964654991e-01,-5.543694695540631878e-01
9.999999999997322142e-01,2.794340341816769354e-11,9.336471868566712518e-01,9.999999975864074520e-01,9.999999999999833467e-01,8.000000000000000444e-01,4.429759585593687765e-01,-7.323143781480573322e-01
9.999999999999183986e-01,4.697987268989643772e-11,2.738029691773269381e-01,9.999999996505732902e-01,9.999999999994565458e-01,8.000000000000000444e-01,4.429759513640933455e-01,-4.517117570682348537e-01
9.999999999999412692e-01,2.053725728759378132e-11,9.999999999999867883e-01,4.481378118108433894e-01,9.999999999999810152e-01,8.000000000000000444e-01,4.429759634229860077e-01,-8.033879467432664123e-01
9.999999999999974465e-01,4.153143450186377347e-14,5.958318385105585424e-01,9.999999976023549175e-01,9.999999999999623634e-01,8.000000000000000444e-01,4.429759548756592169e-01,-5.886564213251616051e-01
9.999999999995330402e-01,1.836438379717321842e-12,5.868728885295368958e-01,9.999999977267963747e-01,9.999999999999907851e-01,8.000000000000000444e-01,4.429759547779662521e-01,-5.848465753276163026e-01
9.999999999995878852e-01,4.720286324913647244e-14,9.197823958019102353e-02,9.999999957098401060e-01,9.999999999967595921e-01,8.000000000000000444e-01,4.429759493813844595e-01,-3.743897254368052652e-01
9.999999999999841238e-01,3.305905313376458157e-13,6.078945456089074328e-02,9.999999992096019197e-01,9.999999999999638067e-01,8.000000000000000444e-01,4.429759490412861767e-01,-3.611265115379916901e-01
9.999999999999774625e-01,2.277968618671819968e-13,1.869173543759961587e-01,9.999999985944660885e-01,9.999999999997710720e-01,8.000000000000000444e-01,4.429759504166486117e-01,-4.147631402196138017e-01
9.999999999999961142e-01,5.040017897452342041e-12,9.999999999999952260e-01,8.112919916237797402e-01,9.999999999985761390e-01,8.000000000000000444e-01,4.429759606986017340e-01,-7.751860323941893727e-01
9.999999999998362421e-01,9.988348054244479135e-01,9.999999999999968914e-01,5.603710250380916574e-13,9.999999999998515632e-01,8.000000000000000444e-01,4.429759747010808546e-01,-8.383364551658153419e-01
9.999999999997151168e-01,4.450311839658984512e-13,9.999999999999318323e-01,5.869238340106152085e-01,9.999999999995965450e-01,8.000000000000000444e-01,4.429759623818126379e-01,-7.926100685626921161e-01
9.999999999997909450e-01,3.317574063622036383e-11,5.486049852720635833e-01,9.999999983573902851e-01,9.999999999999379385e-01,8.000000000000000444e-01,4.429759543606736627e-01,-5.685729251305283727e-01
9.999999999998226974e-01,1.031401006281578067e-12,7.469914472424032947e-01,9.999999990063136446e-01,9.999999999995704547e-01,8.000000000000000444e-01,4.429759565239800856e-01,-6.529379307762684936e-01
9.999999999998888667e-01,4.806698915260362576e-12,7.721457762892532939e-01,9.999999982316616354e-01,9.999999999998431255e-01,8.000000000000000444e-01,4.429759567982756163e-01,-6.636349566927913779e-01
9.999999999998850919e-01,2.123825263479593427e-12,3.834704288299025654e-01,9.999999995543054077e-01,9.999999999999855671e-01,8.000000000000000444e-01,4.429759525599628600e-01,-4.983484870551663226e-01
9.999999999999611422e-01,4.912458191642346091e-14,6.736676649268373840e-01,9.999999993785615438e-01,9.999999999991332489e-01,8.000000000000000444e-01,4.429759557244204449e-01,-6.217565625667592633e-01
9.999999999997272182e-01,2.086384365821949682e-11,8.020113282999729032e-01,9.999999987970894511e-01,9.999999999998465672e-01,8.000000000000000444e-01,4.429759571239447191e-01,-6.763354576840022725e-01
9.999999999968682829e-01,2.077770070010256293e-12,6.334963267761988259e-01,9.999999981745859579e-01,9.999999999995868860e-01,8.000000000000000444e-01,4.429759552863718475e-01,-6.046734656662554608e-01
9.999999999999137357e-01,1.561539505166354367e-13,9.999999999995429212e-01,7.976001062377784390e-01,9.999999999999669154e-01,8.000000000000000444e-01,4.429759608013183469e-01,-7.762493201114805119e-01
9.999999999998949729e-01,3.060126773816170090e-11,5.449180394791581783e-01,9.999999970914297265e-01,9.999999999999581446e-01,8.000000000000000444e-01,4.429759543204693784e-01,-5.670050299203560629e-01
9.999999999999961142e-01,1.550376816854686005e-13,9.999999999999970024e-01,6.308318938207332360e-01,9.999999999997803979e-01,8.000000000000000444e-01,4.429759620524141850e-01,-7.892002459283261606e-01
9.999999999997231104e-01,2.892384286990228431e-14,3.744128709713303027e-01,9.999999973487256888e-01,9.999999999997899458e-01,8.000000000000000444e-01,4.429759524611946997e-01,-4.944967076606002765e-01
9.999999999999542588e-01,1.927014203298799803e-12,7.762611984870838588e-01,9.999999975729090274e-01,9.999999999999781286e-01,8.000000000000000444e-01,4.429759568431522743e-01,-6.653850641548334499e-01
9.999999999999972244e-01,1.383641234519170507e-11,9.684576796789972075e-01,9.999999975996092250e-01,9.999999999999917843e-01,8.000000000000000444e-01,4.429759589389600238e-01,-7.471177442443569516e-01
9.999999999999547029e-01,1.948584040806206245e-15,2.800723789777482264e-01,9.999999993323934744e-01,9.999999999999782396e-01,8.000000000000000444e-01,4.429759514324581593e-01,-4.543778603552440787e-01
9.999999999995956568e-01,3.464727287787025987e-13,4.793109807916861587e-01,9.999999959927936555e-01,9.999999999999713562e-01,8.000000000000000444e-01,4.429759536050568158e-01,-5.391052437749229709e-01
9.999999999999659162e-01,1.224769311324799652e-13,4.210041968842606064e-01,9.999999990152875773e-01,9.999999999997526423e-01,8.000000000000000444e-01,4.429759529692500752e-01,-5.143099419476472312e-01
9.999999999997813971e-01,2.114094164652026758e-11,8.810332982421449355e-01,9.999999982339732307e-01,9.999999999998775424e-01,8.000000000000000444e-01,4.429759579856403229e-01,-7.099400135941834611e-01
9.999999999994989563e-01,2.256679614628812200e-14,4.587885886482950815e-01,9.999999974225521893e-01,9.999999999994054756e-01,8.000000000000000444e-01,4.429759533812702155e-01,-5.303779761236545598e-01
9.999999999999695799e-01,4.213263836632189750e-15,5.404128290757475028e-01,9.999999962370981210e-01,9.999999999996530553e-01,8.000000000000000444e-01,4.429759542713422871e-01,-5.650891628571107494e-01
9.999999999961299846e-01,3.143796305959562146e-13,4.073464466966542075e-02,9.999999993505639395e-01,9.999999999998800959e-01,8.000000000000000444e-01,4.429759488225983310e-01,-3.525980860798630934e-01
9.999999999998999689e-01,5.020759850880545090e-12,5.363086795740795720e-01,9.999999983710635698e-01,9.999999999999316103e-01,8.000000000000000444e-01,4.429759542265885308e-01,-5.633438490623360329e-01
9.999999999999404920e-01,1.030400262400210945e-13,8.765524555911405891e-01,9.999999990413626083e-01,9.999999999997220002e-01,8.000000000000000444e-01,4.429759579367789080e-01,-7.080345089319600715e-01
9.999999999997950528e-01,6.937271808367323083e-13,4.420286609216834695e-01,9.999999974900284361e-01,9.999999999999784617e-01,8.000000000000000444e-01,4.429759531985114629e-01,-5.232507186224598650e-01
9.999999999999521494e-01,1.235398200176213641e-13,3.706607878831145730e-01,9.999999990512853376e-01,9.999999999999766853e-01,8.000000000000000444e-01,4.429759524202800391e-01,-4.929011122041205839e-01
9.999999999994989563e-01,9.696394617661741855e-15,8.942790866858143506e-01,9.999999994152936056e-01,9.999999999994425570e-01,8.000000000000000444e-01,4.429759581300790616e-01,-7.155728626716476581e-01
9.999999999998862021e-01,2.969380321805295392e-13,9.758579505665609943e-03,9.999999982779965713e-01,9.999999999999451550e-01,8.000000000000000444e-01,4.429759484848196371e-01,-3.394253329014579323e-01
9.999999999998518962e-01,3.199085697305724106e-13,3.664428715501710232e-01,9.999999997344690694e-01,9.999999999999348299e-01,8.000000000000000444e-01,4.429759523742857752e-01,-4.911074185092821898e-01
9.999999999994989563e-01,1.946051014968815809e-14,9.076092341363106719e-01,9.999999983402686476e-01,9.999999999998209210e-01,8.000000000000000444e-01,4.429759582754377867e-01,-7.212415860860902361e-01
9.999999999993136601e-01,9.343904055448041448e-13,8.353802833296748720e-02,9.999999990025005836e-01,9.999999999999816813e-01,8.000000000000000444e-01,4.429759492893481365e-01,-3.708004758805166778e-01
9.999999999997122302e-01,6.600460869825035736e-13,9.999999999998264721e-01,9.058696425800715213e-01,9.999999999999183986e-01,8.000000000000000444e-01,4.429759599890797928e-01,-7.678412985049561934e-01
9.999999999999109601e-01,2.837630794853597625e-13,9.999999999999508171e-01,1.895488872412025572e-01,9.999999999995415889e-01,8.000000000000000444e-01,4.429759653629212757e-01,-8.234695074335857123e-01
9.999999999999359401e-01,2.782533092060878840e-13,9.999999999999956701e-01,7.156909895673041477e-01,9.999999999997156719e-01,8.000000000000000444e-01,4.429759614158008674e-01,-7.826102379290368338e-01
9.999999999998215872e-01,1.023968016306191407e-12,5.196086348689959999e-01,9.999999955749756531e-01,9.999999999996497246e-01,8.000000000000000444e-01,4.429759540444828114e-01,-5.562420573889786946e-01
9.999999999999720224e-01,5.065334591531265128e-13,8.983490080355895913e-01,9.999999998837322268e-01,9.999999999996231903e-01,8.000000000000000444e-01,4.429759581744595609e-01,-7.173036205435060486e-01
9.999999999999875655e-01,3.615121985009210122e-12,3.429386751375736175e-02,9.999999974575046746e-01,9.999999999988674615e-01,8.000000000000000444e-01,4.429759487523648454e-01,-3.498591079920575497e-01
9.999999999996177502e-01,8.216248989462864933e-15,4.089831574637807776e-01,9.999999952795409763e-01,9.999999999994505506e-01,8.000000000000000444e-01,4.429759528381665978e-01,-5.091979247682257848e-01
9.999999999993747224e-01,3.440330532538298914e-13,3.472232738948185515e-01,9.999999959069640898e-01,9.999999999995405897e-01,8.000000000000000444e-01,4.429759521647055331e-01,-4.829341722578911478e-01
9.999999999999826805e-01,1.910466086325602450e-12,7.340565763041083658e-01,9.999999984244307694e-01,9.999999999999927836e-01,8.000000000000000444e-01,4.429759563829317459e-01,-6.474373011439485959e-01
9.999999999995838884e-01,4.530093182107191512e-12,9.999999999994835242e-01,1.264584793970729981e-02,9.999999999967410513e-01,8.000000000000000444e-01,4.429759666900486281e-01,-8.372074860657879869e-01
9.999999999998059330e-01,4.710055935811409798e-11,9.999999999991388000e-01,2.862334237668987535e-01,9.999999999997640776e-01,8.000000000000000444e-01,4.429759646375934223e-01,-8.159611565196195349e-01
9.999999999999789058e-01,1.347035059326687037e-12,7.855448513588538795e-01,9.999999971759703232e-01,9.999999999996378452e-01,8.000000000000000444e-01,4.429759569443859624e-01,-6.693329919807616823e-01
9.999999999998477884e-01,1.161809131081518554e-11,3.308756482581473035e-01,9.999999992419714712e-01,9.999999999995452526e-01,8.000000000000000444e-01,4.429759519864427397e-01,-4.759822483826238182e-01
9.999999999999370504e-01,4.746088835422134580e-12,9.999999999999794609e-01,5.358751284930368675e-02,9.999999999965437647e-01,8.000000000000000444e-01,4.429759663829040961e-01,-8.340280284385247489e-01
9.999999999975680565e-01,1.331497163534451212e-14,4.004095017719767058e-01,9.999999974250179946e-01,9.999999999998344657e-01,8.000000000000000444e-01,4.429759527446751055e-01,-5.055519272687899468e-01
9.999999999999761302e-01,2.755175416402444014e-12,2.995295597452247716e-01,9.999999988734328271e-01,9.999999999999309441e-01,8.000000000000000444e-01,4.429759516446291068e-01,-4.626521405519919972e-01
9.999999999997877254e-01,7.945669321356613949e-13,2.460611361935246544e-01,9.999999995596507985e-01,9.999999999994582112e-01,8.000000000000000444e-01,4.429759510615823848e-01,-4.399143800034993612e-01
9.999999999997147837e-01,1.095911435259834094e-12,9.999999999997614131e-01,2.452446605525868129e-01,9.999999999997495337e-01,8.000000000000000444e-01,4.429759649450913384e-01,-8.191442717190396960e-01
9.999999999997436495e-01,3.160988426317889096e-14,9.368016177112805654e-01,9.999999956453498040e-01,9.999999999999656941e-01,8.000000000000000444e-01,4.429759585937663169e-01,-7.336558185080183092e-01
9.999999999999336087e-01,2.672458717335554244e-12,2.690982286080225716e-01,9.999999982214320404e-01,9.999999999997889466e-01,8.000000000000000444e-01,4.429759513127904946e-01,-4.497110386782124936e-01
9.999999999999840128e-01,5.074419522015641431e-13,4.039100897001998702e-01,9.999999999372436443e-01,9.999999999977257081e-01,8.000000000000000444e-01,4.429759527828472931e-01,-5.070405726066994356e-01
9.999999999999981126e-01,2.237850061578056556e-13,2.547788426772108483e-01,9.999999993556533129e-01,9.999999999998837596e-01,8.000000000000000444e-01,4.429759511566446761e-01,-4.436216357962529111e-01
9.999999999994737543e-01,3.206835567133438629e-13,1.002713081573009812e-01,9.999999983879787058e-01,9.999999999981260546e-01,8.000000000000000444e-01,4.429759494718162882e-01,-3.779164012473538170e-01
9.999999999997328803e-01,3.859924676501469176e-13,7.811294760603941789e-01,9.999999992704574625e-01,9.999999999995724531e-01,8.000000000000000444e-01,4.429759568962384209e-01,-6.674553275942926023e-01
9.999999999999841238e-01,2.080825978707105143e-11,2.882582180405734440e-01,9.999999982024095901e-01,9.999999999998406830e-01,8.000000000000000444e-01,4.429759515217207011e-01,-4.578589364820225827e-01
9.999999999996473932e-01,3.083098189041902531e-11,5.019619677499198573e-02,9.999999961455225961e-01,9.999999999999867883e-01,8.000000000000000444e-01,4.429759489257719118e-01,-3.566216668158431746e-01
9.999999999999141798e-01,9.034240192666000401e-13,9.999999999995429212e-01,7.828203929219527124e-01,9.999999999999669154e-01,8.000000000000000444e-01,4.429759609121958208e-01,-7.773970866316980421e-01
9.999999999999533706e-01,8.699137252247288828e-13,5.619888768821208469e-01,9.999999983915389690e-01,9.999999999998822053e-01,8.000000000000000444e-01,4.429759545066184190e-01,-5.742645034777541513e-01
9.999999999999318323e-01,1.677340470660018870e-12,4.527348977646455941e-02,9.999999952268701087e-01,9.999999999999453770e-01,8.000000000000000444e-01,4.429759488720922400e-01,-3.545282568834832171e-01
9.999999999999137357e-01,1.925688284432366234e-14,9.999999999995511368e-01,2.712058002176427340e-01,9.999999999999287237e-01,8.000000000000000444e-01,4.429759647503307418e-01,-8.171281753121705238e-01
9.999999999999755751e-01,7.251547644645954730e-13,7.147082374002554639e-01,9.999999973550632859e-01,9.999999999999751310e-01,8.000000000000000444e-01,4.429759561719476268e-01,-6.392093067068139733e-01
9.999999999998806510e-01,1.349664226985393153e-13,8.182751133880070693e-01,9.999999974404251146e-01,9.999999999995718980e-01,8.000000000000000444e-01,4.429759573012932994e-01,-6.832517277206983097e-01
9.999999999998813172e-01,4.667618083914140100e-12,1.383757435539033631e-01,9.999999985592192830e-01,9.999999999999767963e-01,8.000000000000000444e-01,4.429759498873263590e-01,-3.941205357169222934e-01
9.999999999993187672e-01,2.026923710112538782e-13,9.999999999999963363e-01,3.474465354976615794e-01,9.999999999999780176e-01,8.000000000000000444e-01,4.429759641783724278e-01,-8.112074540157215852e-01
9.999999999988643529e-01,4.443756879262734179e-12,1.000000000000000000e+00,6.761333057735315899e-01,9.999999999999126254e-01,8.000000000000000444e-01,4.429759617125628157e-01,-7.856822180190233817e-01
9.999999999998521183e-01,1.000146780636091222e-13,3.965838326564584682e-01,9.999999997318756995e-01,9.999999999999332756e-01,8.000000000000000444e-01,4.429759527029580313e-01,-5.039250388762134270e-01
9.999999999997394307e-01,1.231847652374646064e-13,5.317649515829481199e-01,9.999999989644059450e-01,9.999999999999894529e-01,8.000000000000000444e-01,4.429759541770414422e-01,-5.614116020569451804e-01
9.999999999999101830e-01,3.951449831245338621e-13,9.999999999999501510e-01,1.747241166175245719e-01,9.999999999995186073e-01,8.000000000000000444e-01,4.429759654741367569e-01,-8.246207730243005907e-01
9.999999999994860778e-01,3.389371929289689819e-13,4.640954248857117048e-01,9.999999975111608652e-01,9.999999999999875655e-01,8.000000000000000444e-01,4.429759534391386477e-01,-5.326347393303246802e-01
9.999999999998131495e-01,9.950842753600819401e-13,6.004658636693485096e-01,9.999999959588293796e-01,9.999999999988804511e-01,8.000000000000000444e-01,4.429759549261909624e-01,-5.906270678109869499e-01
9.999999999998460121e-01,2.940313661854183940e-11,6.383089662973027156e-01,9.999999988280068308e-01,9.999999999992558175e-01,8.000000000000000444e-01,4.429759553388513127e-01,-6.067200687802144499e-01
9.999999999999608091e-01,4.203014572974648690e-11,3.622120141385599124e-01,9.999999990362754554e-01,9.999999999999071854e-01,8.000000000000000444e-01,4.429759523281503464e-01,-4.893082216522134376e-01
9.999999999962321251e-01,1.263078502244546967e-13,1.797018603996189401e-02,9.999999993505639395e-01,9.999999999978731458e-01,8.000000000000000444e-01,4.429759485743631764e-01,-3.429173666253665376e-01
9.999999999994448885e-01,6.334602501512140603e-13,7.387305865534858906e-01,9.999999996911100864e-01,9.999999999998356870e-01,8.000000000000000444e-01,4.429759564338994760e-01,-6.494249512981477013e-01
9.999999999999908962e-01,3.048516446163282985e-11,1.384860165980858482e-02,9.999999962359799044e-01,9.999999999999548139e-01,8.000000000000000444e-01,4.429759485294193500e-01,-3.411646389521197920e-01
9.999999999998862021e-01,2.969380321805295392e-13,3.369597472600349697e-01,9.999999992295965923e-01,9.999999999999451550e-01,8.000000000000000444e-01,4.429759520527868366e-01,-4.785695471430150283e-01
9.999999999993136601e-01,9.343904055448041448e-13,2.178134152461359274e-01,9.999999990025005836e-01,9.999999999999833467e-01,8.000000000000000444e-01,4.429759507535548924e-01,-4.279018711547381004e-01
9.999999999994827471e-01,3.757974054585715142e-13,9.462056330348416200e-01,9.999999985579188788e-01,9.999999999995570210e-01,8.000000000000000444e-01,4.429759586963124551e-01,-7.376549309158594303e-01
9.999999999999003020e-01,2.844519832754371513e-13,9.999999999999894529e-01,4.015385276727769792e-01,9.999999999999612532e-01,8.000000000000000444e-01,4.429759637725740329e-01,-8.070067651201976444e-01
9.999999999995656808e-01,4.456980128098707845e-11,8.345820886219585955e-01,9.999983884803985701e-01,9.999999999999781286e-01,8.000000000000000444e-01,4.429759574791248822e-01,-6.901864894629953229e-01
9.999999999999674705e-01,3.072617609817656396e-11,4.731718312165587581e-01,9.999999954857492490e-01,9.999999999970355935e-01,8.000000000000000444e-01,4.429759535381124214e-01,-5.364945344767876323e-01
9.999999999999411582e-01,4.840115203075814396e-11,9.999999999999571454e-01,7.316093120500347657e-01,9.999999999999976685e-01,8.000000000000000444e-01,4.429759612963815596e-01,-7.813740490258339610e-01
9.999999999995876632e-01,3.190781803526443153e-15,2.369658106468649494e-01,9.999999974297528738e-01,9.999999999999964473e-01,8.000000000000000444e-01,4.429759509624023317e-01,-4.360465396727407628e-01
9.999999999999878986e-01,7.689421880471183342e-14,9.999999999999996669e-01,9.860155878259553308e-01,9.999999999998921973e-01,8.000000000000000444e-01,4.429759593878245805e-01,-7.616173054770060125e-01
9.999999999999569233e-01,1.490673162080395142e-11,9.999999999999996669e-01,6.547923060813687357e-02,9.999999999999891198e-01,8.000000000000000444e-01,4.429759662936923470e-01,-8.331045385703589323e-01
9.999999999999856781e-01,1.913623356049680824e-13,4.376777673784955081e-01,9.999999971858725134e-01,9.999999999991250332e-01,8.000000000000000444e-01,4.429759531510671366e-01,-5.214004756665492346e-01
9.999999999999887867e-01,2.591772698494286035e-13,4.693172472214248714e-01,9.999999970832171847e-01,9.999999999998849809e-01,8.000000000000000444e-01,4.429759534960800438e-01,-5.348553499168914316e-01
9.999999999997166711e-01,4.715008651878020329e-14,4.965696699335898634e-01,9.999999998849476990e-01,9.999999999999625855e-01,8.000000000000000444e-01,4.429759537932542179e-01,-5.464446021843455403e-01
9.999999999993428590e-01,7.802072049978026063e-13,9.999999999999997780e-01,3.352193090763529448e-01,9.999999999999626965e-01,8.000000000000000444e-01,4.429759642701011080e-01,-8.121569988963904807e-01
9.999999999994396704e-01,1.110506849064895016e-13,7.101506611787737899e-01,9.999999993737518356e-01,9.999999999997728484e-01,8.000000000000000444e-01,4.429759561222494924e-01,-6.372711705494603640e-01
9.999999999996197486e-01,1.391785017781492391e-13,4.501262880982691561e-01,9.999999960534630139e-01,9.999999999997444267e-01,8.000000000000000444e-01,4.429759532868121075e-01,-5.266942821508967532e-01
9.999999999995519140e-01,4.725798833659437224e-12,8.499207594776289065e-01,9.999999985592192830e-01,9.999999999999535927e-01,8.000000000000000444e-01,4.429759576463734305e-01,-6.967092241084068549e-01
9.999999999987695398e-01,7.201151289564464491e-14,1.519993269483831400e-01,9.999999990808104977e-01,9.999999999999890088e-01,8.000000000000000444e-01,4.429759500358848023e-01,-3.999140443629233266e-01
9.999999999999585887e-01,6.684413675141199781e-13,6.427744459038265967e-01,9.999999980304903335e-01,9.999999999993831601e-01,8.000000000000000444e-01,4.429759553875451394e-01,-6.086190402166792301e-01
9.999999999995923261e-01,1.077240720602872428e-13,3.879948942087892427e-01,9.999883974796252017e-01,9.999999999999746869e-01,8.000000000000000444e-01,4.429759526093869360e-01,-5.002734434720134127e-01
9.999999999999288347e-01,7.784914022556074783e-15,6.774535202608082951e-01,9.999999948133424521e-01,9.999999999998936406e-01,8.000000000000000444e-01,4.429759557657033664e-01,-6.233665200907675397e-01
9.999999999975001108e-01,7.116348615731488168e-14,4.166134297696558186e-01,9.999999973586988222e-01,9.999999999999833467e-01,8.000000000000000444e-01,4.429759529213709301e-01,-5.124427426259604568e-01
9.999999999998709921e-01,1.961457885473088418e-12,6.188892921597130004e-01,9.999999974419307991e-01,9.999999999999910072e-01,8.000000000000000444e-01,4.429759551270893714e-01,-5.984617386413585427e-01
9.999999999995223821e-01,1.874211813913979514e-13,6.527292518773765151e-01,9.999999973954376564e-01,9.999999999999846789e-01,8.000000000000000444e-01,4.429759554960974177e-01,-6.128523798511061882e-01
9.999999999999505951e-01,5.550017594529176104e-13,2.838560969157373770e-01,9.999999975942254204e-01,9.999999999994653166e-01,8.000000000000000444e-01,4.429759514737177661e-01,-4.559869087207081284e-01
9.999999999999880096e-01,2.155562306338698636e-12,3.190180871018871156e-01,9.999999976068882912e-01,9.999999999999824585e-01,8.000000000000000444e-01,4.429759518571418919e-01,-4.709397511303697881e-01
9.999999999998484546e-01,7.384914642872370597e-13,9.999999999999998890e-01,8.254941428181395979e-01,9.999999999999827915e-01,8.000000000000000444e-01,4.429759605920571275e-01,-7.740831183331463583e-01
9.999999999999948930e-01,2.172409618580279837e-11,8.640657699623680577e-01,9.999999982074159188e-01,9.999999999998134825e-01,8.000000000000000444e-01,4.429759578006177700e-01,-7.027244727484901476e-01
9.999999999999406031e-01,3.206835567133438629e-13,9.523536796768543589e-01,9.999999983857753572e-01,9.999999999998581135e-01,8.000000000000000444e-01,4.429759587633538831e-01,-7.402694237968575619e-01
9.999999999997042366e-01,1.339941127211597611e-13,9.999999999999977796e-01,8.798944372838477523e-01,9.999999999999693578e-01,8.000000000000000444e-01,4.429759601839459160e-01,-7.698584872247641320e-01
9.999999999998868683e-01,2.710698357067633918e-13,7.513488269150621068e-01,9.999999997057454904e-01,9.999999999998538946e-01,8.000000000000000444e-01,4.429759565714951886e-01,-6.547909319673178574e-01
9.999999999999362732e-01,3.841878950330759541e-12,7.070510762727797438e-01,9.999999984755681970e-01,9.999999999999481526e-01,8.000000000000000444e-01,4.429759560884500846e-01,-6.359530539721917064e-01
9.999999999997966071e-01,5.235321629168824973e-14,7.680661265248756031e-01,9.999999954862844875e-01,9.999999999994626521e-01,8.000000000000000444e-01,4.429759567537890907e-01,-6.619000619328093693e-01
9.999999999994976241e-01,4.131196696197875543e-14,1.915360489843336844e-01,9.999999979552010032e-01,9.999999999999749090e-01,8.000000000000000444e-01,4.429759504670132131e-01,-4.167272672211191908e-01
9.999999999997926103e-01,1.716195768211490759e-13,1.286715273437641360e-01,9.999999985944660885e-01,9.999999999997701838e-01,8.000000000000000444e-01,4.429759497815066727e-01,-3.899937608944931133e-01
9.999999999999878986e-01,7.689421880471183342e-14,9.999999999999996669e-01,9.575011199135534667e-01,9.999999999998379074e-01,8.000000000000000444e-01,4.429759596017402434e-01,-7.638316888622330714e-01
9.999999999999911182e-01,3.518280186658121519e-12,1.701511224367648900e-01,9.999999985239521605e-01,9.999999999999760192e-01,8.000000000000000444e-01,4.429759502338211363e-01,-4.076332018258922441e-01
9.999999999999509281e-01,1.772822600406300372e-12,9.645109620458767186e-01,9.999999995172241807e-01,9.999999999998970823e-01,8.000000000000000444e-01,4.429759588959230054e-01,-7.454393792900909643e-01
9.999999999988045118e-01,1.677882905589726156e-11,9.999999999999996669e-01,8.374278097172753732e-01,9.999999999999493738e-01,8.000000000000000444e-01,4.429759605025307412e-01,-7.731563707682743702e-01
9.999999999999507061e-01,1.490673162080395142e-11,9.999999999999996669e-01,2.062709616049757111e-01,9.999999999999891198e-01,8.000000000000000444e-01,4.429759652374721801e-01,-8.221709005745122534e-01
9.999999999999860112e-01,3.285628640836807440e-11,6.241023289249161277e-01,9.999999975975325528e-01,9.999999999994686473e-01,8.000000000000000444e-01,4.429759551839349552e-01,-6.006786130675053625e-01
9.999999999999468203e-01,2.976825110031239592e-11,8.402845615711362903e-01,9.999999979640001868e-01,9.999999999995380362e-01,8.000000000000000444e-01,4.429759575412954842e-01,-6.926113745182266301e-01
9.999999999997937206e-01,3.085575353270345639e-11,8.095172389194966733e-01,9.999999989790155919e-01,9.999999999999535927e-01,8.000000000000000444e-01,4.429759572057929695e-01,-6.795273901533994687e-01
9.999999999997155609e-01,2.589137628583655046e-14,8.298957742578171315e-01,9.999999998712236771e-01,9.999999999995412558e-01,8.000000000000000444e-01,4.429759574280108247e-01,-6.881934816751852368e-01
9.999999999999155120e-01,1.171279579871055056e-11,9.999999999995429212e-01,7.693295708953011847e-01,9.999999999999287237e-01,8.000000000000000444e-01,4.429759610134040293e-01,-7.784447601217386881e-01
9.999999999999795719e-01,6.952123273052471445e-12,6.660743826618953367e-01,9.999999997505546467e-01,9.999999999999164002e-01,8.000000000000000444e-01,4.429759556416194566e-01,-6.185274747502661485e-01
9.999999999997437605e-01,1.355986914209240696e-12,4.281994423173985931e-01,9.999999986592512657e-01,9.999999999996378452e-01,8.000000000000000444e-01,4.429759530477107021e-01,-5.173697622672742691e-01
9.999999999995565769e-01,3.242449969608495704e-13,9.926848669720681473e-01,9.999999980399789656e-01,9.999999999999538147e-01,8.000000000000000444e-01,4.429759592031455306e-01,-7.574204976025041836e-01
9.999999999998806510e-01,1.802178295907552322e-13,8.899522565498151350e-01,9.999999990263778171e-01,9.999999999995765609e-01,8.000000000000000444e-01,4.429759580828971366e-01,-7.137328528272445238e-01
9.999999999998778755e-01,2.984305630337709465e-11,5.920669998878110851e-01,9.999999983495743150e-01,9.999999999998434586e-01,8.000000000000000444e-01,4.429759548346055009e-01,-5.870554015764707367e-01
9.999999999996131983e-01,4.164544028230458810e-13,3.517627939909954149e-01,9.999999952795409763e-01,9.999999999998157030e-01,8.000000000000000444e-01,4.429759522142067696e-01,-4.848646298328570525e-01
9.999999999999240607e-01,1.861347694900733139e-11,3.038541777993085669e-01,9.999999999376610882e-01,9.999999999999936717e-01,8.000000000000000444e-01,4.429759516917869400e-01,-4.644912096430368065e-01
9.999999999997937206e-01,9.407004292261410392e-14,8.705361871589675227e-01,9.999999990393168003e-01,9.999999999998530065e-01,8.000000000000000444e-01,4.429759578711744972e-01,-7.054760555196609717e-01
9.999999999967763564e-01,1.427954278763100509e-12,6.570164905954116730e-01,9.999999953411649045e-01,9.999999999999359401e-01,8.000000000000000444e-01,4.429759555428476325e-01,-6.146755534033260249e-01
9.999999999995232702e-01,2.941234700845771039e-13,1.826706878793031841e-01,9.999999972167910034e-01,9.999999999997072342e-01,8.000000000000000444e-01,4.429759503703408208e-01,-4.129572205088071213e-01
9.999999999999690248e-01,8.351674474663642689e-13,5.708525930543763005e-01,9.999999995557692367e-01,9.999999999998793188e-01,8.000000000000000444e-01,4.429759546032728257e-01,-5.780338506397136866e-01
9.999999999997456479e-01,9.392353523330508877e-14,2.646501180176775714e-01,9.999999986616097125e-01,9.999999999998399058e-01,8.000000000000000444e-01,4.429759512642860164e-01,-4.478194535448448699e-01
9.999999999960881292e-01,2.627048839855658453e-12,7.549843234220118271e-01,9.999999976659080803e-01,9.999999999998570033e-01,8.000000000000000444e-01,4.429759566111384772e-01,-6.563369483216615619e-01
9.999999999994989563e-01,6.715341151006816632e-15,2.581889638102291551e-02,9.999999994152936056e-01,9.999999999994343414e-01,8.000000000000000444e-01,4.429759486599494922e-01,-3.462550766943707226e-01
9.999999999999675815e-01,1.770351913206388229e-13,9.999999999999996669e-01,9.999157076712545944e-01,9.999999999996116440e-01,8.000000000000000444e-01,4.429759592835458282e-01,-7.605378466383417857e-01
9.999999999998974154e-01,1.724850451786366128e-13,9.999999999996743716e-01,4.585731721323068610e-01,9.999999999997891686e-01,8.000000000000000444e-01,4.429759633446999079e-01,-8.025775550294312888e-01
9.999999999999884537e-01,5.147900145533540733e-13,8.244608992651062396e-01,9.999999984527612185e-01,9.999999999999118483e-01,8.000000000000000444e-01,4.429759573687462315e-01,-6.858822693412268690e-01
9.999999999997227773e-01,6.787568888420273863e-14,8.060740450501352461e-01,9.999999963604838671e-01,9.999999999994357847e-01,8.000000000000000444e-01,4.429759571682466701e-01,-6.780631519832324150e-01
9.999999999999774625e-01,8.266155417883188551e-14,1.972276753213421663e-01,9.999999990535188843e-01,9.999999999997710720e-01,8.000000000000000444e-01,4.429759505290775667e-01,-4.191476645943016388e-01
9.999999999999653610e-01,2.950580296653861265e-14,3.097925033775376646e-01,9.999999995568521483e-01,9.999999999999069633e-01,8.000000000000000444e-01,4.429759517565414750e-01,-4.670165174294019783e-01
9.999999999999712452e-01,4.740863072414269972e-12,2.930500664302882474e-01,9.999999953454451473e-01,9.999999999999433786e-01,8.000000000000000444e-01,4.429759515739734588e-01,-4.598966983167859235e-01
9.999999999998229194e-01,1.023968016306191407e-12,3.566453446463069277e-01,9.999999955238350058e-01,9.999999999999964473e-01,8.000000000000000444e-01,4.429759522674485694e-01,-4.869409630974342873e-01
9.999999999994366728e-01,2.609731165042507929e-12,2.276320298307666912e-01,9.999999998025643766e-01,9.999999999998768763e-01,8.000000000000000444e-01,4.429759508606220808e-01,-4.320772944911651647e-01
9.999999999955481167e-01,2.794340341816769354e-11,7.924450999864618428e-02,9.999999973152096100e-01,9.999999999998866462e-01,8.000000000000000444e-01,4.429759492425294209e-01,-3.689746321753405445e-01
9.999999999999085176e-01,1.350217304046358270e-12,4.498682621197572923e-03,9.999999956150683600e-01,9.999999999999976685e-01,8.000000000000000444e-01,4.429759484274631287e-01,-3.371885311293839615e-01
9.999999999999101830e-01,7.778416073070545429e-14,9.999999999999502620e-01,1.485984340171527252e-01,9.999999999995186073e-01,8.000000000000000444e-01,4.429759656701317549e-01,-8.266496475463481763e-01
9.999999999997813971e-01,2.114094164652026758e-11,8.140786540942535066e-01,9.999999988091808900e-01,9.999999999998543387e-01,8.000000000000000444e-01,4.429759572555329594e-01,-6.814671587031929656e-01
9.999999999989420685e-01,1.427954278763100509e-12,6.697271245867171263e-01,9.999999953402632924e-01,9.999999999999356071e-01,8.000000000000000444e-01,4.429759556814508170e-01,-6.200808250055364068e-01
9.999999999999991118e-01,1.924628682844720105e-14,7.215028230044761015e-01,9.999999956907398291e-01,9.999999999999590328e-01,8.000000000000000444e-01,4.429759562460392486e-01,-6.420987441874780322e-01
9.999999999994825250e-01,3.757974054585715142e-13,9.821053418290044412e-01,9.999999985549455905e-01,9.999999999967512654e-01,8.000000000000000444e-01,4.429759590877810349e-01,-7.529214924876449500e-01
9.999999999928477212e-01,1.820051774104142312e-12,9.999999999999996669e-01,8.550419602605383584e-01,9.999999999999789058e-01,8.000000000000000444e-01,4.429759603703892767e-01,-7.717884868427175027e-01
9.999999999995297095e-01,6.109909002947573690e-12,3.759194951963001907e-02,9.999999993098916962e-01,9.999999999999032996e-01,8.000000000000000444e-01,4.429759487883287994e-01,-3.512616365503434812e-01
9.999999999999386047e-01,2.771053504942965165e-13,4.241999036007670920e-01,9.999999990399244254e-01,9.999999999996378452e-01,8.000000000000000444e-01,4.429759530040977000e-01,-5.156689349573974068e-01
9.999999999999966693e-01,2.844519832754371513e-13,9.999999999999894529e-01,4.134271940085548769e-01,9.999999999999913403e-01,8.000000000000000444e-01,4.429759636833852099e-01,-8.060835122215669335e-01
9.999999999999759082e-01,4.404249253402711969e-13,7.030855913467674023e-01,9.999999988513950111e-01,9.999999999992559285e-01,8.000000000000000444e-01,4.429759560452083966e-01,-6.342667082356169272e-01
9.999999999960639263e-01,4.118835768247348865e-13,7.259604963461715466e-01,9.999999976057305506e-01,9.999999999999277245e-01,8.000000000000000444e-01,4.429759562946479767e-01,-6.439943957537394015e-01
9.999999999999117373e-01,2.873124389498441590e-13,9.567394035838628907e-01,9.999999972559517891e-01,9.999999999997382094e-01,8.000000000000000444e-01,4.429759588111780166e-01,-7.421344786809082050e-01
9.999999999972266629e-01,2.254555306965954461e-13,5.007026510938943353e-01,9.999999992425655515e-01,9.999999999999507061e-01,8.000000000000000444e-01,4.429759538383223894e-01,-5.482021766952828168e-01
9.999999999999656941e-01,1.708011589407270301e-12,9.721480110523279539e-01,9.999999985682956893e-01,9.999999999999998890e-01,8.000000000000000444e-01,4.429759589792012786e-01,-7.486870792147234388e-01
9.999999999999552580e-01,1.667865933324214067e-15,5.822442065939805733e-01,9.999999980463530891e-01,9.999999999999872324e-01,8.000000000000000444e-01,4.429759547274927933e-01,-5.828782011807652763e-01
9.999999999999878986e-01,3.942640574560874914e-13,9.999999999999987788e-01,9.742439695212965489e-01,9.999999999998379074e-01,8.000000000000000444e-01,4.429759594761352726e-01,-7.625314686337850700e-01
9.999999999998957501e-01,4.013518094423180179e-13,2.414820843575927745e-01,9.999999993329757864e-01,9.999999999998837596e-01,8.000000000000000444e-01,4.429759510116500487e-01,-4.379671113912210201e-01
9.999999999999654721e-01,2.088893267277101024e-11,9.999999999999711342e-01,4.974831514285819600e-01,9.999999999999478195e-01,8.000000000000000444e-01,4.429759630527970726e-01,-7.995558745309997439e-01
9.999999999998974154e-01,1.490241258065287716e-11,9.999999999995414779e-01,4.336765896518441354e-01,9.999999999999904521e-01,8.000000000000000444e-01,4.429759635314741706e-01,-8.045109797993147405e-01
9.999999999998891997e-01,1.156915587577280964e-12,7.177984379822734962e-01,9.999999975895549342e-01,9.999999999999954481e-01,8.000000000000000444e-01,4.429759562056447830e-01,-6.405234325983212296e-01
9.999999999992128519e-01,1.006095756897277410e-12,2.323123957032702525e-01,9.999999990312444798e-01,9.999999999999054090e-01,8.000000000000000444e-01,4.429759509116591443e-01,-4.340676475695218750e-01
9.999999999994860778e-01,3.389371929289689819e-13,4.544222491620731330e-01,9.999999975147374487e-01,9.999999999995500266e-01,8.000000000000000444e-01,4.429759533336574684e-01,-5.285211646586757128e-01
9.999999999998444578e-01,3.913950100167451119e-14,6.039919560091028261e-01,9.999999975835827115e-01,9.999999999999883427e-01,8.000000000000000444e-01,4.429759549646412609e-01,-5.921265591188346056e-01
9.999999999998766542e-01,2.124969545181510691e-12,9.999999999999698019e-01,4.057882096969443741e-02,9.999999999999201750e-01,8.000000000000000444e-01,4.429759664804953645e-01,-8.350382605511802447e-01
9.999999999998024913e-01,7.699662778729790821e-15,6.474508067868458561e-01,9.999999973325455205e-01,9.999999999997927214e-01,8.000000000000000444e-01,4.429759554385385711e-01,-6.106076901437632598e-01
9.999999999996462829e-01,1.314898343817526074e-13,9.999999999999971134e-01,6.153651184271825558e-01,9.999999999999923395e-01,8.000000000000000444e-01,4.429759621684460358e-01,-7.904013684791474370e-01
9.999999999998778755e-01,3.737278936846358283e-12,9.999999999999003020e-01,5.420091636166138871e-01,9.999999999997829514e-01,8.000000000000000444e-01,4.429759627187627169e-01,-7.960980628024471040e-01
9.999999999994989563e-01,6.715341151006816632e-15,2.220760473173394312e-02,9.999999994152936056e-01,9.999999999994848565e-01,8.000000000000000444e-01,4.429759486205701036e-01,-3.447193537537694974e-01
9.999999999997546407e-01,4.778530370765770740e-12,8.777177070207259346e-02,9.999999975143918363e-01,9.999999999999815703e-01,8.000000000000000444e-01,4.429759493355149846e-01,-3.726008997529114408e-01
9.999999999999977796e-01,1.887302532970720308e-11,3.786476623018193433e-01,9.999999956804399570e-01,9.999999999999599209e-01,8.000000000000000444e-01,4.429759525073729831e-01,-4.962975776238053305e-01
9.999999999995232702e-01,2.941234700845771039e-13,2.029871862817906325e-01,9.999999972167910034e-01,9.999999999997098987e-01,8.000000000000000444e-01,4.429759505918822171e-01,-4.215969305294763325e-01
9.999999999999712452e-01,2.722250608468961757e-13,3.226530409836376734e-01,9.999999953722005230e-01,9.999999999988493649e-01,8.000000000000000444e-01,4.429759518967792964e-01,-4.724855367462464928e-01
9.999999999997163380e-01,2.329131290106842816e-14,8.552018649573228659e-01,9.999999974204646369e-01,9.999999999995882183e-01,8.000000000000000444e-01,4.429759577039613094e-01,-6.989550452545508774e-01
9.999999999994978461e-01,1.701160430317838980e-13,1.625024806267196253e-01,9.999999975778732786e-01,9.999999999999905631e-01,8.000000000000000444e-01,4.429759501504165198e-01,-4.043805721394341246e-01
9.999999999994331201e-01,2.041961845085972389e-13,7.302938261389779750e-01,9.999999988279374419e-01,9.999999999993294253e-01,8.000000000000000444e-01,4.429759563419007895e-01,-6.458371695506776033e-01
9.999999999999680256e-01,2.553908376089518279e-13,9.999999999999940048e-01,2.807268072639679257e-02,9.999999999997158939e-01,8.000000000000000444e-01,4.429759665743164820e-01,-8.360094653875377313e-01
9.999999999998862021e-01,3.159819382216586300e-13,2.229753572973352804e-01,9.999999990050085774e-01,9.999999999999451550e-01,8.000000000000000444e-01,4.429759508098433662e-01,-4.300970172653196810e-01
9.999999999968494091e-01,1.288564660314916160e-14,4.830504652779072927e-01,9.999999973404269937e-01,9.999999999999943379e-01,8.000000000000000444e-01,4.429759536458340308e-01,-5.406954813655709957e-01
9.999999999999976685e-01,1.386086827085124302e-13,3.419673662229982813e-01,9.999999963299853745e-01,9.999999999999757971e-01,8.000000000000000444e-01,4.429759521073924899e-01,-4.806990666821041591e-01
9.999999999996457278e-01,1.313129750362599839e-13,9.999999999999977796e-01,6.906321558178518671e-01,9.999999999998803180e-01,8.000000000000000444e-01,4.429759616037923786e-01,-7.845562628464571864e-01
9.999999999994841904e-01,2.976825110031239592e-11,9.763141020679684257e-01,9.999999984366988448e-01,9.999999999993115507e-01,8.000000000000000444e-01,4.429759590246304390e-01,-7.504587338467677560e-01
9.999999999999840128e-01,5.074419522015641431e-13,3.925980018049703424e-01,9.999999972442900065e-01,9.999999999981696863e-01,8.000000000000000444e-01,4.429759526594945762e-01,-5.022300411384984509e-01
9.999999999999436007e-01,1.714721884330475898e-13,8.600425464985135271e-01,9.999999989055183836e-01,9.999999999995718980e-01,8.000000000000000444e-01,4.429759577567465301e-01,-7.010135733356278598e-01
9.999999999998042677e-01,2.569845221568414643e-15,2.500575639783291226e-01,9.999999983248869517e-01,9.999999999998036015e-01,8.000000000000000444e-01,4.429759511051614695e-01,-4.416138844387077489e-01
9.999999999999805711e-01,5.755583760324170212e-15,1.787341831743164411e-01,9.999999993658720276e-01,9.999999999999928946e-01,8.000000000000000444e-01,4.429759503274151577e-01,-4.112831986433193032e-01
9.999999999999947820e-01,4.890835471532266054e-11,9.999999999999964473e-01,7.713362646684893131e-02,1.000000000000000000e+00,8.000000000000000444e-01,4.429759662062610626e-01,-8.321994787029250995e-01
9.999999999999110711e-01,3.348144223735087125e-11,9.999999999999373834e-01,9.479077856738318264e-01,9.999999999999896749e-01,8.000000000000000444e-01,4.429759596737094518e-01,-7.645766903104204149e-01
9.999999999998957501e-01,1.772648421149923810e-12,9.874538777059125305e-01,9.999999993329757864e-01,9.999999999998967493e-01,8.000000000000000444e-01,4.429759591461041590e-01,-7.551959886571636416e-01
9.999999999999437117e-01,5.349884277304288669e-14,9.999999999999921174e-01,4.842831041204241349e-01,9.999999999999938938e-01,8.000000000000000444e-01,4.429759631518238594e-01,-8.005809669684872398e-01
9.999999999997425393e-01,2.548000787116536454e-12,1.093188021214226147e-01,9.999999993898190942e-01,9.999999999998893108e-01,8.000000000000000444e-01,4.429759495704747030e-01,-3.817639010046448567e-01
9.999999999996480593e-01,1.852537273775753955e-13,3.154030999509787048e-01,9.999999988380634530e-01,9.999999999999757971e-01,8.000000000000000444e-01,4.429759518177222577e-01,-4.694024565624522749e-01
9.999999999997940536e-01,5.235321629168824973e-14,5.269375057353358205e-01,9.999999954996187101e-01,9.999999999994626521e-01,8.000000000000000444e-01,4.429759541244005505e-01,-5.593587026843239718e-01
9.999999999996601607e-01,3.438185308326200225e-11,7.018513631939707342e-02,9.999999983806507897e-01,9.999999999965863973e-01,8.000000000000000444e-01,4.429759491437414431e-01,-3.651220803391165282e-01
9.999999999999611422e-01,1.587035189143928692e-11,9.966250286493425481e-01,9.999999993785615438e-01,9.999999999999388267e-01,8.000000000000000444e-01,4.429759592461110507e-01,-7.590960743442120018e-01
9.999999999999251710e-01,6.320019921363991021e-14,5.232649112896528010e-01,9.999999972682973581e-01,9.999999999999290567e-01,8.000000000000000444e-01,4.429759540843526966e-01,-5.577969102345133878e-01
