9.999999999916002746e-01,7.032516758814898008e-13,9.999999999999998890e-01,1.955415189967723011e-01,9.999999999997254418e-01,5.999999999999999778e-01,4.429759632481802267e-01,-8.025141755748800287e-01
9.999999999984722221e-01,2.771804302882474747e-13,9.999999999999847899e-01,6.924044326031162377e-01,9.999999999999924505e-01,5.999999999999999778e-01,4.429759595207124478e-01,-7.639286763254470314e-01
9.999999999998777644e-01,2.333087342502298908e-13,9.999999999998966382e-01,2.088381923035623755e-01,9.999999999998862021e-01,5.999999999999999778e-01,4.429759631484285198e-01,-8.014815793314812309e-01
9.999999999995426991e-01,2.056491156641709517e-14,9.999999999997365441e-01,2.690277249670203763e-01,9.999999999998896438e-01,5.999999999999999778e-01,4.429759626968863828e-01,-7.968073661761904125e-01
9.999999999922013494e-01,3.931361116702846514e-14,9.999999999999855671e-01,2.034039603415749298e-12,9.999999999999586997e-01,5.999999999999999778e-01,4.429759647151335633e-01,-8.176995857308023696e-01
9.999999999997412070e-01,7.254121677534711971e-15,2.383996087934833752e-02,9.999999980686739010e-01,9.999999999998597788e-01,5.999999999999999778e-01,4.429759465685858544e-01,-3.249235682515693169e-01
9.999999999999840128e-01,1.325621697387298419e-13,5.745648522464958941e-01,9.999999959422958273e-01,9.999999999985794696e-01,5.999999999999999778e-01,4.429759525739689341e-01,-5.591225562733476151e-01
9.999999999994847455e-01,3.082042422890202791e-13,9.999999999999995559e-01,1.825114329016634951e-01,9.999999999999574785e-01,5.999999999999999778e-01,4.429759633459319779e-01,-8.035260691242253062e-01
9.999999999999699130e-01,5.811712592675752256e-12,9.999999999997329914e-01,6.697914499990493820e-01,9.999999999997919442e-01,5.999999999999999778e-01,4.429759596903551366e-01,-7.656847607497115904e-01
9.999999999918858240e-01,4.604902408102412289e-13,9.999999999994678701e-01,4.465678052305438461e-01,9.999999999994183542e-01,5.999999999999999778e-01,4.429759613649799088e-01,-7.830199160637091316e-01
9.999999999960618169e-01,3.555039493716138583e-13,3.339710223992494176e-01,9.999999861376533961e-01,9.999999999999731326e-01,5.999999999999999778e-01,4.429759499504120623e-01,-4.568086207698441870e-01
9.999999999998847589e-01,1.106567828524583628e-12,9.999999999999892308e-01,7.553423868563423627e-01,9.999999999999976685e-01,5.999999999999999778e-01,4.429759590485516374e-01,-7.590410255866476552e-01
9.999999999999781286e-01,4.026052237668507227e-13,2.857356951454405047e-01,9.999999997262716267e-01,9.999999999997722933e-01,5.999999999999999778e-01,4.429759494244295270e-01,-4.362962640916140389e-01
9.999999999963172792e-01,3.019503928937688749e-13,9.999999999994678701e-01,3.700070957021919238e-01,9.999999999994457767e-01,5.999999999999999778e-01,4.429759619393386916e-01,-7.889654859967788481e-01
9.999999999904640724e-01,8.720669152895831847e-13,9.043522435575862550e-01,9.999999954982661254e-01,9.999999999999815703e-01,5.999999999999999778e-01,4.429759561701376303e-01,-6.993665773483582759e-01
9.999999999973234743e-01,1.106567828524583628e-12,9.999999999999902300e-01,9.238877074872169359e-01,9.999999999999976685e-01,5.999999999999999778e-01,4.429759577841239082e-01,-7.459520926750197178e-01
9.999999999684517915e-01,8.937096661379014011e-13,9.999999999999502620e-01,6.317070448582746689e-01,9.999999999999616973e-01,5.999999999999999778e-01,4.429759599760645372e-01,-7.686423286133136079e-01
9.999999999998721023e-01,5.861737672701683164e-11,9.999999999999998890e-01,7.308827118082230623e-01,9.999999999999891198e-01,5.999999999999999778e-01,4.429759592320482442e-01,-7.609405208946561361e-01
9.999999999999745759e-01,1.085424021729318098e-12,9.999999999999659162e-01,1.420659830682571290e-01,9.999999999996864730e-01,5.999999999999999778e-01,4.429759636493539321e-01,-8.066669915623770892e-01
9.999999999999569233e-01,2.612646490433350243e-13,9.707654863596787420e-02,9.999999986758389969e-01,9.999999999996679323e-01,5.999999999999999778e-01,4.429759473671947001e-01,-3.560678563877145431e-01
9.999999999999449329e-01,2.901972284145075908e-12,5.507352532212676788e-02,9.999999973334932069e-01,9.999999999995810018e-01,5.999999999999999778e-01,4.429759469091724688e-01,-3.382058246481270958e-01
9.999999999997504219e-01,3.165869246331718627e-13,6.776195889146071627e-01,9.999999996032461480e-01,9.999999999999928946e-01,5.999999999999999778e-01,4.429759536977299073e-01,-6.029471867609056401e-01
9.999999999999694689e-01,6.875035946717330549e-13,6.243232451014321116e-01,9.999999999412717555e-01,9.999999999999615863e-01,5.999999999999999778e-01,4.429759531165596287e-01,-5.802826041567138438e-01
9.999999999966548980e-01,7.464281214608349561e-13,5.333452862148151397e-01,9.999999994600805575e-01,9.999999999999921174e-01,5.999999999999999778e-01,4.429759521244898690e-01,-5.415936939565756392e-01
9.999999999998148148e-01,1.451207495419264815e-12,2.899746752113580017e-02,9.999999988792768191e-01,9.999999999999177325e-01,5.999999999999999778e-01,4.429759466248259225e-01,-3.271168281165747205e-01
9.999999999999753530e-01,4.403846383983820507e-13,2.431742488774461253e-01,9.999999958771600417e-01,9.999999999999995559e-01,5.999999999999999778e-01,4.429759489603180000e-01,-4.181967599126660273e-01
9.999999999989864774e-01,2.716371917971530312e-13,9.999999999999975575e-01,5.733654267582699582e-01,9.999999999999645839e-01,5.999999999999999778e-01,4.429759604137435969e-01,-7.731730359769665162e-01
9.999999999918638416e-01,1.105516883703027064e-12,9.999999999999462652e-01,1.261537653933220149e-02,9.999999999996664890e-01,5.999999999999999778e-01,4.429759646204929346e-01,-8.167198977953465944e-01
9.999999999972870590e-01,3.735892725524512991e-12,4.501320325387658250e-01,9.999999983611264076e-01,9.999999999997694067e-01,5.999999999999999778e-01,4.429759512170904356e-01,-5.062067702024571902e-01
9.999999999998474554e-01,9.499425507645741344e-13,9.999999999999844569e-01,5.367641224633189490e-01,9.999999999994257927e-01,5.999999999999999778e-01,4.429759606883267309e-01,-7.760154288386452714e-01
9.999999999933409933e-01,5.662864751394619122e-14,3.709414605837011991e-01,9.999999974012028225e-01,9.999999999999995559e-01,5.999999999999999778e-01,4.429759503535563581e-01,-4.725305154162505739e-01
9.999999999999317213e-01,1.332437225590381521e-12,9.999999999999991118e-01,2.443942080498724967e-01,9.999999999999565903e-01,5.999999999999999778e-01,4.429759628816871131e-01,-7.987203617374979414e-01
9.999999999993648414e-01,8.037514680812933623e-13,9.245813059777596710e-01,9.999999993892821903e-01,9.999999999999602540e-01,5.999999999999999778e-01,4.429759563907255115e-01,-7.079691044029218228e-01
9.999999999988169463e-01,1.730824669417835010e-12,9.999999999999772404e-01,2.566815059420831657e-01,9.999999999999903411e-01,5.999999999999999778e-01,4.429759627895077378e-01,-7.977661518120332529e-01
9.999999999998667732e-01,4.377826505125420754e-11,1.819382057775293382e-01,9.999999982724895320e-01,9.999999999999781286e-01,5.999999999999999778e-01,4.429759482925691993e-01,-3.921557734934463246e-01
9.999999999997839506e-01,7.678414908341601101e-13,4.639862127287862625e-01,9.999999996803871083e-01,9.999999999999704681e-01,5.999999999999999778e-01,4.429759513681634231e-01,-5.120983414251257804e-01
9.999999999992625899e-01,7.459589456483562618e-13,9.999999999999852340e-01,6.810184290947783881e-01,9.999999999999168443e-01,5.999999999999999778e-01,4.429759596061302873e-01,-7.648128933154784148e-01
9.999999999696821407e-01,6.489220988609864593e-13,9.999999999999962252e-01,8.311508723313482117e-02,9.999999999999895639e-01,5.999999999999999778e-01,4.429759640916037799e-01,-8.112450143623616272e-01
9.999999999998855360e-01,7.792260778814193269e-14,9.999999999999773515e-01,5.011040909770043683e-01,9.999999999999996669e-01,5.999999999999999778e-01,4.429759609558484579e-01,-7.787847241128963427e-01
9.999999999961900476e-01,3.348124023790538227e-14,3.551942710624854116e-01,9.999999980371530039e-01,9.999999999998043787e-01,5.999999999999999778e-01,4.429759501818410494e-01,-4.658339307288102971e-01
9.999999999918947058e-01,5.012317956106104121e-13,9.999999999995162758e-01,6.189381334337187290e-01,9.999999999993666178e-01,5.999999999999999778e-01,4.429759600718569668e-01,-7.696339397974986118e-01
9.999999999998562261e-01,2.066563819824369094e-15,9.999999999999852340e-01,5.480798836317366529e-01,9.999999999999987788e-01,5.999999999999999778e-01,4.429759606034358588e-01,-7.751366667455411585e-01
9.999999999978673726e-01,5.774856152176549775e-12,8.386175649361284901e-01,9.999999961991175024e-01,9.999999999999786837e-01,5.999999999999999778e-01,4.429759554533334032e-01,-6.714125199382011688e-01
9.999999999998013811e-01,7.879458256445327347e-13,8.462438711839825878e-01,9.999999977102188575e-01,9.999999999999775735e-01,5.999999999999999778e-01,4.429759555364944923e-01,-6.746556512512628112e-01
9.999999999992861266e-01,7.144807701833669194e-13,9.999999999999994449e-01,2.333520581862172649e-01,9.999999999999896749e-01,5.999999999999999778e-01,4.429759629645254049e-01,-7.995778756584356328e-01
9.999999999992957855e-01,6.627139321137162653e-13,9.999999999999984457e-01,3.057904381407753891e-01,9.999999999999873435e-01,5.999999999999999778e-01,4.429759624210923286e-01,-7.939524385838298004e-01
9.999999999991261435e-01,7.409410577591576305e-14,9.999999999999856781e-01,3.322418069798401263e-01,9.999999999997973843e-01,5.999999999999999778e-01,4.429759622226540627e-01,-7.918982718416448519e-01
9.999999999971429521e-01,3.700256724755892816e-13,9.999999999995524691e-01,2.920401930454118999e-01,9.999999999996861400e-01,5.999999999999999778e-01,4.429759625242467580e-01,-7.950202584131503825e-01
9.999999999998564482e-01,4.819583658809957023e-15,2.387276543937311424e-01,9.999999983990783825e-01,9.999999999999932276e-01,5.999999999999999778e-01,4.429759489118300642e-01,-4.163058193506189442e-01
9.999999999966217024e-01,1.730824669417835010e-12,9.999999999999772404e-01,4.325336889052436296e-01,9.999999999997863931e-01,5.999999999999999778e-01,4.429759614702639126e-01,-7.841097808330957930e-01
9.999999999999985567e-01,2.158065936880462915e-13,2.169939824595564781e-01,9.999999994069903586e-01,9.999999999999982236e-01,5.999999999999999778e-01,4.429759486748350850e-01,-4.070634479009981321e-01
9.999999999994364508e-01,3.082042422890202791e-13,9.999999999999885647e-01,7.437713094343937348e-01,9.999999999999583666e-01,5.999999999999999778e-01,4.429759591353579218e-01,-7.599396150911418291e-01
9.999999999987275734e-01,1.103931017443602018e-13,7.663421124383624772e-01,9.999999987217147446e-01,9.999999999985519361e-01,5.999999999999999778e-01,4.429759546652052293e-01,-6.406769599610236954e-01
9.999999998606018403e-01,7.919838490556402720e-13,5.386335281103038497e-01,9.999999987103074250e-01,9.999999999999520384e-01,5.999999999999999778e-01,4.429759521821555746e-01,-5.438425498754274612e-01
9.999999999999592548e-01,4.079502438414206565e-14,9.999999999999996669e-01,6.572170641141215075e-01,9.999999999999951150e-01,5.999999999999999778e-01,4.429759597846882335e-01,-7.666612654223975420e-01
9.999999999999363842e-01,4.012524592640936165e-12,7.039672449560923084e-01,9.999999957775916881e-01,9.999999999999722444e-01,5.999999999999999778e-01,4.429759539850381400e-01,-6.141516822132627729e-01
9.999999999975019982e-01,5.774856152176549775e-12,8.422895557916010301e-01,9.999999961991175024e-01,9.999999999999786837e-01,5.999999999999999778e-01,4.429759554933746513e-01,-6.729740555709743388e-01
9.999999999999829026e-01,6.382143578737075335e-14,8.089363581882532683e-01,9.999999962473400394e-01,9.999999999999605871e-01,5.999999999999999778e-01,4.429759551296744702e-01,-6.587904128035085849e-01
9.999999999971429521e-01,3.466287776109955105e-13,9.999999999995524691e-01,3.198138695169986390e-01,9.999999999998593347e-01,5.999999999999999778e-01,4.429759623158884829e-01,-7.928634035881777509e-01
9.999999999998766542e-01,3.419231193187878514e-13,3.675263600067260050e-01,9.999999996661427248e-01,9.999999999999682476e-01,5.999999999999999778e-01,4.429759503163163692e-01,-4.710782237043286136e-01
9.999999999960511587e-01,9.810126927294207255e-14,9.126714072953827639e-01,9.999999997599265944e-01,9.999999999999997780e-01,5.999999999999999778e-01,4.429759562608539536e-01,-7.029043501553787765e-01
9.999999999979165555e-01,1.314302994595971259e-11,8.547867794039171185e-01,9.999999961991175024e-01,9.999999999999915623e-01,5.999999999999999778e-01,4.429759556296506973e-01,-6.782885731592395162e-01
9.999999999998888667e-01,2.083324128031857880e-13,9.999999999999995559e-01,8.598103699455803550e-01,9.999999999999892308e-01,5.999999999999999778e-01,4.429759582648323812e-01,-7.509282259139621329e-01
9.999999999999539257e-01,1.399081191941761032e-14,3.407312091135153431e-02,9.999999972344748578e-01,9.999999999999906741e-01,5.999999999999999778e-01,4.429759466801734269e-01,-3.292752795963621582e-01
9.999999999996669331e-01,1.017615111288039711e-16,9.999999999999998890e-01,9.652975303498140258e-01,9.999999999997646327e-01,5.999999999999999778e-01,4.429759574734672412e-01,-7.427362787245487263e-01
9.999999999994845234e-01,7.566259520638330592e-13,1.000000000000000000e+00,4.076179637521042121e-02,9.999999999999900080e-01,5.999999999999999778e-01,4.429759644093383963e-01,-8.145340963761277253e-01
9.999999999979142240e-01,1.617316401978421156e-13,3.726836339534855824e-10,9.999999972497780609e-01,9.999999999998607780e-01,5.999999999999999778e-01,4.429759463086228588e-01,-3.147854853836721256e-01
9.999999999972941644e-01,5.024068997444170483e-13,5.880058254054373323e-01,9.999999990109519343e-01,9.999999999999881206e-01,5.999999999999999778e-01,4.429759527205360814e-01,-5.648384086474279586e-01
9.999999999997561950e-01,3.558950652759426125e-13,9.999999999999843459e-01,7.174627650996684425e-01,9.999999999999795719e-01,5.999999999999999778e-01,4.429759593327247114e-01,-7.619826903333110080e-01
9.999999999990843991e-01,6.048859158997009313e-13,9.999999999999998890e-01,8.087409055806787928e-01,9.999999999999792388e-01,5.999999999999999778e-01,4.429759586479556921e-01,-7.548941906190816953e-01
9.999999999998667732e-01,4.377826505125420754e-11,5.088244164778141232e-02,9.999999981245594194e-01,9.999999999996810329e-01,5.999999999999999778e-01,4.429759468634708042e-01,-3.364235416895450248e-01
9.999999999985448307e-01,8.716847061178022282e-13,2.661561870772702898e-01,9.999999990283153783e-01,9.999999999999611422e-01,5.999999999999999778e-01,4.429759492109247021e-01,-4.279699635846937467e-01
9.999999999999724665e-01,3.003474699921877185e-14,9.999999999999867883e-01,9.391602805477348159e-01,9.999999999999993339e-01,5.999999999999999778e-01,4.429759576695490031e-01,-7.447660515353072830e-01
9.999999999688504726e-01,1.653734833656065872e-11,7.370731503685562513e-01,9.999999959129339810e-01,9.999999999999926725e-01,5.999999999999999778e-01,4.429759543460417004e-01,-6.282301625134666390e-01
9.999999999902989822e-01,3.924205096671102194e-13,1.498135772851124647e-01,9.999999988125556349e-01,9.999999999999907851e-01,5.999999999999999778e-01,4.429759479422659685e-01,-3.784945869018431219e-01
9.999999999971237452e-01,5.012317956106104121e-13,9.999999999999297229e-01,5.848505583720884360e-01,9.999999999999681366e-01,5.999999999999999778e-01,4.429759603275820745e-01,-7.722811208720964382e-01
9.999999999998905320e-01,2.024788622446105216e-13,9.999999999999995559e-01,8.491635191441141428e-01,9.999999999999892308e-01,5.999999999999999778e-01,4.429759583447051008e-01,-7.517550416057220408e-01
9.999999999980700993e-01,2.161593400871828146e-13,7.842664743953550177e-01,9.999999986005413399e-01,9.999999999999771294e-01,5.999999999999999778e-01,4.429759548606615471e-01,-6.482993999472957958e-01
9.999999999920512472e-01,7.293594368263004808e-13,9.999999999999462652e-01,1.160518986229857608e-01,9.999999999999609201e-01,5.999999999999999778e-01,4.429759638445117109e-01,-8.086871995680419145e-01
9.999999999985643706e-01,1.503381606772540777e-12,1.236136445349390323e-01,9.999999961162121531e-01,9.999999999999623634e-01,5.999999999999999778e-01,4.429759476565686693e-01,-3.673529121516779794e-01
9.999999999994659827e-01,4.834525827043895048e-13,9.999999999994672040e-01,3.475961071332966390e-01,9.999999999998528954e-01,5.999999999999999778e-01,4.429759621074660370e-01,-7.907058839191619670e-01
9.999999999721963517e-01,8.574481415995827272e-13,5.177377290455090764e-01,9.999999975119758799e-01,9.999999999997689626e-01,5.999999999999999778e-01,4.429759519542971757e-01,-5.349564889453096717e-01
9.999999999973999687e-01,7.651981757988492399e-14,7.134293653641280430e-01,9.999999946841666709e-01,9.999999999999964473e-01,5.999999999999999778e-01,4.429759540882178825e-01,-6.181755044590880876e-01
9.999999999998171463e-01,8.311599955108997666e-13,7.178317195985717269e-01,9.999989929039847514e-01,9.999999999999488187e-01,5.999999999999999778e-01,4.429759541362309205e-01,-6.200477091966675181e-01
9.999999999999505951e-01,4.636499622258851758e-13,4.724422818713502892e-01,9.999999980301871316e-01,9.999999999998072653e-01,5.999999999999999778e-01,4.429759514603727188e-01,-5.156943345176755455e-01
9.999999999952287055e-01,3.933940715718766058e-13,5.663430969672395010e-01,9.999999995327547575e-01,9.999999999998555600e-01,5.999999999999999778e-01,4.429759524843147056e-01,-5.556262063731501888e-01
9.999999999999124034e-01,1.080134128777852726e-12,6.151858235360790905e-01,9.999999973239247497e-01,9.999999999999964473e-01,5.999999999999999778e-01,4.429759530169205539e-01,-5.763968622859231283e-01
9.999999999701393305e-01,3.621110017872920683e-14,6.465805545958780431e-02,9.999999989076564511e-01,9.999999999996577182e-01,5.999999999999999778e-01,4.429759470136870325e-01,-3.422817021414495953e-01
9.999999999971603826e-01,3.522970741691181794e-13,1.871041998995204292e-02,9.999999863350027551e-01,9.999999999999731326e-01,5.999999999999999778e-01,4.429759465126508755e-01,-3.227422018347348986e-01
9.999999999978642640e-01,9.806227088302369076e-13,1.757690595843733328e-01,9.999999996165426230e-01,9.999999999998125944e-01,5.999999999999999778e-01,4.429759482252976777e-01,-3.895323078126912142e-01
9.999999999616663304e-01,4.589064633648504143e-01,9.999999999999964473e-01,1.922851524069368358e-11,9.999999999999616973e-01,5.999999999999999778e-01,4.429759683521497515e-01,-8.177670845337304817e-01
9.999999999894113589e-01,1.252204302573627390e-12,9.999999999999997780e-01,8.392339893725153654e-01,9.999999999994246824e-01,5.999999999999999778e-01,4.429759584191964583e-01,-7.525261514087312475e-01
9.999999999998296918e-01,9.851995062619823052e-14,2.522918815614188515e-01,9.999999997364845683e-01,9.999999999999641398e-01,5.999999999999999778e-01,4.429759490597412475e-01,-4.220740863497774997e-01
9.999999999999804601e-01,4.965774158655472049e-13,3.917189655097891299e-01,9.999999988705871035e-01,9.999999999999810152e-01,5.999999999999999778e-01,4.429759505801247887e-01,-4.813662710495035801e-01
9.999999999902989822e-01,3.769477089327906428e-13,1.061807605661049259e-01,9.999999988125556349e-01,9.999999999999907851e-01,5.999999999999999778e-01,4.429759474664716201e-01,-3.599394758600212851e-01
9.999999999974694687e-01,9.579440497766071841e-14,2.087450761805866306e-01,9.999999946308107956e-01,9.999999999999346079e-01,5.999999999999999778e-01,4.429759485848848710e-01,-4.035555525305921654e-01
9.999999999999670264e-01,1.009015922556931902e-12,7.988907609398535614e-01,9.999999990827594942e-01,9.999999999999330536e-01,5.999999999999999778e-01,4.429759550201322060e-01,-6.545184634759174669e-01
9.999999999902299264e-01,1.097895233549470894e-13,9.999999999998148148e-01,3.611458746754978022e-01,9.999999999998029354e-01,5.999999999999999778e-01,4.429759620058156266e-01,-7.896536328234665669e-01
9.999999998816930802e-01,1.466711847252804923e-13,3.001475979215087464e-01,9.999999955412154362e-01,9.999999999999704681e-01,5.999999999999999778e-01,4.429759495815842607e-01,-4.424250105407651068e-01
9.999999999999525935e-01,3.732906108075305761e-13,3.123699991877514903e-01,9.999999968290602670e-01,9.999999999999575895e-01,5.999999999999999778e-01,4.429759497148634817e-01,-4.476226582153070011e-01
9.999999999998303579e-01,3.178424567630492742e-12,5.546408376170567367e-01,9.999999982242487873e-01,9.999999999999972244e-01,5.999999999999999778e-01,4.429759523567073920e-01,-5.506497520993559602e-01
9.999999999924584770e-01,1.585945208284736152e-13,9.999999999999462652e-01,6.939250619132864006e-02,9.999999999996666000e-01,5.999999999999999778e-01,4.429759641945506532e-01,-8.123106858502479044e-01
9.999999999999911182e-01,2.557735622156212693e-12,9.086812090715807866e-01,9.999999972342780152e-01,9.999999999999783507e-01,5.999999999999999778e-01,4.429759562173428145e-01,-7.012074951702155223e-01
9.999999999999589217e-01,2.258699570191346124e-13,4.947317778536755029e-01,9.999999994254230584e-01,9.999999999999842348e-01,5.999999999999999778e-01,4.429759517034286276e-01,-5.251730732139875402e-01
9.999999999999170663e-01,1.029213032380564598e-12,4.044476673123064692e-01,9.999999955255889361e-01,9.999999999999829026e-01,5.999999999999999778e-01,4.429759507189250378e-01,-4.867792263535587471e-01
9.999999999705639908e-01,3.286827036244800320e-13,8.749494927980602244e-01,9.999999981153890882e-01,9.999999999999508171e-01,5.999999999999999778e-01,4.429759558495151017e-01,-6.868628850551757870e-01
9.999999999998218092e-01,7.033308490393758069e-13,6.988866799259548790e-01,9.999999820205461853e-01,9.999999999999773515e-01,5.999999999999999778e-01,4.429759539296371784e-01,-6.119911432259318440e-01
9.999999999982071008e-01,9.793036334088568868e-14,4.124269588589544178e-01,9.999999954603130403e-01,9.999999999997934985e-01,5.999999999999999778e-01,4.429759508059352702e-01,-4.901724668549672925e-01
9.999999999999721334e-01,1.511457026376831934e-13,9.505905133717356126e-01,9.999999983271161685e-01,9.999999999995821121e-01,5.999999999999999778e-01,4.429759566743430854e-01,-7.190296723688561764e-01
9.999999999999370504e-01,5.943866962685173407e-13,6.814568081474805528e-01,9.999999999650980298e-01,9.999999999999611422e-01,5.999999999999999778e-01,4.429759537395729363e-01,-6.045789867016949648e-01
9.999999999999902300e-01,2.306284604269081437e-13,4.081654663651294590e-01,9.999999980749215700e-01,9.999999999998363531e-01,5.999999999999999778e-01,4.429759507594657753e-01,-4.883602419932656646e-01
9.999999999996761479e-01,8.576641370540826718e-13,5.271028205685804879e-01,9.999999985249581336e-01,9.999999999999805711e-01,5.999999999999999778e-01,4.429759520564188757e-01,-5.389390489259179295e-01
9.999999999997507549e-01,1.796959316221848837e-13,6.874512158320900124e-02,9.999999984948567677e-01,9.999999999999631406e-01,5.999999999999999778e-01,4.429759470582544933e-01,-3.440197509970309708e-01
9.999999999999935607e-01,4.446534576459863368e-13,9.427179635611655506e-01,9.999999927873051142e-01,9.999999999998836486e-01,5.999999999999999778e-01,4.429759565884968664e-01,-7.156818248519672965e-01
9.999999999999670264e-01,3.378169711899985649e-13,4.418216426503056571e-01,9.999999988836141274e-01,9.999999999986117771e-01,5.999999999999999778e-01,4.429759511264697580e-01,-5.026727281539130621e-01
9.999999999992861266e-01,7.144807701833669194e-13,9.999999999999994449e-01,2.211227100407953949e-01,9.999999999999790168e-01,5.999999999999999778e-01,4.429759630562700168e-01,-8.005275853076866399e-01
9.999999999998667732e-01,2.374925280404136901e-12,2.346003970709210629e-01,9.999999989360081054e-01,9.999999999998382405e-01,5.999999999999999778e-01,4.429759488668243983e-01,-4.145506789426151029e-01
9.999999999737626544e-01,3.388073633970614602e-14,1.908219299565104277e-01,9.999999958618849272e-01,9.999999999999968914e-01,5.999999999999999778e-01,4.429759483894418204e-01,-3.959336294546850210e-01
9.999999999971603826e-01,3.522970741691181794e-13,4.196690012962627780e-01,9.999999997294157783e-01,9.999999999999731326e-01,5.999999999999999778e-01,4.429759508849061000e-01,-4.932521875166183678e-01
9.999999999998503419e-01,9.723207325268918844e-01,9.999999999999752420e-01,2.033561967823891935e-12,9.999999999999346079e-01,5.999999999999999778e-01,4.429759724211619898e-01,-8.178426006849864871e-01
9.999999999974993337e-01,1.130338445457918058e-12,1.993462827090373146e-01,9.999999970342400291e-01,9.999999999999601430e-01,5.999999999999999778e-01,4.429759484823956872e-01,-3.995586603331501285e-01
9.999999999879750634e-01,3.635841530285465462e-13,8.584928884412973416e-02,9.999999988083541069e-01,9.999999999999962252e-01,5.999999999999999778e-01,4.429759472447669655e-01,-3.512933983477765087e-01
9.999999999662975148e-01,4.889630682479309769e-15,9.999999999999814593e-01,4.743694750483273270e-01,9.999999999999666933e-01,5.999999999999999778e-01,4.429759611564116351e-01,-7.808608873245329596e-01
9.999999999992628119e-01,1.077023478683420097e-12,3.038217939221999342e-01,9.999999990030620234e-01,9.999999999997077893e-01,5.999999999999999778e-01,4.429759496216495451e-01,-4.439874836549785320e-01
9.999999999998965272e-01,1.668486472459426605e-13,1.000000000000000000e+00,7.790882240438415929e-01,9.999999999997954969e-01,5.999999999999999778e-01,4.429759588704102469e-01,-7.571969656704687912e-01
9.999999999997883915e-01,1.024642470870414468e-13,1.408358241372941189e-01,9.999999991862236204e-01,9.999999999999907851e-01,5.999999999999999778e-01,4.429759478443680010e-01,-3.746767447283309016e-01
9.999999999996687094e-01,9.077224300164257983e-13,7.806871342223846710e-01,9.999999990824274265e-01,9.999999999999902300e-01,5.999999999999999778e-01,4.429759548216306575e-01,-6.467772645226882444e-01
9.999999999930394567e-01,1.311741181665240323e-14,7.093022481638107113e-01,9.999999952321267926e-01,9.999999999999472644e-01,5.999999999999999778e-01,4.429759540432137155e-01,-6.164204236372056167e-01
9.999999999998300249e-01,1.799537292982113936e-13,9.999999999998144817e-01,2.816028482677144229e-01,9.999999999999285016e-01,5.999999999999999778e-01,4.429759626025477348e-01,-7.958308042360954238e-01
9.999999999943083306e-01,2.731775095649223441e-13,7.222930269631131495e-01,9.999999961495107392e-01,9.999999999999593658e-01,5.999999999999999778e-01,4.429759541848717341e-01,-6.219448283896756857e-01
9.999999999999208411e-01,3.032337458471707391e-13,9.999999999999832356e-01,8.990573935803768402e-01,9.999999999999918954e-01,5.999999999999999778e-01,4.429759579704010131e-01,-7.478803711443918756e-01
9.999999999994358957e-01,9.620436607211312574e-14,4.813118525696233885e-01,9.999999992322335940e-01,9.999999999999945599e-01,5.999999999999999778e-01,4.429759515570909634e-01,-5.194661713475184905e-01
9.999999999966152631e-01,1.731617172839803120e-13,1.105790467997594811e-01,9.999999994187176444e-01,9.999999999999932276e-01,5.999999999999999778e-01,4.429759475144327552e-01,-3.618098728122113306e-01
9.999999999995721200e-01,3.425934882216522493e-12,4.160359639189361580e-01,9.999999966098229720e-01,9.999999999999983347e-01,5.999999999999999778e-01,4.429759508452896788e-01,-4.917072173202919894e-01
9.999999998843349669e-01,1.865892718964121519e-14,3.751692466025857708e-01,9.999999992612226274e-01,9.999999999999962252e-01,5.999999999999999778e-01,4.429759503996582581e-01,-4.743284060559261883e-01
9.999999999999812372e-01,1.502818707600099833e-12,7.755489348299231533e-01,9.999999975185478451e-01,9.999999999999424904e-01,5.999999999999999778e-01,4.429759547656011431e-01,-6.445922152376223346e-01
9.999999999999360512e-01,1.859505845997497428e-13,4.904863267083430234e-01,9.999999967034978177e-01,9.999999999999236167e-01,5.999999999999999778e-01,4.429759516571341038e-01,-5.233676704431532434e-01
9.999999999919694238e-01,1.994295860003242289e-13,9.999999999999976685e-01,2.996294160958667963e-02,9.999999999999394928e-01,5.999999999999999778e-01,4.429759644903514260e-01,-8.153727164284531037e-01
9.999999999999439337e-01,1.152986682407318594e-12,9.999999999999995559e-01,7.922815965638027036e-01,9.999999999999811262e-01,5.999999999999999778e-01,4.429759587714335312e-01,-7.561723915839954069e-01
9.999999999999639178e-01,3.625683025981516526e-13,3.376932988433350435e-01,9.999999980527574106e-01,9.999999999999616973e-01,5.999999999999999778e-01,4.429759499910015941e-01,-4.583915397181784757e-01
9.999999999997332134e-01,5.942208411234304887e-14,9.999999999999998890e-01,7.044135651501297612e-01,9.999999999999996669e-01,5.999999999999999778e-01,4.429759594306199033e-01,-7.629960682313058351e-01
9.999999999999786837e-01,5.396923576269653611e-14,7.711600792670953997e-01,9.999999991449606274e-01,9.999999999997600808e-01,5.999999999999999778e-01,4.429759547177428147e-01,-6.427258285596088028e-01
9.999999999990664135e-01,4.429258085032918028e-13,4.567921738663605069e-03,9.999999998851818450e-01,9.999999999998834266e-01,5.999999999999999778e-01,4.429759463584337920e-01,-3.167280205121699721e-01
9.999999999974694687e-01,2.873693429030126337e-14,2.254967977582557626e-01,9.999999945620788866e-01,9.999999999999346079e-01,5.999999999999999778e-01,4.429759487675541396e-01,-4.106793203179325280e-01
9.999999999967608133e-01,8.671548705344577716e-13,4.593352504453143692e-01,9.999999994600805575e-01,9.999999999999923395e-01,5.999999999999999778e-01,4.429759513174469920e-01,-5.101204924711916222e-01
9.999999999701393305e-01,2.012314520355727628e-13,1.292787307278458475e-01,9.999999989076564511e-01,9.999999999996586064e-01,5.999999999999999778e-01,4.429759477183435878e-01,-3.697620230413002362e-01
9.999999999997835065e-01,7.937724090388085725e-13,5.500156271714197187e-01,9.999999996090747079e-01,9.999999999999750200e-01,5.999999999999999778e-01,4.429759523062717363e-01,-5.486828541414893179e-01
9.999999999999543698e-01,7.105786069935781088e-13,9.999999999999462652e-01,5.642843085461773933e-02,9.999999999999543698e-01,5.999999999999999778e-01,4.429759642918071894e-01,-8.133174531207657543e-01
9.999999999993852695e-01,1.361906780885781390e-13,4.545479338619300425e-01,9.999999979310235654e-01,9.999999999999843459e-01,5.999999999999999778e-01,4.429759512652436948e-01,-5.080846581552748153e-01
9.999999999993075539e-01,6.721309888676431271e-13,9.999999999999880096e-01,4.028725593295058305e-01,9.999999999994024780e-01,5.999999999999999778e-01,4.429759616927818611e-01,-7.864132119439842805e-01
9.999999999997384315e-01,3.175742996660509977e-12,2.310252128036904273e-01,9.999999988765352343e-01,9.999999999999447109e-01,5.999999999999999778e-01,4.429759488278387503e-01,-4.130303108839016302e-01
9.999999999999561462e-01,6.137045844309982909e-13,5.128823665750592564e-01,9.999999955802943985e-01,9.999999999999242828e-01,5.999999999999999778e-01,4.429759519013518609e-01,-5.328917177469408850e-01
9.999999999999569233e-01,7.555267069645459465e-13,5.429217597456073019e-01,9.998600807141846403e-01,9.999999999999993339e-01,5.999999999999999778e-01,4.429759522299662744e-01,-5.456770112967016528e-01
9.999999999985514920e-01,3.927662278861901654e-13,1.195581582944182930e-01,9.999999988125556349e-01,9.999999999999920064e-01,5.999999999999999778e-01,4.429759476123455442e-01,-3.656282926491548624e-01
9.999999999918858240e-01,4.604902408102412289e-13,9.999999999994678701e-01,4.609511144516545422e-01,9.999999999994183542e-01,5.999999999999999778e-01,4.429759612570762783e-01,-7.819029335884407628e-01
9.999999999998631095e-01,1.500421225890456378e-13,3.469331192010334242e-01,9.999999975178390788e-01,9.999999999999413802e-01,5.999999999999999778e-01,4.429759500917572757e-01,-4.623208275216638130e-01
9.999999999999388267e-01,3.250614429911254579e-14,8.118677677992082453e-02,9.999999978786768828e-01,9.999999999999467093e-01,5.999999999999999778e-01,4.429759471939245796e-01,-3.493106378379106092e-01
9.999999999999632516e-01,3.522970741691181794e-13,1.419961138143638335e-02,9.999999916229519448e-01,9.999999999999951150e-01,5.999999999999999778e-01,4.429759464634626664e-01,-3.208239536256364266e-01
9.999999999960549335e-01,1.769266168487179165e-13,8.906825452654765218e-01,9.999999997062236634e-01,9.999999999999478195e-01,5.999999999999999778e-01,4.429759560210762559e-01,-6.935534577041958526e-01
9.999999999662975148e-01,4.889630682479309769e-15,9.999999999999814593e-01,4.876999897823201535e-01,9.999999999999836797e-01,5.999999999999999778e-01,4.429759610564060757e-01,-7.798256630153649338e-01
9.999999999919924054e-01,9.685008363824948876e-14,4.993297750614235642e-01,9.999999988836141274e-01,9.999999999985506038e-01,5.999999999999999778e-01,4.429759517535675206e-01,-5.271283985184750387e-01
9.999999999879339851e-01,3.439136759593755216e-13,7.269792610223141383e-02,9.999999988083541069e-01,9.999999999999490408e-01,5.999999999999999778e-01,4.429759471013578476e-01,-3.457007042611878189e-01
9.999999999998654410e-01,7.867840915849807081e-13,8.588310378139727419e-01,9.999999988338120760e-01,9.999999999999181766e-01,5.999999999999999778e-01,4.429759556737513093e-01,-6.800084175463979586e-01
9.999999999156135022e-01,1.235603637201842370e-13,3.077852530345093207e-01,9.999999993517345587e-01,9.999999999999957812e-01,5.999999999999999778e-01,4.429759496648690842e-01,-4.456729678459580013e-01
9.999999999999903411e-01,5.662864751394619122e-14,9.848164390275472302e-01,9.999999985428535965e-01,9.999999999999786837e-01,5.999999999999999778e-01,4.429759570475599317e-01,-7.335844478361593923e-01
9.999999999999360512e-01,1.513339351430475705e-13,4.454569826637742036e-01,9.999999967034978177e-01,9.999999999999236167e-01,5.999999999999999778e-01,4.429759511661113813e-01,-5.042186779712628519e-01
9.999999999999755751e-01,3.715163585452519518e-14,9.282007073013505138e-01,9.999999958771600417e-01,9.999999999999995559e-01,5.999999999999999778e-01,4.429759564301933294e-01,-7.095082763020214012e-01
9.999999999972882803e-01,5.587368316756745331e-14,9.999999999999964473e-01,5.241391724579920197e-01,9.999999999999720224e-01,5.999999999999999778e-01,4.429759607830391910e-01,-7.769958602332077691e-01
9.999999999949588103e-01,5.786464250433478379e-14,2.952932007017014526e-01,9.999999970859027032e-01,9.999999999997825073e-01,5.999999999999999778e-01,4.429759495286494375e-01,-4.403606495514648111e-01
9.999999999998843148e-01,1.607439241433326237e-13,9.682640691951561740e-01,9.999999980362510588e-01,9.999999999998572253e-01,5.999999999999999778e-01,4.429759568670645353e-01,-7.265454555909000023e-01
9.999999999997618572e-01,4.360401294245572386e-13,1.672705436535829593e-01,9.999999991862236204e-01,9.999999999999907851e-01,5.999999999999999778e-01,4.429759481326255854e-01,-3.859182641368795741e-01
9.999999999989438448e-01,3.465682647464458522e-14,9.999999999999966693e-01,8.737326512481060625e-01,9.999999999999860112e-01,5.999999999999999778e-01,4.429759581603873730e-01,-7.498470460549916394e-01
9.999999999904640724e-01,8.641942825654308593e-13,9.324024439619114091e-01,9.999999986908336691e-01,9.999999999999831246e-01,5.999999999999999778e-01,4.429759564760111790e-01,-7.112950892237365208e-01
9.999999999701393305e-01,1.017371864730044500e-13,6.005234878232059703e-01,9.999999998380736388e-01,9.999999999999804601e-01,5.999999999999999778e-01,4.429759528570350047e-01,-5.701616178924892031e-01
9.999999999986590726e-01,3.931361116702846514e-14,9.999999999999855671e-01,1.290601739775167622e-01,9.999999999999586997e-01,5.999999999999999778e-01,4.429759637469235511e-01,-8.076769998018874519e-01
9.999999999904934933e-01,2.368818207648856900e-13,4.767252205972941637e-01,9.999999992322335940e-01,9.999999999999945599e-01,5.999999999999999778e-01,4.429759515070760267e-01,-5.175156792195479971e-01
9.999999999998556710e-01,1.715892702946181129e-13,9.999999999999991118e-01,9.532597515822640588e-01,9.999999999999864553e-01,5.999999999999999778e-01,4.429759575637747249e-01,-7.436711114334343398e-01
9.999999999986738386e-01,4.689691853334319753e-14,9.999999999999998890e-01,5.978845314851413129e-01,9.999999999999948930e-01,5.999999999999999778e-01,4.429759602298011800e-01,-7.712689254650862969e-01
9.999999999999745759e-01,1.085424021729318098e-12,9.999999999999659162e-01,1.694288408043070349e-01,9.999999999997730704e-01,5.999999999999999778e-01,4.429759634440776361e-01,-8.045420401969313184e-01
9.999999999978839149e-01,6.304974010480489462e-14,6.343678831846475408e-01,9.999999974496001087e-01,9.999999999999807931e-01,5.999999999999999778e-01,4.429759532260914567e-01,-5.845541455682660148e-01
9.999999999998834266e-01,1.064661184097830685e-12,6.101951632473394671e-01,9.999999973239247497e-01,9.999999999998647748e-01,5.999999999999999778e-01,4.429759529624998637e-01,-5.742745547485293978e-01
9.999999999697077868e-01,2.846245838662645906e-12,5.967203683463463415e-01,9.999999982242487873e-01,9.999999999999972244e-01,5.999999999999999778e-01,4.429759528155639003e-01,-5.685443191702238552e-01
9.999999999696027597e-01,3.847435419258111436e-14,7.775831123350229745e-02,9.999999989076564511e-01,9.999999999996577182e-01,5.999999999999999778e-01,4.429759471565388740e-01,-3.478526626899899332e-01
9.999999999960038632e-01,9.597713766142590657e-14,1.868883221698570685e-01,9.999999989125677446e-01,9.999999999999847899e-01,5.999999999999999778e-01,4.429759483465477432e-01,-3.942608394520469295e-01
9.999999999929550798e-01,2.335099535586609016e-13,2.130369043809626217e-01,9.999999994494018773e-01,9.999999999999281686e-01,5.999999999999999778e-01,4.429759486316851014e-01,-4.053806772524203295e-01
9.999999999982783772e-01,2.716371917971530312e-13,9.999999999999994449e-01,5.125670635360678462e-01,9.999999999999643618e-01,5.999999999999999778e-01,4.429759608698531914e-01,-7.778945298417371257e-01
9.999999999996687094e-01,9.077224300164257983e-13,7.563281353405894025e-01,9.999999990824558482e-01,9.999999999999902300e-01,5.999999999999999778e-01,4.429759545560078005e-01,-6.364184574796588612e-01
9.999999999997384315e-01,3.229304064427636885e-12,9.639450035445362719e-01,9.999999988765352343e-01,9.999999999999447109e-01,5.999999999999999778e-01,4.429759568199672093e-01,-7.247087475436725379e-01
9.999999999994866329e-01,1.845296035793397510e-13,3.200673652779430500e-01,9.999999996013315684e-01,9.999999999999731326e-01,5.999999999999999778e-01,4.429759497987994510e-01,-4.508960080431078099e-01
9.999999999999698019e-01,4.607794072220775154e-13,9.999999999999843459e-01,8.253734882459343725e-01,9.999999999999795719e-01,5.999999999999999778e-01,4.429759585231780039e-01,-7.536025335278803139e-01
9.999999999984778842e-01,1.668689054793379261e-15,9.770567426209955109e-01,9.999999972714670449e-01,9.999999999999709122e-01,5.999999999999999778e-01,4.429759569629442839e-01,-7.302845915588901393e-01
9.999999999996570521e-01,7.832770190116562172e-13,5.464447287154370336e-01,9.999999986765178983e-01,9.999999999999520384e-01,5.999999999999999778e-01,4.429759522673328287e-01,-5.471643087162433305e-01
9.999999999979215515e-01,1.653734833656065872e-11,7.321681584651741348e-01,9.999999994943007398e-01,9.999999999999926725e-01,5.999999999999999778e-01,4.429759542925551519e-01,-6.261442856800175649e-01
9.999999999998339106e-01,1.486855844359305169e-12,3.240752399711150367e-01,9.999999994240804657e-01,9.999999999999962252e-01,5.999999999999999778e-01,4.429759498425033803e-01,-4.526003802608534743e-01
9.999999999996111999e-01,4.422570735994142966e-14,5.223023340912971157e-01,9.999999990493211310e-01,9.999999999999498179e-01,5.999999999999999778e-01,4.429759520040719711e-01,-5.368976138743090099e-01
9.999999999998913092e-01,3.522970741691181794e-13,6.942553014524665000e-01,9.999999863350027551e-01,9.999999999999731326e-01,5.999999999999999778e-01,4.429759538791342433e-01,-6.100216220499196096e-01
9.999999999700948106e-01,9.836998746101051744e-13,2.808060396817064208e-01,9.999999978738147721e-01,9.999999999999832356e-01,5.999999999999999778e-01,4.429759493706740825e-01,-4.341998993572661059e-01
9.999999999918164351e-01,5.070411766782554560e-14,1.338528299680086242e-01,9.999999962990764324e-01,9.999999999999270583e-01,5.999999999999999778e-01,4.429759477682219115e-01,-3.717071857545596325e-01
9.999999999992200683e-01,5.730066721891411957e-14,4.269373509932244959e-02,9.999999985428535965e-01,9.999999999999786837e-01,5.999999999999999778e-01,4.429759467741769541e-01,-3.329412462034585518e-01
9.999999999920035076e-01,2.136752763509433874e-13,6.898655144065276579e-01,9.999999996658917034e-01,9.999999999998482325e-01,5.999999999999999778e-01,4.429759538312657008e-01,-6.081548383439280281e-01
9.999999999999127365e-01,3.055351236874406099e-14,9.999999999999902300e-01,9.138735012096627086e-01,9.999999999997555289e-01,5.999999999999999778e-01,4.429759578592505354e-01,-7.467297783060892202e-01
9.999999999998654410e-01,7.861875588977663750e-14,3.955922698912649471e-01,9.999999954472347241e-01,9.999999999997989386e-01,5.999999999999999778e-01,4.429759506223612808e-01,-4.830134167049852101e-01
9.999999999998013811e-01,3.312161207409280688e-12,8.139308289661070228e-01,9.999999977102188575e-01,9.999999999999447109e-01,5.999999999999999778e-01,4.429759551841367382e-01,-6.609143406608569693e-01
9.999999999999518163e-01,4.307331204887768709e-13,2.904911202545240601e-01,9.999999997256686646e-01,9.999999999997892797e-01,5.999999999999999778e-01,4.429759494762851024e-01,-4.383185364912983717e-01
9.999999999989852562e-01,1.149000834566508900e-13,3.839796696721415326e-01,9.999999987632169907e-01,9.999999999999995559e-01,5.999999999999999778e-01,4.429759504957315741e-01,-4.780750901423672650e-01
9.999999999994358957e-01,9.620436607211312574e-14,4.864310331816424915e-01,9.999999992322335940e-01,9.999999999999945599e-01,5.999999999999999778e-01,4.429759516129131436e-01,-5.216431329057299449e-01
9.999999999999812372e-01,1.234138817111772184e-12,7.518372870507872285e-01,9.999999975185478451e-01,9.999999999999424904e-01,5.999999999999999778e-01,4.429759545070373061e-01,-6.345086980452959713e-01
9.999999999711426391e-01,1.340733337665728131e-12,7.272795264115243796e-01,9.999999996784633138e-01,9.999999999997996047e-01,5.999999999999999778e-01,4.429759542392470162e-01,-6.240653662330902796e-01
9.999999999998357980e-01,3.625683025981516526e-13,3.511269959835217058e-01,9.999999981350430334e-01,9.999999999999187317e-01,5.999999999999999778e-01,4.429759501374894159e-01,-4.641042981554454050e-01
9.999999999972096765e-01,4.988304426933551837e-13,6.637799311727828888e-01,9.999999970426500795e-01,9.999999999999955591e-01,5.999999999999999778e-01,4.429759535468152931e-01,-5.970617913904240348e-01
9.999999999974715781e-01,3.229758345366265898e-13,8.856789265346930451e-01,9.999999961991175024e-01,9.999999999999790168e-01,5.999999999999999778e-01,4.429759559665142898e-01,-6.914256397847672320e-01
9.999999999992175148e-01,1.623485645229372228e-14,3.590487344177817342e-01,9.999999984700900235e-01,9.999999999999413802e-01,5.999999999999999778e-01,4.429759502238720392e-01,-4.674730638280067962e-01
9.999999999999860112e-01,1.522497998891526918e-13,8.955919146832229671e-01,9.999999983271161685e-01,9.999999999998822053e-01,5.999999999999999778e-01,4.429759560746105440e-01,-6.956411959294263037e-01
9.999999999999639178e-01,1.793293038120561015e-12,3.423254260288555173e-01,9.999999971894233397e-01,9.999999999998281375e-01,5.999999999999999778e-01,4.429759500415126339e-01,-4.603613790201569467e-01
9.999999999803450557e-01,1.708613702700614365e-11,7.429227572991641271e-01,9.999999995739187186e-01,9.999999999999804601e-01,5.999999999999999778e-01,4.429759544098287316e-01,-6.307177418605799391e-01
9.999999999986323163e-01,1.331332584597886674e-13,7.478136807264247343e-01,9.999999992159951390e-01,9.999999999998407940e-01,5.999999999999999778e-01,4.429759544631618473e-01,-6.327976357409615948e-01
9.999999999936013406e-01,3.215615028394538642e-13,2.619485485187821316e-01,9.999999981094378487e-01,9.999999999999932276e-01,5.999999999999999778e-01,4.429759491650424597e-01,-4.261806406978329020e-01
9.999999999993648414e-01,8.037514680812933623e-13,9.206560732193749264e-01,9.999999993892821903e-01,9.999999999999602540e-01,5.999999999999999778e-01,4.429759563479228057e-01,-7.062998761662210301e-01
9.999999999999504841e-01,1.069513258614950584e-12,9.999999999999659162e-01,9.938080173558039299e-02,9.999999999999822364e-01,5.999999999999999778e-01,4.429759639695783346e-01,-8.099818476062871087e-01
9.999999999975019982e-01,2.234606981282812556e-12,8.239489301227356233e-01,9.999999961991175024e-01,9.999999999999786837e-01,5.999999999999999778e-01,4.429759552933791866e-01,-6.651745970111716533e-01
9.999999999973986364e-01,9.788843233880047099e-11,5.970214793993139368e-02,9.999999973594324576e-01,9.999999999999802380e-01,5.999999999999999778e-01,4.429759469596453170e-01,-3.401741735423490232e-01
9.999999999997021272e-01,1.858605271053397294e-13,9.544064552636040144e-01,9.999999996562819460e-01,9.999999999999984457e-01,5.999999999999999778e-01,4.429759567159540778e-01,-7.206524239215162941e-01
9.999999999999811262e-01,1.519447533240662844e-14,1.041926721363928277e-02,9.999999972112819657e-01,9.999999999999842348e-01,5.999999999999999778e-01,4.429759464222398635e-01,-3.192163396779689188e-01
9.999999999999653610e-01,5.616282810147820429e-13,7.939223101528766202e-01,9.999999993273468446e-01,9.999999999999983347e-01,5.999999999999999778e-01,4.429759549659537110e-01,-6.524056006399020502e-01
9.999999999998564482e-01,3.212620383856915756e-15,3.160820415991506538e-01,9.999999983990783825e-01,9.999999999999283906e-01,5.999999999999999778e-01,4.429759497553414915e-01,-4.492012258848315787e-01
9.999999999997386535e-01,1.137114260943171796e-14,2.214624054398496855e-01,9.999999988765352343e-01,9.999999999999793499e-01,5.999999999999999778e-01,4.429759487235610527e-01,-4.089636710044340928e-01
9.999999999983648635e-01,1.851942348732988338e-13,5.803279872277887774e-01,9.999999924470914792e-01,9.999999999998714362e-01,5.999999999999999778e-01,4.429759526368131084e-01,-5.615733634718688139e-01
9.999999999992290611e-01,3.155863808707114383e-13,8.293421687699227274e-01,9.999999996928932156e-01,9.999999999999478195e-01,5.999999999999999778e-01,4.429759553521897542e-01,-6.674681030844274998e-01
9.999999999997618572e-01,4.360401294245572386e-13,1.618515521176068783e-01,9.999999991862236204e-01,9.999999999999907851e-01,5.999999999999999778e-01,4.429759480735341315e-01,-3.836138062252333336e-01
9.999999998685390468e-01,9.481389046816904100e-13,5.583600682472255050e-01,9.999999991576202785e-01,9.999999999999988898e-01,5.999999999999999778e-01,4.429759523972637281e-01,-5.522313766507070953e-01
9.999999999997427613e-01,1.027338812360389809e-13,9.999999999999903411e-01,6.439363278989261863e-01,9.999999999999342748e-01,5.999999999999999778e-01,4.429759598843203694e-01,-7.676926240191014328e-01
9.999999999993525179e-01,8.915571295222979344e-14,1.446212467989523576e-01,9.999999999089831393e-01,9.999999999999731326e-01,5.999999999999999778e-01,4.429759478856461485e-01,-3.762865178447843961e-01
9.999999999998631095e-01,7.324701620829108378e-14,3.288287739056187098e-01,9.999999974788004176e-01,9.999999999999413802e-01,5.999999999999999778e-01,4.429759498943383056e-01,-4.546218485774372597e-01
9.999999999960734742e-01,3.728098522459286268e-12,9.934306887137214215e-01,9.999999962685539590e-01,9.999999999999615863e-01,5.999999999999999778e-01,4.429759571414940700e-01,-7.372477081805998145e-01
9.999999999999771294e-01,1.652113660727326511e-12,6.038866698972696900e-01,9.999999982287521849e-01,9.999999999999924505e-01,5.999999999999999778e-01,4.429759528937088908e-01,-5.715918309065096681e-01
9.999999999999811262e-01,2.199209886271188831e-13,8.341497798709200939e-01,9.999999994173535134e-01,9.999999999997908340e-01,5.999999999999999778e-01,4.429759554046143744e-01,-6.695125679041308286e-01
9.999999999998711031e-01,4.463558264268305579e-13,6.680700095408471650e-01,9.999999996850885697e-01,9.999999999999867883e-01,5.999999999999999778e-01,4.429759535935964831e-01,-5.988861721559793905e-01
9.999999999998667732e-01,4.312642769096160417e-11,4.245744105001709734e-01,9.999999981245594194e-01,9.999999999999996669e-01,5.999999999999999778e-01,4.429759509383972005e-01,-4.953382416554551471e-01
9.999999999083326596e-01,3.628914612552554616e-13,1.576840084626447425e-01,9.999999969354349538e-01,9.999999999999781286e-01,5.999999999999999778e-01,4.429759480280891504e-01,-3.818415340350894693e-01
9.999999999996689315e-01,9.032071592317776165e-13,3.627305686659130224e-01,9.999999988666986583e-01,9.999999999998580025e-01,5.999999999999999778e-01,4.429759502640206459e-01,-4.690387853903578153e-01
9.999999999999759082e-01,7.051360054532749004e-13,3.873916392309285917e-02,9.999999977516936811e-01,9.999999999999737987e-01,5.999999999999999778e-01,4.429759467310543375e-01,-3.312595416946987337e-01
9.999999999983648635e-01,1.851942348732988338e-13,5.847955619256333115e-01,9.999999989010175394e-01,9.999999999998719913e-01,5.999999999999999778e-01,4.429759526855297502e-01,-5.634732252951623055e-01
9.999999999904047865e-01,3.104785376780852304e-14,5.092811543260695739e-01,9.999999993438419832e-01,9.999999999999993339e-01,5.999999999999999778e-01,4.429759518620824399e-01,-5.313602808396692412e-01
9.999999999995721200e-01,3.425934882216522493e-12,4.362061381648719705e-01,9.999999977646228944e-01,9.999999999999983347e-01,5.999999999999999778e-01,4.429759510652354626e-01,-5.002847020460775562e-01
9.999999999999351630e-01,9.505928028118230730e-13,9.727327461869810232e-01,9.999256042185911131e-01,9.999999999999604761e-01,5.999999999999999778e-01,4.429759569163513322e-01,-7.284515639658758479e-01
9.999999999999670264e-01,9.382797474334772427e-13,9.169632366815724245e-01,9.999999990775543246e-01,9.999999999999831246e-01,5.999999999999999778e-01,4.429759563076542395e-01,-7.047294758093677336e-01
9.999999999997883915e-01,3.289237812302593808e-13,7.602615574159860001e-01,9.999999996620381193e-01,9.999999999999907851e-01,5.999999999999999778e-01,4.429759545988998237e-01,-6.380911682260811402e-01
9.999999999999106270e-01,1.754742109701013083e-11,9.009801763858683588e-01,9.998122201315711166e-01,9.999999999999898970e-01,5.999999999999999778e-01,4.429759561347755836e-01,-6.979471683237664648e-01
9.999999999974715781e-01,3.229758345366265898e-13,8.807801129692799380e-01,9.999999961991175024e-01,9.999999999999790168e-01,5.999999999999999778e-01,4.429759559130951874e-01,-6.893423906047698724e-01
9.999999999978569365e-01,8.366749168970127577e-13,6.587946477760376895e-01,9.999999988928828243e-01,9.999999999999669154e-01,5.999999999999999778e-01,4.429759534924532227e-01,-5.949417702633136296e-01
9.999999999972789544e-01,4.980353133733891172e-13,9.999999999995162758e-01,6.078147322602674985e-01,9.999999999999866773e-01,5.999999999999999778e-01,4.429759601553047710e-01,-7.704977635516202517e-01
9.999999999997828404e-01,3.697195547595163709e-13,6.295754620313268601e-01,9.999999996046951001e-01,9.999999999999827915e-01,5.999999999999999778e-01,4.429759531738324263e-01,-5.825161402164095170e-01
9.999999999992290611e-01,7.344739643874501244e-13,8.197778678783663731e-01,9.999999996928932156e-01,9.999999999999610312e-01,5.999999999999999778e-01,4.429759552478957918e-01,-6.634008280732285323e-01
9.999999999999482636e-01,1.632871827046933785e-13,9.466739657972705890e-01,9.999999975906785910e-01,9.999999999998547828e-01,5.999999999999999778e-01,4.429759566316350816e-01,-7.173641376163525374e-01
9.999999999997469802e-01,9.499425507645741344e-13,9.999999999999655831e-01,5.578959241510543787e-01,9.999999999994445554e-01,5.999999999999999778e-01,4.429759605297958758e-01,-7.743743703176436677e-01
9.999999999993771649e-01,9.220237937770037433e-14,1.947979139272790761e-01,9.999999992077976962e-01,9.999999999999994449e-01,5.999999999999999778e-01,4.429759484327979169e-01,-3.976244396818383597e-01
9.999999999983447685e-01,2.771477538385462124e-12,9.999999999999772404e-01,8.886501471988016432e-01,9.999999999999903411e-01,5.999999999999999778e-01,4.429759580484762260e-01,-7.486885795781245134e-01
9.999999999998621103e-01,8.684515663335485494e-15,8.685106822433060758e-01,9.999999995602575353e-01,9.999999999999974465e-01,5.999999999999999778e-01,4.429759557793030433e-01,-6.841247430156246478e-01
9.999999999929802819e-01,3.730484012416235409e-13,2.040148798211897652e-01,9.999999969074754302e-01,9.999999999999487077e-01,5.999999999999999778e-01,4.429759485333044089e-01,-4.015440086276426124e-01
9.999999999999170663e-01,1.029213032380564598e-12,3.991887149831582215e-01,9.999999955255889361e-01,9.999999999999829026e-01,5.999999999999999778e-01,4.429759506615787434e-01,-4.845428260528771292e-01
9.999999999636000059e-01,3.344770751102744568e-13,9.999999999999814593e-01,4.185512374063002361e-01,9.999999999999497069e-01,5.999999999999999778e-01,4.429759615751603374e-01,-7.851956334034037033e-01
9.999999999999458211e-01,7.791464984739508923e-13,3.883915843894678588e-01,9.999999356359409175e-01,9.999999999998715472e-01,5.999999999999999778e-01,4.429759505438418121e-01,-4.799512876362016511e-01
9.999999999999897859e-01,3.137444240498243793e-12,3.793757365148964222e-01,9.999999987878480656e-01,9.999999999999971134e-01,5.999999999999999778e-01,4.429759504455279551e-01,-4.761172405818686615e-01
9.999999999937151385e-01,1.511457026376831934e-13,6.851859483531974604e-01,9.999999974197902874e-01,9.999999999998832045e-01,5.999999999999999778e-01,4.429759537802373526e-01,-6.061648256283421743e-01
9.999999999902989822e-01,3.769477089327906428e-13,1.005155837445474987e-01,9.999999956396224965e-01,9.999999999999907851e-01,5.999999999999999778e-01,4.429759474046957024e-01,-3.575303264596977337e-01
9.999999999949588103e-01,1.144085664607889598e-12,2.764335386186301258e-01,9.999999954989109430e-01,9.999999999999751310e-01,5.999999999999999778e-01,4.429759493229941669e-01,-4.323404678372212429e-01
9.999999999998729905e-01,4.422570735994142966e-14,6.198976715652637637e-01,9.999999990493211310e-01,9.999999999999498179e-01,5.999999999999999778e-01,4.429759530683009539e-01,-5.784006031418357230e-01
9.999999999998356870e-01,6.251720572917227346e-13,9.229417494774991293e-02,9.999999998037544247e-01,9.999999999999963363e-01,5.999999999999999778e-01,4.429759473150452487e-01,-3.540341238596534934e-01
9.999999999999694689e-01,6.875035946717330549e-13,2.725043690827040344e-01,9.999999999435527087e-01,9.999999999999615863e-01,5.999999999999999778e-01,4.429759492801484955e-01,-4.306695651176500883e-01
9.999999999998452349e-01,4.872575517969079970e-16,2.576158267586824424e-01,9.999999988143185581e-01,9.999999999988664623e-01,5.999999999999999778e-01,4.429759491177962527e-01,-4.243381253200465553e-01
9.999999999999860112e-01,1.511457026376831934e-13,9.365564848624141625e-01,9.999999983271161685e-01,9.999999999999686917e-01,5.999999999999999778e-01,4.429759565213089445e-01,-7.130616194931594931e-01
9.999999999999299449e-01,6.110220443442188285e-14,1.538930128228131466e-01,9.999999986721294087e-01,9.999999999999441558e-01,5.999999999999999778e-01,4.429759479867502181e-01,-3.802293907850239352e-01
9.999999999998654410e-01,4.554935410368339965e-13,8.640469769486354146e-01,9.999999997947767172e-01,9.999999999999604761e-01,5.999999999999999778e-01,4.429759557306285345e-01,-6.822265261593617458e-01
9.999999999987715382e-01,7.159630392006491568e-13,9.999999999999439337e-01,3.852990128822307847e-01,9.999999999999953371e-01,5.999999999999999778e-01,4.429759618246186803e-01,-7.877779426274954533e-01
9.999999999992096322e-01,2.915419936497970224e-14,1.716224691920285039e-01,9.999999983349827648e-01,9.999999999999625855e-01,5.999999999999999778e-01,4.429759481800811804e-01,-3.877689460441978708e-01
9.999999999999699130e-01,7.055605645485693287e-13,6.460712017427109322e-01,9.999999999412717555e-01,9.999999999999615863e-01,5.999999999999999778e-01,4.429759533537103722e-01,-5.895310501842024875e-01
9.999999999997191136e-01,1.027338812360389809e-13,9.999999999999903411e-01,9.795924227522028183e-01,9.999999999999600320e-01,5.999999999999999778e-01,4.429759573662268579e-01,-7.416261625434384941e-01
9.999999999967424946e-01,7.873029338118632395e-13,9.994953960234367329e-01,9.999999987454707417e-01,9.999999999999520384e-01,5.999999999999999778e-01,4.429759572076267249e-01,-7.398267603166596151e-01
9.999999999979782839e-01,3.420044208661221631e-13,6.510953216169756974e-01,9.999999997294157783e-01,9.999999999999724665e-01,5.999999999999999778e-01,4.429759534084958816e-01,-5.916675866236970061e-01
9.999999999996713740e-01,6.721309888676431271e-13,9.999999999999880096e-01,9.882139456365661712e-01,9.999999999994024780e-01,5.999999999999999778e-01,4.429759573015482066e-01,-7.409566302530302684e-01
9.999999999966440178e-01,1.682004236736416848e-13,5.708402225432269717e-01,9.999999995777018036e-01,9.999999999998557820e-01,5.999999999999999778e-01,4.429759525333536452e-01,-5.575386353788599481e-01
9.999999999999370504e-01,7.144807701833669194e-13,9.999999999999998890e-01,1.507280912990092703e-01,9.999999999999278355e-01,5.999999999999999778e-01,4.429759635843707466e-01,-8.059943074852159439e-01
9.999999999980515586e-01,7.034400422741271295e-14,5.925628794683266420e-01,9.999999993437020951e-01,9.999999999997625233e-01,5.999999999999999778e-01,4.429759527702284982e-01,-5.667763225710588104e-01
9.999999999999777955e-01,5.448267247835610433e-13,8.027499539216922386e-01,9.999999991449606274e-01,9.999999999999203970e-01,5.999999999999999778e-01,4.429759550622147657e-01,-6.561596079055503905e-01
9.999999999997839506e-01,7.678414908341601101e-13,4.682939788234978806e-01,9.999999996672412905e-01,9.999999999999704681e-01,5.999999999999999778e-01,4.429759514151375144e-01,-5.139302442053638176e-01
9.999999999992628119e-01,1.053528246079319452e-12,9.599159734263745802e-01,9.999999994107455770e-01,9.999999999999841238e-01,5.999999999999999778e-01,4.429759567760326311e-01,-7.229953788294368744e-01
9.999999999698852005e-01,1.632154925752517498e-13,9.807250523696593447e-01,9.999999980842551039e-01,9.999999999999831246e-01,5.999999999999999778e-01,4.429759570029453974e-01,-7.318445617154997196e-01
9.999999999999328315e-01,5.430029338860185333e-14,4.298378160673309578e-01,9.999999990999264288e-01,9.999999999999236167e-01,5.999999999999999778e-01,4.429759509957920116e-01,-4.975765356454372457e-01
9.999999999999439337e-01,3.298119743225448483e-14,9.999999999999995559e-01,7.671175249826371889e-01,9.999999999999173994e-01,5.999999999999999778e-01,4.429759589602145220e-01,-7.581265890871055069e-01
9.999999999998947509e-01,9.882038607827766612e-14,6.725208160701238169e-01,9.999999972062343367e-01,9.999999999999771294e-01,5.999999999999999778e-01,4.429759536421303268e-01,-6.007789039111891549e-01
9.999999999985514920e-01,1.792090865185003008e-13,1.151345177488394267e-01,9.999999988065692014e-01,9.999999999999920064e-01,5.999999999999999778e-01,4.429759475641079636e-01,-3.637471135798405752e-01
9.999999999999804601e-01,4.965774158655472049e-13,9.891803872867617198e-01,9.999999988705871035e-01,9.999999999999810152e-01,5.999999999999999778e-01,4.429759570951466441e-01,-7.354402423842395509e-01
9.999999999998621103e-01,3.181657768961788044e-13,8.514227415052879611e-01,9.999999996857757978e-01,9.999999999999420464e-01,5.999999999999999778e-01,4.429759555929674852e-01,-6.768579960547412844e-01
9.999999999972977172e-01,7.880092408355381631e-12,5.620788580480136076e-01,9.999999990096541946e-01,9.999999999997688516e-01,5.999999999999999778e-01,4.429759524378152902e-01,-5.538128138209889029e-01
9.999999999999604761e-01,1.652113660727326511e-12,6.410231546291381699e-01,9.999999982287521849e-01,9.999999999996020961e-01,5.999999999999999778e-01,4.429759532986639048e-01,-5.873843386962153135e-01
9.999999999998711031e-01,1.457790139573996422e-13,6.549707941776510278e-01,9.999999982501097673e-01,9.999999999999056310e-01,5.999999999999999778e-01,4.429759534507560215e-01,-5.933156541590826061e-01
9.999999999970365927e-01,2.612627518435292237e-13,7.888308839061959343e-01,9.999999951161930856e-01,9.999999999999719114e-01,5.999999999999999778e-01,4.429759549104342331e-01,-6.502404421140607349e-01
9.999999999953627094e-01,1.017371864730044500e-13,4.670612449157240942e-02,9.999999989076564511e-01,9.999999999999804601e-01,5.999999999999999778e-01,4.429759468179301218e-01,-3.346475382812040822e-01
9.999999999999557021e-01,6.128052311590193866e-13,5.045855017396376763e-01,9.999999956821177260e-01,9.999999999999884537e-01,5.999999999999999778e-01,4.429759518108786764e-01,-5.293634273399719925e-01
9.999999999998211431e-01,2.519454290224967586e-13,2.477336940190554837e-01,9.999999987207721652e-01,9.999999999999636957e-01,5.999999999999999778e-01,4.429759490100365071e-01,-4.201356904611036613e-01
