9.999999999871659329e-01,3.547814050787238695e-11,9.999999999998124833e-01,1.096345236817342084e-13,9.999999999995774491e-01,9.000000000000000222e-01,4.429759678198099682e-01,-8.484345176708328884e-01
9.999999999946531659e-01,3.604108129144064813e-12,9.999999999999857891e-01,2.106865738446028757e-02,9.999999999997801758e-01,9.000000000000000222e-01,4.429759676617528452e-01,-8.467983628252316874e-01
9.999999999959900965e-01,5.572180762677841903e-01,9.999999999999998890e-01,4.979350265443827084e-14,9.999999999997956079e-01,9.000000000000000222e-01,4.429759722359848384e-01,-8.485164767556071519e-01
9.999999999989972466e-01,2.694915564036084510e-11,9.999999999999903411e-01,8.745075625522520379e-01,9.999999999999811262e-01,9.000000000000000222e-01,4.429759612592504281e-01,-7.805217997476160408e-01
9.999999999873714351e-01,1.266077501255264921e-13,9.999999999999880096e-01,3.166821517702576583e-01,9.999999999995566879e-01,9.000000000000000222e-01,4.429759654440590944e-01,-8.238415392155803429e-01
9.999999999995895505e-01,2.445635904942910368e-12,9.999999999999880096e-01,2.621830681461614909e-01,9.999999999999914513e-01,9.000000000000000222e-01,4.429759658529114352e-01,-8.280738421156780271e-01
9.999999999999658051e-01,8.268192176555993148e-12,7.177138982374182685e-01,9.999999999170494647e-01,9.999999999999946709e-01,9.000000000000000222e-01,4.429759572396150258e-01,-6.507324587091934953e-01
9.999999999994727551e-01,1.242617911868407028e-11,9.999999999999796829e-01,3.554882017200701183e-01,9.999999999999865663e-01,9.000000000000000222e-01,4.429759651529359132e-01,-8.208279296863315588e-01
9.999999999997598588e-01,3.532602959517286278e-11,9.999999999999971134e-01,8.161169432389074885e-01,9.999999999999962252e-01,9.000000000000000222e-01,4.429759616972970826e-01,-7.850563124592903064e-01
9.999999999851503230e-01,1.533999716645391691e-11,6.621934044592059365e-02,9.999999958886010010e-01,9.999999999995226041e-01,9.000000000000000222e-01,4.429759501353885409e-01,-3.736805799072405732e-01
9.999999999994505506e-01,1.085181430480580510e-13,9.999999999999811262e-01,1.966584137956522982e-01,9.999999999999884537e-01,9.000000000000000222e-01,4.429759663444777229e-01,-8.331623714303798556e-01
9.999999999963513631e-01,2.720232116401838596e-11,9.386997328999294732e-01,9.999999973235119688e-01,9.999999999999891198e-01,9.000000000000000222e-01,4.429759596493564877e-01,-7.447079802990556052e-01
9.999999999998445688e-01,2.609083005812453712e-12,6.976848954077550236e-01,9.999999986544911845e-01,9.999999999999577005e-01,9.000000000000000222e-01,4.429759570212086217e-01,-6.422150079633347497e-01
9.999999999994229061e-01,4.644427967570426785e-12,1.657550974323763193e-01,9.999999986839086530e-01,9.999999999999504841e-01,9.000000000000000222e-01,4.429759512207768202e-01,-4.160087437283753742e-01
9.999999999984017229e-01,1.510579491253863475e-12,9.999999999999649170e-01,9.644376126032139229e-03,9.999999999995591304e-01,9.000000000000000222e-01,4.429759677474578439e-01,-8.476855523979168749e-01
9.999999999999964473e-01,6.701388904717308196e-12,7.957929571347588382e-01,9.999999976739731844e-01,9.999999999993945954e-01,9.000000000000000222e-01,4.429759580910286321e-01,-6.839360363006440346e-01
9.999999999996133093e-01,2.074073011814985389e-11,5.612400630708218596e-01,9.999999963634375044e-01,9.999999999999951150e-01,9.000000000000000222e-01,4.429759555333451226e-01,-5.841910434860705381e-01
9.999999999988398169e-01,1.730953726156123746e-11,9.999999999999880096e-01,2.341767521593950963e-01,9.999999999999995559e-01,9.000000000000000222e-01,4.429759660630149809e-01,-8.302487633164260528e-01
9.999999999992832400e-01,1.917746703808946694e-12,8.543851718673859397e-01,9.999999985595098284e-01,9.999999999999906741e-01,9.000000000000000222e-01,4.429759587299477719e-01,-7.088527189565491105e-01
9.999999999840928355e-01,2.290714019469908593e-14,9.999999999999914513e-01,6.240448706728080053e-01,9.999999999999589217e-01,9.000000000000000222e-01,4.429759631382226281e-01,-7.999722915118588906e-01
9.999999999991852073e-01,8.849612987490318191e-12,9.999999999999606981e-01,6.360886180550079372e-01,9.999999999999993339e-01,9.000000000000000222e-01,4.429759630478704024e-01,-7.990369952907635520e-01
9.999999999997902789e-01,1.734082654163185213e-12,1.519282385820613646e-01,9.999999963300912897e-01,9.999999999997108979e-01,9.000000000000000222e-01,4.429759510700017611e-01,-4.101287911450041124e-01
9.999999999984013899e-01,2.000238857273135896e-13,9.999999999999957812e-01,6.759558343568383698e-01,9.999999999999480416e-01,9.000000000000000222e-01,4.429759627487863671e-01,-7.959409774505711299e-01
9.999999999873714351e-01,3.356338306963095065e-13,9.999999999999878986e-01,2.781866041422609848e-01,9.999999999999491518e-01,9.000000000000000222e-01,4.429759657328528610e-01,-8.268310356810054662e-01
9.999999999970722309e-01,8.434012948970633921e-14,9.999999999999924505e-01,9.456943042459441395e-01,9.999999999999408251e-01,9.000000000000000222e-01,4.429759607252071740e-01,-7.749935626962399793e-01
9.999999999978457232e-01,1.317888522667312816e-14,1.080573992865445226e-01,9.999999998546358349e-01,9.999999999999912292e-01,9.000000000000000222e-01,4.429759505916118778e-01,-3.914724593346284864e-01
9.999999999983890664e-01,1.505576761742984621e-12,9.999999999165599673e-01,2.101310764981493551e-01,9.999999999999147349e-01,9.000000000000000222e-01,4.429759662434057388e-01,-8.321161081250648683e-01
9.999999999998642197e-01,5.468035037986997897e-13,6.289154249924048257e-01,9.999999991746321149e-01,9.999999999995099476e-01,9.000000000000000222e-01,4.429759562713115328e-01,-6.129703875704740623e-01
9.999999999994640953e-01,1.033735617493931582e-12,9.999999999999812372e-01,3.696177733698546297e-01,9.999999999999878986e-01,9.000000000000000222e-01,4.429759650469358156e-01,-8.197306520240396077e-01
9.999999999911654003e-01,2.162462012927572816e-11,9.999999999999781286e-01,6.118797573205204676e-01,9.999999999999581446e-01,9.000000000000000222e-01,4.429759632294853477e-01,-8.009170128012835788e-01
9.999999999977806642e-01,3.959433355098918342e-14,9.999999999999573674e-01,3.492539108962539052e-02,9.999999999999157341e-01,9.000000000000000222e-01,4.429759675577995548e-01,-8.457222732765042883e-01
9.999999999951157958e-01,1.877881262683212825e-12,9.999999999999543698e-01,3.411204648337414214e-01,9.999999999995937694e-01,9.000000000000000222e-01,4.429759652607227483e-01,-8.219437028414698920e-01
9.999999999993117727e-01,1.983510000087392254e-12,7.020362155899597667e-01,9.999999998949763436e-01,9.999999999996185274e-01,9.000000000000000222e-01,4.429759570686576109e-01,-6.440654322776037111e-01
9.999999999881413748e-01,7.552624982097039137e-14,9.122013567790971944e-01,9.999999980212236350e-01,9.999999999999873435e-01,9.000000000000000222e-01,4.429759593604047363e-01,-7.334393904928354635e-01
9.999999999999935607e-01,1.424148869923031065e-11,8.000300389463974593e-01,9.999999998208464191e-01,9.999999999999676925e-01,9.000000000000000222e-01,4.429759581372318955e-01,-6.857378800076662229e-01
9.999999999986948218e-01,3.761635347040574411e-13,3.243861957169079102e-01,9.999999968933720451e-01,9.999999999999941158e-01,9.000000000000000222e-01,4.429759529505706284e-01,-4.834675481500784189e-01
9.999999999980493381e-01,3.988524787843647086e-13,7.912175270626179424e-01,9.999999978080983398e-01,9.999999999999981126e-01,9.000000000000000222e-01,4.429759580411358200e-01,-6.819903078355394888e-01
9.999999999994564348e-01,1.265687869518911366e-11,4.879256718723060660e-01,9.999999965279013914e-01,9.999999999999115152e-01,9.000000000000000222e-01,4.429759547338879000e-01,-5.530136689197778788e-01
9.999999999997494227e-01,4.300801652762079507e-10,9.999999999999968914e-01,4.027305578821082088e-01,9.999999999999554801e-01,9.000000000000000222e-01,4.429759647985235804e-01,-8.171591714666420758e-01
9.999999999999998890e-01,4.183195886622521148e-14,8.286981102862366333e-01,9.999999994283327309e-01,9.999999999991577848e-01,9.000000000000000222e-01,4.429759584498430547e-01,-6.979291453994721506e-01
9.999999999988388177e-01,3.726337053638457288e-13,9.999999997983296529e-01,5.001149796457323715e-01,9.999999999997890576e-01,9.000000000000000222e-01,4.429759640679452048e-01,-8.095964686118023446e-01
9.999999999970180520e-01,4.002387598986926803e-13,8.650102977145763816e-01,9.999999777880962393e-01,9.999999999999751310e-01,9.000000000000000222e-01,4.429759588458097030e-01,-7.133711176106388718e-01
9.999999999997027933e-01,9.100902773892370941e-12,1.392932564050979038e-01,9.999999975210057679e-01,9.999999999999586997e-01,9.000000000000000222e-01,4.429759509322235278e-01,-4.047556908282538002e-01
9.999999999975072162e-01,4.972349287911827201e-13,5.931413161618295238e-01,9.999999977208112734e-01,9.999999999999583666e-01,9.000000000000000222e-01,4.429759558812125242e-01,-5.977572382311681087e-01
9.999999999995619060e-01,7.135536486274525479e-11,3.288249248515982548e-01,9.999999957083494095e-01,9.999999999999474865e-01,9.000000000000000222e-01,4.429759529989727995e-01,-4.853551438223345782e-01
9.999999999812771989e-01,4.734692872337140754e-13,7.225406234550568740e-01,9.999999960486622985e-01,9.999999999996038724e-01,9.000000000000000222e-01,4.429759572922480904e-01,-6.527850521973951325e-01
9.999999999998691047e-01,2.234631828645626474e-11,9.999999999999911182e-01,8.389161734875457688e-01,9.999999999999866773e-01,9.000000000000000222e-01,4.429759615262571781e-01,-7.832857643710907647e-01
9.999999999995066169e-01,7.024568686963434307e-12,5.682853975457624607e-02,9.999999966565610299e-01,9.999999999991382449e-01,9.000000000000000222e-01,4.429759500329865096e-01,-3.696870868136606925e-01
9.999999999998852029e-01,1.214135799111509949e-11,8.891558163670270076e-01,9.999999995601908109e-01,9.999999999994662048e-01,9.000000000000000222e-01,4.429759591091044779e-01,-7.236391392436173353e-01
9.999999999999996669e-01,8.887276042619749792e-12,9.257714830816947682e-01,9.999999974091888788e-01,9.999999999994539923e-01,9.000000000000000222e-01,4.429759595083802570e-01,-7.392101662858777678e-01
9.999999999998957501e-01,8.375302058959847567e-11,8.139211450149368421e-01,9.999999978164905157e-01,9.999999999999937828e-01,9.000000000000000222e-01,4.429759582887075609e-01,-6.916451544360443515e-01
9.999999999995879962e-01,2.833140862641404523e-01,9.999999999999920064e-01,3.835820550079915847e-14,9.999999999999960032e-01,9.000000000000000222e-01,4.429759700651867971e-01,-8.484761892605449107e-01
9.999999999997027933e-01,4.933925481732794160e-12,4.366201163187873324e-01,9.999999995725185054e-01,9.999999999999811262e-01,9.000000000000000222e-01,4.429759541744260898e-01,-5.311956804821914568e-01
9.999999999986869392e-01,7.449715756629687675e-12,9.999999999999988898e-01,3.291595253832134138e-01,9.999999999995714539e-01,9.000000000000000222e-01,4.429759653504538042e-01,-8.228725683443832706e-01
9.999999999998177014e-01,4.750544807244396929e-12,9.170046907456403940e-01,9.999999993552333155e-01,9.999999999992773558e-01,9.000000000000000222e-01,4.429759594127827271e-01,-7.354820363114188408e-01
9.999999999985478283e-01,6.426922990281484829e-14,5.060430579650744276e-01,9.999999983207218390e-01,9.999999999999752420e-01,9.000000000000000222e-01,4.429759549314490341e-01,-5.607181934024542125e-01
9.999999999844386700e-01,2.290714019469908593e-14,9.999999999999958922e-01,1.546793384897076906e-01,9.999999999999381606e-01,9.000000000000000222e-01,4.429759666594049183e-01,-8.364223925232751045e-01
9.999999999983730792e-01,1.180799670337589804e-12,9.071926536599052016e-01,9.999999974911635281e-01,9.999999999999957812e-01,9.000000000000000222e-01,4.429759593057873146e-01,-7.313094101763776278e-01
9.999999999998082645e-01,7.291087722724935130e-13,8.799319917729905294e-01,9.999999963300912897e-01,9.999999999999551470e-01,9.000000000000000222e-01,4.429759590085232679e-01,-7.197166540236173971e-01
9.999999999998714362e-01,6.977097720675896108e-11,6.507772611556452702e-01,9.999999995681506659e-01,9.999999999999912292e-01,9.000000000000000222e-01,4.429759565097040608e-01,-6.222672615009695596e-01
9.999999999993141042e-01,1.897372244847738855e-14,8.699390981031356329e-01,9.999999986848415734e-01,9.999999999999888978e-01,9.000000000000000222e-01,4.429759588995556552e-01,-7.154671172398997525e-01
9.999999999963151698e-01,2.620199276768526598e-11,1.305753589771639356e-01,9.999999973235119688e-01,9.999999999999891198e-01,9.000000000000000222e-01,4.429759508371591270e-01,-4.010483538659862512e-01
9.999999999990578647e-01,2.791049324325289697e-11,7.271981644466455341e-01,9.999999999170494647e-01,9.999999999999946709e-01,9.000000000000000222e-01,4.429759573430362418e-01,-6.547656985017474840e-01
9.999999999926255656e-01,9.676485878404068487e-13,4.065580094803067368e-10,9.999999955005677288e-01,9.999999999999843459e-01,9.000000000000000222e-01,4.429759494132993192e-01,-3.455204174725626798e-01
9.999999999999185096e-01,1.257390847303561085e-11,9.999999999999854561e-01,4.904576836090523972e-02,9.999999999997780664e-01,9.000000000000000222e-01,4.429759674518684021e-01,-8.446257096342580928e-01
9.999999999884370272e-01,1.098857693297032531e-11,9.647536654169939219e-01,9.999999977161886378e-01,9.999999999999892308e-01,9.000000000000000222e-01,4.429759599334617270e-01,-7.557875677747863952e-01
9.999999999976109111e-01,7.190194402961998263e-13,4.722568445081086752e-01,9.999999986850853784e-01,9.999999999999767963e-01,9.000000000000000222e-01,4.429759545630270190e-01,-5.463504080806599328e-01
9.999999999969259035e-01,2.276975974711314730e-12,1.610288798938293853e-01,9.999999989198122829e-01,9.999999999999912292e-01,9.000000000000000222e-01,4.429759511692397678e-01,-4.139988920006160145e-01
9.999999999981638021e-01,3.312996247924405707e-14,8.025640462373748174e-02,9.999999993546083710e-01,9.999999999999851230e-01,9.000000000000000222e-01,4.429759502884557665e-01,-3.796499234505120723e-01
9.999999999851503230e-01,1.906383351048271406e-12,1.470546983747413050e-01,9.999999958886010010e-01,9.999999999995936584e-01,9.000000000000000222e-01,4.429759510168582159e-01,-4.080562896422880170e-01
9.999999999987106980e-01,6.292562096426955376e-13,6.709817510495688087e-01,9.999999993505502838e-01,9.999999999997067901e-01,9.000000000000000222e-01,4.429759567300240453e-01,-6.308593392636666630e-01
9.999999999999257261e-01,7.480698083599233456e-12,1.710661554965224318e-01,9.999999974091888788e-01,9.999999999994539923e-01,9.000000000000000222e-01,4.429759512786912712e-01,-4.182673023972526272e-01
9.999999999991927568e-01,4.629027457798746318e-12,9.999999999999998890e-01,8.632437440377752624e-01,9.999999999999987788e-01,9.000000000000000222e-01,4.429759613437516119e-01,-7.813965280656861578e-01
9.999999999999200639e-01,7.483824645083516897e-12,2.608364723442650746e-02,9.999999980478690986e-01,9.999999999995135003e-01,9.000000000000000222e-01,4.429759496977286326e-01,-3.566126409654973850e-01
9.999999999998236966e-01,2.900008034270162991e-11,7.070518951529998208e-01,9.999999986987656575e-01,9.999999999999993339e-01,9.000000000000000222e-01,4.429759571233511384e-01,-6.461983795011828624e-01
9.999999999970217157e-01,2.259874372992613829e-10,9.999999801390142551e-01,9.319339811002870233e-01,9.999999999999936717e-01,9.000000000000000222e-01,4.429759608284369321e-01,-7.760621567231836826e-01
9.999999999999570344e-01,6.947677326788456783e-12,2.883294247970843438e-01,9.999999993515666930e-01,9.999999999995705657e-01,9.000000000000000222e-01,4.429759525573893075e-01,-4.681341947966611849e-01
9.999999999983165688e-01,6.702081700699001369e-13,9.999999999999975575e-01,3.043667666400775573e-01,9.999999999999679146e-01,9.000000000000000222e-01,4.429759655364491899e-01,-8.247979303464033629e-01
9.999999999953691487e-01,1.695321784760100649e-12,2.620844203253673843e-01,9.999999995245649753e-01,9.999999999995766720e-01,9.000000000000000222e-01,4.429759522712005126e-01,-4.569733528100806685e-01
9.999999999869373379e-01,6.278740897169666710e-12,9.999999999999998890e-01,8.974812085502569259e-01,9.999999999999968914e-01,9.000000000000000222e-01,4.429759610869020148e-01,-7.787377068393649404e-01
9.999999999994974020e-01,3.026041016555707011e-12,9.999999999999563682e-01,8.762365780645431368e-02,9.999999999999583666e-01,9.000000000000000222e-01,4.429759671624569073e-01,-8.416298186479537202e-01
9.999999999997516431e-01,1.535473311788646699e-12,5.733059602119936482e-01,9.999999998971358384e-01,9.999999999999994449e-01,9.000000000000000222e-01,4.429759556649177643e-01,-5.893221366893061086e-01
9.999999999973571141e-01,2.827321076432372613e-14,9.999999751661214908e-01,2.247911642896451845e-01,9.999999999997176703e-01,9.000000000000000222e-01,4.429759661334254361e-01,-8.309776209873888098e-01
9.999999999985687005e-01,8.965493724633641110e-12,3.099130589206114395e-01,9.999999962064246573e-01,9.999999999997494227e-01,9.000000000000000222e-01,4.429759527927482066e-01,-4.773127619545151079e-01
9.999999999995879962e-01,4.091415215351973215e-10,9.999999999999998890e-01,6.497931370556848663e-01,9.999999999999705791e-01,9.000000000000000222e-01,4.429759629450590319e-01,-7.979727264684718380e-01
9.999999999978651521e-01,2.585213931702374591e-14,5.368349389456876786e-01,9.999999983164844508e-01,9.999999999999924505e-01,9.000000000000000222e-01,4.429759552672192791e-01,-5.738126212615929367e-01
9.999999999999560352e-01,4.881545755065567542e-13,8.595411582304296472e-01,9.999999995075187220e-01,9.999999999999948930e-01,9.000000000000000222e-01,4.429759587861712977e-01,-7.110453323035746953e-01
9.999999999998191447e-01,1.684803345511530674e-11,4.325813466624125470e-01,9.999999975053883716e-01,9.999999999999560352e-01,9.000000000000000222e-01,4.429759541303853188e-01,-5.294781701750780334e-01
9.999999999998713252e-01,1.319418401386507553e-11,8.371462627485900532e-01,9.999999999196196310e-01,9.999999999999852340e-01,9.000000000000000222e-01,4.429759585419659751e-01,-7.015217717106877471e-01
9.999999999879085610e-01,9.353586853054512774e-13,3.675125031896191441e-01,9.999999978566467274e-01,9.999999999999983347e-01,9.000000000000000222e-01,4.429759534208417282e-01,-5.018072630923008370e-01
9.999999999994507727e-01,6.476475633455795837e-12,9.999999999999853451e-01,5.748973569323678756e-01,9.999999999995514699e-01,9.000000000000000222e-01,4.429759635069274726e-01,-8.037890009152007798e-01
9.999999999997852829e-01,7.485140788411575554e-14,3.533180027211207941e-02,9.999999981148245398e-01,9.999999999999439337e-01,9.000000000000000222e-01,4.429759497985751304e-01,-3.605454722425392999e-01
9.999999999999676925e-01,9.198386048979034647e-14,3.807890576509835312e-01,9.999999968101431769e-01,9.999999999999983347e-01,9.000000000000000222e-01,4.429759535656159763e-01,-5.074531957715288089e-01
9.999999999999420464e-01,4.972349287911827201e-13,6.459540143235263931e-01,9.999999977208112734e-01,9.999999999999988898e-01,9.000000000000000222e-01,4.429759564571089103e-01,-6.202161476593094358e-01
9.999999999993094413e-01,2.479951020226283267e-12,9.999999999999543698e-01,5.254366524527007698e-01,9.999999999999916733e-01,9.000000000000000222e-01,4.429759638779819375e-01,-8.076300321606636468e-01
9.999999999999225064e-01,1.513684847581701170e-12,2.100200879187739678e-01,9.999999956674620050e-01,9.999999999999967804e-01,9.000000000000000222e-01,4.429759517034647098e-01,-4.348326906043721296e-01
9.999999999999560352e-01,2.841768145226911956e-13,2.760893922749567131e-01,9.999999980028002611e-01,9.999999999999943379e-01,9.000000000000000222e-01,4.429759524239178514e-01,-4.629290493324099698e-01
9.999999999991339150e-01,6.068518073960191737e-12,8.449561380614096784e-01,9.999999999196196310e-01,9.999999999999931166e-01,9.000000000000000222e-01,4.429759586271288518e-01,-7.048429669616703697e-01
9.999999999999960032e-01,8.890402604104031618e-12,9.423740547898766806e-01,9.999999989231770359e-01,9.999999999995793365e-01,9.000000000000000222e-01,4.429759596894231044e-01,-7.462705070947616148e-01
9.999999999950905938e-01,1.115389094386692023e-12,6.104734721523762397e-01,9.999999992668142657e-01,9.999999999999982236e-01,9.000000000000000222e-01,4.429759560702111187e-01,-6.051278390295787846e-01
9.999999999999562572e-01,1.402146206421604504e-10,1.035001800347894463e-01,9.999999958258350974e-01,9.999999999995718980e-01,9.000000000000000222e-01,4.429759505419176846e-01,-3.895344754505166707e-01
9.999999999976596499e-01,7.427757543823739681e-13,9.999999999999779066e-01,7.133493073125138917e-01,9.999999999999770184e-01,9.000000000000000222e-01,4.429759624682603758e-01,-7.930370661641458208e-01
9.999999999990578647e-01,1.050030458841704868e-12,2.435281360944509532e-01,9.999999996232556976e-01,9.999999999999946709e-01,9.000000000000000222e-01,4.429759520688533736e-01,-4.490821841736948317e-01
9.999999999994397815e-01,5.180044302078123134e-12,9.999999999999537037e-01,5.626865587519277456e-01,9.999999999999586997e-01,9.000000000000000222e-01,4.429759635985329735e-01,-8.047372700079719055e-01
9.999999999995173861e-01,4.420860930693076559e-13,6.155351622696414449e-01,9.999999956068508222e-01,9.999999999999982236e-01,9.000000000000000222e-01,4.429759561254064115e-01,-6.072803527025930626e-01
9.999999999870052836e-01,4.662684867124619847e-14,9.999999999999560352e-01,1.822005058401570954e-01,9.999999999991585620e-01,9.000000000000000222e-01,4.429759664529410168e-01,-8.342851471117908035e-01
9.999999999998199218e-01,6.947677326788456783e-12,2.666358779269807355e-01,9.999999993515666930e-01,9.999999999995705657e-01,9.000000000000000222e-01,4.429759523208319227e-01,-4.589088868445506675e-01
9.999999999999895639e-01,2.531107500095234294e-13,9.999999999999553690e-01,1.708861072310287332e-01,9.999999999996058708e-01,9.000000000000000222e-01,4.429759665378216749e-01,-8.351638033909037917e-01
9.999999999985588195e-01,1.269265453839366024e-11,5.653624423690432055e-01,9.999999993997663594e-01,9.999999999999731326e-01,9.000000000000000222e-01,4.429759555782976088e-01,-5.859441092079132885e-01
9.999999999994401145e-01,6.941244210531521405e-13,7.419995839718021013e-01,9.999999987584872185e-01,9.999999999994938493e-01,9.000000000000000222e-01,4.429759575044384667e-01,-6.610600889955838833e-01
9.999999999994400035e-01,2.828272808635977666e-13,7.821881909814737410e-01,9.999999956066009110e-01,9.999999999998946398e-01,9.000000000000000222e-01,4.429759579426753580e-01,-6.781505299175777379e-01
9.999999999851805210e-01,6.705154545917405467e-14,2.535473381474281918e-01,9.999999963098321620e-01,9.999999999995703437e-01,9.000000000000000222e-01,4.429759521781078679e-01,-4.533429088275641172e-01
9.999999999999413802e-01,2.217800345150491496e-13,9.999999999999996669e-01,6.900691924818366241e-01,9.999999999999976685e-01,9.000000000000000222e-01,4.429759626429078945e-01,-7.948449589029170648e-01
9.999999999970271558e-01,6.009343799323443496e-13,9.999999760648944358e-01,4.547415547220712284e-01,9.999999999995220490e-01,9.000000000000000222e-01,4.429759644083365866e-01,-8.131200788282627601e-01
9.999999999986172172e-01,1.580265992584843810e-11,6.411143070692814083e-01,9.999999996929481716e-01,9.999999999999770184e-01,9.000000000000000222e-01,4.429759564043342923e-01,-6.181580336309587809e-01
9.999999999926627581e-01,1.666911935081197389e-12,9.999999999999649170e-01,7.000508997906289554e-01,9.999999999995591304e-01,9.000000000000000222e-01,4.429759625680250723e-01,-7.940697970831606112e-01
9.999999999980809795e-01,8.402333499925815192e-11,5.520046783891880970e-01,9.999999976201423557e-01,9.999999999999925615e-01,9.000000000000000222e-01,4.429759554326377913e-01,-5.802636419235488452e-01
9.999999999977422505e-01,1.483948167652613152e-11,4.132942027017688091e-01,9.999999962225711858e-01,9.999999999999946709e-01,9.000000000000000222e-01,4.429759539200685547e-01,-5.212761992636335551e-01
9.999999999864963574e-01,1.173701907034861021e-11,1.261711359710670499e-01,9.999999957702742082e-01,9.999999999999686917e-01,9.000000000000000222e-01,4.429759507891332659e-01,-3.991754323410844352e-01
9.999999999997809530e-01,1.312441751454478978e-11,5.146279896622435457e-02,9.999999994159309846e-01,9.999999999995246025e-01,9.000000000000000222e-01,4.429759499744757023e-01,-3.674052738809409080e-01
9.999999999997949418e-01,3.307230816273764258e-12,2.967287462917327368e-01,9.999999994310916351e-01,9.999999999999056310e-01,9.000000000000000222e-01,4.429759526489797650e-01,-4.717060554852062770e-01
9.999999999971027620e-01,3.339342799400503665e-13,9.999999999999720224e-01,4.838919874076857974e-01,9.999999999999445999e-01,9.000000000000000222e-01,4.429759641896501843e-01,-8.108563177167112945e-01
9.999999999858422139e-01,3.809804381947401394e-12,1.000000000000000000e+00,9.727509437185424268e-01,9.999999999999618083e-01,9.000000000000000222e-01,4.429759605222281516e-01,-7.728923917027102908e-01
9.999999999995965450e-01,2.433699354145858602e-11,9.999999999999598099e-01,5.867701466471766381e-01,9.999999999999963363e-01,9.000000000000000222e-01,4.429759634178577765e-01,-8.028669809658243173e-01
9.999999999962921882e-01,1.549705197206689511e-11,6.610182931512398330e-01,9.999999958855217974e-01,9.999999999999314992e-01,9.000000000000000222e-01,4.429759566213774535e-01,-6.266223206654332190e-01
9.999999999990569766e-01,3.508040263317971175e-13,5.420242704074764717e-01,9.999999995241027895e-01,9.999999999994571009e-01,9.000000000000000222e-01,4.429759553238063474e-01,-5.760194147862279790e-01
9.999999999979345411e-01,1.516419863587260289e-12,7.551589073972692079e-02,9.999999988912764426e-01,9.999999999999923395e-01,9.000000000000000222e-01,4.429759502367628388e-01,-3.776339921735264449e-01
9.999999999953461671e-01,1.832900201992518667e-13,2.133887380108084875e-02,9.999999980743335959e-01,9.999999999995590194e-01,9.000000000000000222e-01,4.429759496459891865e-01,-3.545948982518839498e-01
9.999999999997165601e-01,1.893002417370768916e-12,4.966455453159592803e-01,9.999999997990708378e-01,9.999999999999512612e-01,9.000000000000000222e-01,4.429759548289737836e-01,-5.567218459547530474e-01
9.999999999969259035e-01,3.024996914826490679e-11,6.662620710194708806e-01,9.999999989198122829e-01,9.999999999999912292e-01,9.000000000000000222e-01,4.429759566785582692e-01,-6.288522677024940277e-01
9.999999999994166888e-01,6.885262249291858284e-11,9.605357321069626364e-01,9.999999969295259028e-01,9.999999999999114042e-01,9.000000000000000222e-01,4.429759598874672410e-01,-7.539938669743281308e-01
9.999999999998678835e-01,8.905514723968076260e-11,4.804244286123255936e-01,9.999999992075599975e-01,9.999999999996508349e-01,9.000000000000000222e-01,4.429759546520904978e-01,-5.498237210502848749e-01
9.999999999963885555e-01,1.261717179165173124e-11,3.148013008719068306e-01,9.999999973201894043e-01,9.999999999997656319e-01,9.000000000000000222e-01,4.429759528460520679e-01,-4.793915154068252304e-01
9.999999999999561462e-01,1.126238595674580908e-11,4.678996559237270647e-01,9.999999989413100865e-01,9.999999999999888978e-01,9.000000000000000222e-01,4.429759545155140255e-01,-5.444974880780691917e-01
9.999999999996647126e-01,4.950558583832214373e-12,9.999999999999880096e-01,9.081153449480656725e-01,9.999999999999241718e-01,9.000000000000000222e-01,4.429759610071246634e-01,-7.779118785256534663e-01
9.999999999978650411e-01,1.569582756372401363e-12,1.000000000000000000e+00,6.628499251057732300e-01,9.999999999999960032e-01,9.000000000000000222e-01,4.429759628471069410e-01,-7.969587592926202779e-01
9.999999999993997024e-01,4.334962963446370182e-12,3.392311772177142304e-01,9.999999974732197705e-01,9.999999999999985567e-01,9.000000000000000222e-01,4.429759531124478067e-01,-4.897804634955319480e-01
9.999999999884370272e-01,1.098857693297032531e-11,9.948119488452533687e-01,9.999999977161886378e-01,9.999999999999892308e-01,9.000000000000000222e-01,4.429759602612324820e-01,-7.685700289740181601e-01
9.999999999998677724e-01,5.998504651261847662e-12,6.806984116702770038e-01,9.999999985402027169e-01,9.999999999999820144e-01,9.000000000000000222e-01,4.429759568359794009e-01,-6.349914062051428276e-01
9.999999999999515943e-01,7.814481190327022947e-13,5.818308893209165333e-01,9.999999999082226365e-01,9.999999999997648548e-01,9.000000000000000222e-01,4.429759557578779039e-01,-5.929474127568509223e-01
9.999999999995313749e-01,6.865705853949767090e-13,9.458031473589951776e-01,9.999999952670847181e-01,9.999999999990919486e-01,9.000000000000000222e-01,4.429759597268156934e-01,-7.477287490908203216e-01
9.999999999994778621e-01,6.888966448009011656e-13,6.761369225974547259e-01,9.999999993582450175e-01,9.999999999999990008e-01,9.000000000000000222e-01,4.429759567862386338e-01,-6.330516061779950521e-01
9.999999999999689138e-01,2.027766978428925427e-11,3.626108319657638801e-01,9.999999956342063845e-01,9.999999999998944178e-01,9.000000000000000222e-01,4.429759533673914285e-01,-4.997227988479514549e-01
9.999999999997974953e-01,4.430353929553123677e-11,4.091489965342854918e-01,9.999999998771981202e-01,9.999999999999944489e-01,9.000000000000000222e-01,4.429759538748671011e-01,-5.195134257616219609e-01
9.999999999975910381e-01,4.393945839614763869e-12,5.887915031982193792e-01,9.999999954643136180e-01,9.999999999999859002e-01,9.000000000000000222e-01,4.429759558337799663e-01,-5.959074549489057349e-01
9.999999999992464916e-01,3.047364563444574930e-11,3.582413136840837953e-01,9.999999983191794062e-01,9.999999999999487077e-01,9.000000000000000222e-01,4.429759533197439869e-01,-4.978646353805725733e-01
9.999999999999904521e-01,7.387352528011914238e-11,7.774634732282813543e-01,9.999999999033231113e-01,9.999999999999453770e-01,9.000000000000000222e-01,4.429759578911546258e-01,-6.761413156672856362e-01
9.999999999972329912e-01,3.436289852251844209e-11,4.285760566091794677e-01,9.999999973440134582e-01,9.999999999999767963e-01,9.000000000000000222e-01,4.429759540867096446e-01,-5.277748971172447900e-01
9.999999999927158267e-01,6.696882170607137480e-14,8.089564316490833740e-01,9.999999997739243973e-01,9.999999999999870104e-01,9.000000000000000222e-01,4.429759582345698110e-01,-6.895338808257419627e-01
9.999999999990826227e-01,8.233049006581700369e-11,4.762016288156949440e-01,9.999999976201423557e-01,9.999999999999996669e-01,9.000000000000000222e-01,4.429759546060429987e-01,-5.480279508110500464e-01
9.999999999998404610e-01,8.166628309850817716e-12,8.844314880517797350e-01,9.999999979753922963e-01,9.999999999999622524e-01,9.000000000000000222e-01,4.429759590575880202e-01,-7.216300910596212814e-01
9.999999999997746247e-01,3.784454879562096647e-12,3.158557030560241174e-02,9.999999971904293128e-01,9.999999999999972244e-01,9.000000000000000222e-01,4.429759497577243632e-01,-3.589523660652244041e-01
9.999999999998202549e-01,5.013460571995075437e-13,3.342005846973563066e-01,9.999999963070914655e-01,9.999999999997080113e-01,9.000000000000000222e-01,4.429759530575916870e-01,-4.876411746323691121e-01
9.999999999993207656e-01,8.567755090270787903e-11,3.899278055320453129e-01,9.999999996225308330e-01,9.999999999999974465e-01,9.000000000000000222e-01,4.429759536652695395e-01,-5.113395016522462866e-01
9.999999999997211120e-01,2.370365242508651516e-13,1.435025390500266895e-01,9.999999963696012406e-01,9.999999999999600320e-01,9.000000000000000222e-01,4.429759509781236448e-01,-4.065457130329747093e-01
9.999999999990022426e-01,8.323438742374383097e-12,9.999999988913833571e-01,8.499940764678860505e-01,9.999999999997976063e-01,9.000000000000000222e-01,4.429759614431506565e-01,-7.824254734540644352e-01
9.999999999953691487e-01,1.683170325351528306e-12,2.581957658776009024e-01,9.999999995245649753e-01,9.999999999995766720e-01,9.000000000000000222e-01,4.429759522287966544e-01,-4.553196797139377194e-01
9.999999999989330757e-01,1.408635467530050923e-12,4.922456678794785434e-01,9.999999991169947755e-01,9.999999999999938938e-01,9.000000000000000222e-01,4.429759547809952736e-01,-5.548507723400869507e-01
9.999999999987323474e-01,3.202603952199177559e-12,4.483669222019548428e-02,9.999999994223014443e-01,9.999999999999742428e-01,9.000000000000000222e-01,4.429759499022212776e-01,-3.645874831498024937e-01
9.999999999997198907e-01,2.260117356760690901e-10,3.006218113081742249e-01,9.999999993717281210e-01,9.999999999999357181e-01,9.000000000000000222e-01,4.429759526914317513e-01,-4.733616042050582395e-01
9.999999999982994714e-01,6.611077924477042272e-13,8.496871058320605297e-01,9.999999999392190642e-01,9.999999999995363709e-01,9.000000000000000222e-01,4.429759586787176961e-01,-7.068548387320338078e-01
9.999999999983917309e-01,8.650963759649143705e-12,1.000000000000000000e+00,6.489576242174549536e-02,9.999999999999967804e-01,9.000000000000000222e-01,4.429759673329616843e-01,-8.433948269960672706e-01
9.999999999992725819e-01,7.552624982097039137e-14,8.411631337104368278e-01,9.999999980212236350e-01,9.999999999999903411e-01,9.000000000000000222e-01,4.429759585857679927e-01,-7.032299697773750635e-01
9.999999999987277954e-01,2.458059260506583286e-15,1.907649331344315469e-01,9.999999988845940102e-01,9.999999999999896749e-01,9.000000000000000222e-01,4.429759514934967224e-01,-4.266443229269428761e-01
9.999999999863633526e-01,3.350959856159164834e-13,9.999999999999878986e-01,2.901657990268046716e-01,9.999999999999491518e-01,9.000000000000000222e-01,4.429759656429849146e-01,-8.259007524934974809e-01
9.999999999983565369e-01,1.391606612695312073e-11,6.325864966527545707e-01,9.999999987329520890e-01,9.999999999997168931e-01,9.000000000000000222e-01,4.429759563113427334e-01,-6.145315323442365196e-01
9.999999999878754764e-01,1.128252634729552481e-12,8.235674870022462457e-01,9.999999978566467274e-01,9.999999999999983347e-01,9.000000000000000222e-01,4.429759583938961409e-01,-6.957473179002607866e-01
9.999999999994675370e-01,1.235436877787833377e-12,4.027355062774914951e-02,9.999999965292936110e-01,9.999999999999070743e-01,9.000000000000000222e-01,4.429759498524625250e-01,-3.626469806676312357e-01
9.999999999975270892e-01,1.371168651132194912e-12,6.022723268571246180e-01,9.999999977208112734e-01,9.999999999999583666e-01,9.000000000000000222e-01,4.429759559807817104e-01,-6.016402540459936388e-01
9.999999999999895639e-01,2.531107500095234294e-13,9.999999999999553690e-01,1.461691175286924937e-01,9.999999999995805577e-01,9.000000000000000222e-01,4.429759667232486264e-01,-8.370832813019825069e-01
9.999999999994364508e-01,1.342204128249143266e-12,9.999999999999994449e-01,4.169280142400816347e-01,9.999999999999391598e-01,9.000000000000000222e-01,4.429759646920141680e-01,-8.160566219971198132e-01
9.999999999998179234e-01,7.258245387281901653e-13,9.999999999999779066e-01,7.487306709567962404e-01,1.000000000000000000e+00,9.000000000000000222e-01,4.429759622028291988e-01,-7.902894117437319066e-01
9.999999999843713905e-01,5.627782557671532641e-14,9.999999999999958922e-01,1.227076769255252831e-01,9.999999999999381606e-01,9.000000000000000222e-01,4.429759668992564459e-01,-8.389052554810169093e-01
9.999999999994401145e-01,6.941244210531521405e-13,7.877552730323967856e-01,9.999999998254998079e-01,9.999999999995173861e-01,9.000000000000000222e-01,4.429759580033816313e-01,-6.805179638601227543e-01
9.999999999980111465e-01,1.531317507572074086e-12,8.819490012556849279e-02,9.999999988912764426e-01,9.999999999999417133e-01,9.000000000000000222e-01,4.429759503750211325e-01,-3.830258152265512139e-01
9.999999999991648902e-01,6.176983260572459131e-11,3.857220614128536451e-01,9.999999994216727250e-01,9.999999999995108357e-01,9.000000000000000222e-01,4.429759536194079472e-01,-5.095509843314341980e-01
9.999999999994982902e-01,4.789311151844905363e-12,7.548529837025856892e-01,9.999999973009302545e-01,9.999999999994340083e-01,9.000000000000000222e-01,4.429759576445984059e-01,-6.665260726784315581e-01
9.999999999986129984e-01,5.984397158671405646e-12,1.572484944201090196e-01,9.999999995601908109e-01,9.999999999994491073e-01,9.000000000000000222e-01,4.429759511280165207e-01,-4.123912608711893801e-01
9.999999999992559285e-01,1.965878428029637850e-12,5.311931134217914297e-01,9.999999998604083284e-01,9.999999999995007327e-01,9.000000000000000222e-01,4.429759552056979355e-01,-5.714134017708819568e-01
9.999999999983730792e-01,4.298803380213951760e-10,9.687356881062153535e-01,9.999999974911635281e-01,9.999999999999957812e-01,9.000000000000000222e-01,4.429759599768837153e-01,-7.574809462792310155e-01
9.999999999852323684e-01,3.792714450662024639e-13,5.777701706707846219e-01,9.999999958636311970e-01,9.999999999996024291e-01,9.000000000000000222e-01,4.429759557135977688e-01,-5.912205686652040049e-01
9.999999999994126920e-01,8.564854852457153757e-11,3.497541184977628337e-01,9.999999976181092043e-01,9.999999999990347721e-01,9.000000000000000222e-01,4.429759532271952960e-01,-4.942554059388127863e-01
9.999999999892741354e-01,3.073833997799943854e-13,3.450171656427789557e-01,9.999999989949803769e-01,9.999999999999436007e-01,9.000000000000000222e-01,4.429759531755411706e-01,-4.922409888661504196e-01
9.999999999994516608e-01,6.476475633455795837e-12,9.999999999999851230e-01,1.346458552558737753e-01,9.999999999995514699e-01,9.000000000000000222e-01,4.429759668096961978e-01,-8.379781575664274618e-01
9.999999999991803223e-01,5.204821812015040997e-12,9.999999999999975575e-01,7.754519045610814842e-01,9.999999999999991118e-01,9.000000000000000222e-01,4.429759620023663858e-01,-7.882142877807455372e-01
9.999999999999081846e-01,3.960462726577753269e-10,9.548742590871435176e-01,9.999999974732197705e-01,9.999999999999985567e-01,9.000000000000000222e-01,4.429759598257316799e-01,-7.515862923478139335e-01
9.999999999985237364e-01,6.151801537029187394e-13,1.107972338685854763e-01,9.999999996929481716e-01,9.999999999999744649e-01,9.000000000000000222e-01,4.429759506214884235e-01,-3.926375900607151914e-01
9.999999999977422505e-01,1.475426812156022922e-11,4.587607367006615866e-01,9.999999993172863366e-01,9.999999999995781153e-01,9.000000000000000222e-01,4.429759544158586304e-01,-5.406111090854542889e-01
9.999999999995996536e-01,9.919254898315518210e-01,9.999999999999973355e-01,5.644786046341449181e-14,9.999999999999911182e-01,9.000000000000000222e-01,4.429759756812139404e-01,-8.485804162135021089e-01
9.999999999968373077e-01,1.640177329775171510e-13,8.928183381997840673e-01,9.999999964501123939e-01,9.999999999999888978e-01,9.000000000000000222e-01,4.429759591490425308e-01,-7.251966483597004354e-01
9.999999999976564302e-01,4.628785006410897994e-13,5.965920534505676498e-01,9.999999992683377137e-01,9.999999999999805711e-01,9.000000000000000222e-01,4.429759559188410911e-01,-5.992246843677352386e-01
9.999999999993587352e-01,5.347913767133281888e-12,9.999999999999994449e-01,4.303522813172955819e-01,9.999999999999898970e-01,9.000000000000000222e-01,4.429759645913052823e-01,-8.150141170469066276e-01
9.999999999999520384e-01,1.667829585913624032e-14,1.169128717733935452e-01,9.999999992325280251e-01,9.999999999999988898e-01,9.000000000000000222e-01,4.429759506881764675e-01,-3.952383009600636266e-01
9.999999999877916546e-01,6.476475633455795837e-12,9.999999999999998890e-01,8.276997061724231664e-01,9.999999999995526911e-01,9.000000000000000222e-01,4.429759616104031461e-01,-7.841568154787140754e-01
9.999999999997809530e-01,7.204672760743310530e-12,7.122170786953230248e-01,9.999999993487305172e-01,9.999999999995229372e-01,9.000000000000000222e-01,4.429759571796749174e-01,-6.483949040251116847e-01
9.999999999993924860e-01,7.252653773375861117e-13,8.335311172206667507e-01,9.999999979842447706e-01,9.999999999999645839e-01,9.000000000000000222e-01,4.429759585025446200e-01,-6.999844100365278932e-01
9.999999999999364952e-01,4.942499810812708389e-11,7.503001437449452471e-01,9.999999968583521692e-01,9.999999999997517541e-01,9.000000000000000222e-01,4.429759575949519523e-01,-6.645899508359843777e-01
9.999999999920740068e-01,1.899375229434518900e-12,9.503737153722577879e-01,9.999999985547911585e-01,9.999999999999755751e-01,9.000000000000000222e-01,4.429759597766554924e-01,-7.496724096719370456e-01
9.999999999988297139e-01,5.466497550498923580e-13,1.214176670938272029e-01,9.999999986761380910e-01,9.999999999999689138e-01,9.000000000000000222e-01,4.429759507372990068e-01,-3.971539916146383797e-01
9.999999999987106980e-01,4.949191983669741359e-13,9.734947101957653892e-01,9.999999999118257543e-01,9.999999999997067901e-01,9.000000000000000222e-01,4.429759600287784815e-01,-7.595047481270861267e-01
9.999999999979053422e-01,2.311760657791394134e-14,7.085228005395101392e-02,9.999999963401233760e-01,9.999999999991382449e-01,9.000000000000000222e-01,4.429759501859084625e-01,-3.756507645941761231e-01
9.999999999986948218e-01,3.761635347040574411e-13,3.721204508508687558e-01,9.999999968933720451e-01,9.999999999999941158e-01,9.000000000000000222e-01,4.429759534710891455e-01,-5.037668199166877026e-01
9.999999999999561462e-01,1.198905933641371135e-12,2.298875796774594860e-01,9.999999999849803478e-01,9.999999999999940048e-01,9.000000000000000222e-01,4.429759519201098561e-01,-4.432814575824425285e-01
9.999999999968337550e-01,4.733492678388234265e-14,9.999999996882397157e-01,5.466136931973171187e-01,9.999999999999589217e-01,9.000000000000000222e-01,4.429759637191116317e-01,-8.059854603206216828e-01
9.999999999991197042e-01,1.878372371244978430e-12,9.790238023712781734e-01,9.999999965098824717e-01,9.999999999999883427e-01,9.000000000000000222e-01,4.429759600890705307e-01,-7.618560272456175175e-01
9.999999999991899813e-01,8.849612987490318191e-12,9.999999999999606981e-01,9.847152855182730313e-01,9.999999999999993339e-01,9.000000000000000222e-01,4.429759604324716160e-01,-7.719632619785147254e-01
9.999999999999372724e-01,2.469377814222440931e-12,5.222794191736086500e-01,9.999999958947183298e-01,9.999999999997633005e-01,9.000000000000000222e-01,4.429759551084985203e-01,-5.676228013560532526e-01
9.999999999990697441e-01,1.050030458841704868e-12,5.469393605035930417e-01,9.999999999162927367e-01,9.999999999999946709e-01,9.000000000000000222e-01,4.429759553774029746e-01,-5.781095856278929412e-01
9.999999999996717071e-01,4.950558583832214373e-12,9.999999999999880096e-01,9.999936142695122765e-01,9.999999999999241718e-01,9.000000000000000222e-01,4.429759603178535232e-01,-7.707767738619212272e-01
9.999999999991422417e-01,8.968612128688674077e-11,3.759439652576244129e-01,9.999999988096941461e-01,9.999999999999860112e-01,9.000000000000000222e-01,4.429759535127826275e-01,-5.053927916790855734e-01
9.999999999852026145e-01,4.295253291615917623e-12,2.392236639428749756e-01,9.999999962885804949e-01,9.999999999999905631e-01,9.000000000000000222e-01,4.429759520219152535e-01,-4.472516824216402620e-01
9.999999999994568789e-01,7.329692906577909161e-13,1.737418963341272327e-02,9.999999968557713448e-01,9.999999999999980016e-01,9.000000000000000222e-01,4.429759496027562693e-01,-3.529088931675322671e-01
9.999999999987340127e-01,4.075623663618912885e-13,1.347632521413552054e-01,9.999999989143081303e-01,9.999999999995801137e-01,9.000000000000000222e-01,4.429759508828260417e-01,-4.028292798568088307e-01
9.999999999969977349e-01,1.030088756651630514e-12,9.999999996501371946e-01,1.010585533721064799e-01,9.999999999999654721e-01,9.000000000000000222e-01,4.429759670616682521e-01,-8.405864881586192494e-01
9.999999999998827604e-01,4.114351131747463694e-12,6.202300038466922461e-01,9.999999987100754995e-01,9.999999999998966382e-01,9.000000000000000222e-01,4.429759561766012932e-01,-6.092768613596349914e-01
9.999999999998082645e-01,7.291087722724935130e-13,8.184935431261877170e-01,9.999999963300912897e-01,9.999999999999551470e-01,9.000000000000000222e-01,4.429759583385673438e-01,-6.935895936458188471e-01
9.999999999953691487e-01,1.258835568417695923e-12,7.683458850410580521e-01,9.999999995245649753e-01,9.999999999995766720e-01,9.000000000000000222e-01,4.429759577917318225e-01,-6.722640078814386966e-01
9.999999999998223643e-01,3.995517593634611786e-13,8.970442774074831593e-01,9.999999985303885675e-01,9.999999999992773558e-01,9.000000000000000222e-01,4.429759591951242803e-01,-7.269937536151206414e-01
9.999999999994720890e-01,3.436289852251844209e-11,5.277903590948596069e-01,9.999999973440134582e-01,9.999999999999767963e-01,9.000000000000000222e-01,4.429759551685926167e-01,-5.699663607447033042e-01
9.999999999994974020e-01,2.948160362059532017e-12,9.999999999999563682e-01,8.861024140834009577e-01,9.999999999999623634e-01,9.000000000000000222e-01,4.429759611722657864e-01,-7.796213639866446110e-01
9.999999999996938005e-01,4.391543754688204601e-10,9.999999999999777955e-01,1.146617882293877178e-01,9.999999999999581446e-01,9.000000000000000222e-01,4.429759669596167737e-01,-8.395300850342316545e-01
9.999999999997580824e-01,2.622628160888716561e-11,4.237548759253125796e-01,9.999999982065506110e-01,9.999999999999946709e-01,9.000000000000000222e-01,4.429759540341370316e-01,-5.257246617071754669e-01
9.999999999992282840e-01,8.620656587569023812e-11,6.075959829239222509e-01,9.999999976201423557e-01,9.999999999999925615e-01,9.000000000000000222e-01,4.429759560388335515e-01,-6.039041699977053534e-01
9.999999999981701304e-01,3.402483468766270417e-13,7.459524733799252072e-01,9.999999962989637448e-01,9.999999999999963363e-01,9.000000000000000222e-01,4.429759575475427646e-01,-6.627410785757211764e-01
9.999999999998026023e-01,4.241852944589745869e-12,9.999999766927435418e-01,7.870809190334285277e-02,9.999999999999635847e-01,9.000000000000000222e-01,4.429759672293412942e-01,-8.423221758899080980e-01
9.999999999856157284e-01,2.563654941841709385e-13,3.055516101154350239e-01,9.999999986329927149e-01,9.999999999999575895e-01,9.000000000000000222e-01,4.429759527451887502e-01,-4.754580300986422925e-01
9.999999999986527444e-01,5.627354177089561054e-15,4.634790430494130642e-01,9.999999992325280251e-01,9.999999999997395417e-01,9.000000000000000222e-01,4.429759544673094740e-01,-5.426175965213927421e-01
9.999999999868320888e-01,2.763661837132633671e-13,9.999999999999633626e-01,2.484040384369105292e-01,9.999999999995101696e-01,9.000000000000000222e-01,4.429759659562818030e-01,-8.291438973068744334e-01
9.999999999968869346e-01,5.369760375136373070e-14,9.999999999999847899e-01,4.425509561906444400e-01,9.999999999999837907e-01,9.000000000000000222e-01,4.429759644997907642e-01,-8.140667894296179652e-01
9.999999999977806642e-01,5.103550732729606211e-13,9.999999999999573674e-01,9.200272367783050020e-01,9.999999999997160050e-01,9.000000000000000222e-01,4.429759609177615909e-01,-7.769868219741823401e-01
9.999999999991422417e-01,8.968612128688674077e-11,2.482392777029271413e-01,9.999999988895886815e-01,9.999999999999860112e-01,9.000000000000000222e-01,4.429759521202260575e-01,-4.510856248120728162e-01
9.999999999990105692e-01,9.282068925415926884e-13,9.999999999999956701e-01,7.889410598069650504e-01,9.999999999999797939e-01,9.000000000000000222e-01,4.429759619011706673e-01,-7.871667437281738566e-01
9.999999999998013811e-01,2.542609303085688432e-12,4.546595182617842457e-01,9.999999977332315604e-01,9.999999999999842348e-01,9.000000000000000222e-01,4.429759543711369041e-01,-5.388670420305602393e-01
9.999999999968649522e-01,7.387176683130292943e-12,4.405774447478936207e-01,9.999999961343277732e-01,9.999999999999912292e-01,9.000000000000000222e-01,4.429759542175788489e-01,-5.328785578571583192e-01
9.999999999999809042e-01,8.905514723968076260e-11,2.842044503667001121e-01,9.999999992075599975e-01,9.999999999996508349e-01,9.000000000000000222e-01,4.429759525124085107e-01,-4.663800252553488290e-01
9.999999999968030018e-01,1.640177329775171510e-13,2.265973147768617357e-01,9.999999964501123939e-01,9.999999999999888978e-01,9.000000000000000222e-01,4.429759518842311672e-01,-4.418822534239122968e-01
9.999999999999225064e-01,1.513684847581701170e-12,2.340279659652209077e-01,9.999999957156247010e-01,9.999999999999421574e-01,9.000000000000000222e-01,4.429759519652587407e-01,-4.450421814494845973e-01
9.999999999998806510e-01,2.817361119520753387e-11,9.292686710668621175e-02,9.999999993867345616e-01,9.999999999991456834e-01,9.000000000000000222e-01,4.429759504266209125e-01,-3.850381118808755554e-01
9.999999999976546539e-01,6.977097720675896108e-11,1.765617751536213420e-01,9.999999995681506659e-01,9.999999999999912292e-01,9.000000000000000222e-01,4.429759513386182790e-01,-4.206043466980949885e-01
9.999999999998808731e-01,2.567946532601227799e-12,7.322353033447778214e-01,9.999999998945806601e-01,9.999999999999971134e-01,9.000000000000000222e-01,4.429759573979637488e-01,-6.569077713427401433e-01
9.999999999950905938e-01,1.178117617504061092e-12,6.236670482082184996e-01,9.999999992668142657e-01,9.999999999999982236e-01,9.000000000000000222e-01,4.429759562140805351e-01,-6.107384845745386093e-01
9.999999999949791274e-01,8.330947402638831637e-12,9.999999981829063023e-01,4.683521449329564601e-01,9.999999999993705035e-01,9.000000000000000222e-01,4.429759643062300967e-01,-8.120631137566857172e-01
9.999999999999457101e-01,6.563062092966475483e-13,7.728640171662811698e-01,9.999999987584872185e-01,9.999999999994987343e-01,9.000000000000000222e-01,4.429759578409998566e-01,-6.741853701081869099e-01
9.999999999997211120e-01,1.119231385382919939e-13,9.879590885064584715e-02,9.999999985367586941e-01,9.999999999999800160e-01,9.000000000000000222e-01,4.429759504906199408e-01,-3.875339563467358195e-01
9.999999999985415000e-01,1.982369065495751827e-11,6.560977974628905418e-01,9.999999958207003159e-01,9.999999999999941158e-01,9.000000000000000222e-01,4.429759565677218736e-01,-6.245298510404767578e-01
9.999999999997042366e-01,4.933925481732794160e-12,7.636638028510364107e-01,9.999999998836606174e-01,9.999999999999811262e-01,9.000000000000000222e-01,4.429759577406760518e-01,-6.702729249611786289e-01
9.999999999997261080e-01,2.909563831355001818e-12,9.999999999999795719e-01,3.855484042419928814e-01,9.999999999997966071e-01,9.000000000000000222e-01,4.429759649274241928e-01,-8.184935072730311623e-01
9.999999999999940048e-01,1.968774109980954581e-13,5.557793722964881056e-01,9.999999999004404172e-01,9.999999999999998890e-01,9.000000000000000222e-01,4.429759554737989768e-01,-5.818688524535186035e-01
9.999999999999396039e-01,9.393066522503715621e-13,7.590174802480751381e-01,9.999999969001036604e-01,9.999999999997725153e-01,9.000000000000000222e-01,4.429759576900101914e-01,-6.682970492733067980e-01
9.999999999994564348e-01,1.255109370695704708e-11,2.044685635311610794e-01,9.999999965720277606e-01,9.999999999999182876e-01,9.000000000000000222e-01,4.429759516429280786e-01,-4.324718722506223356e-01
9.999999999989996891e-01,1.922436634968547135e-12,9.299033959195704968e-01,9.999999951533744547e-01,9.999999999999836797e-01,9.000000000000000222e-01,4.429759595534367711e-01,-7.409672866120667889e-01
9.999999999936561856e-01,7.302270252145920056e-12,9.881666051363036107e-01,9.999999964468125890e-01,9.999999999999904521e-01,9.000000000000000222e-01,4.429759601887682807e-01,-7.657440577115183222e-01
9.999999999875488488e-01,5.957893031030885292e-13,2.802357503597034949e-01,9.999999974694110394e-01,9.999999999994921840e-01,9.000000000000000222e-01,4.429759524691318506e-01,-4.646923124513518966e-01
9.999999999987068122e-01,2.408256965575883571e-14,5.009386275905093333e-01,9.999999959189532772e-01,9.999999999999941158e-01,9.000000000000000222e-01,4.429759548757877252e-01,-5.585475046549156497e-01
9.999999999981351584e-01,1.959816889281325820e-13,3.542792603917245819e-01,9.999999961796506298e-01,9.999999999999901190e-01,9.000000000000000222e-01,4.429759532765397689e-01,-4.961797491617857547e-01
9.999999999999561462e-01,1.187536821343363477e-12,7.365825196041221323e-01,9.999999999849803478e-01,9.999999999999888978e-01,9.000000000000000222e-01,4.429759574453679960e-01,-6.587564505287734073e-01
9.999999999844015885e-01,6.021996818627374482e-12,9.999999999999958922e-01,9.600909684854447290e-01,9.999999999997374323e-01,9.000000000000000222e-01,4.429759606172033459e-01,-7.738755430929490364e-01
9.999999999970362596e-01,7.027260227388425349e-11,9.026152946363544816e-01,9.999999993527610709e-01,9.999999999995576871e-01,9.000000000000000222e-01,4.429759592558734638e-01,-7.293628612799681887e-01
9.999999999994229061e-01,6.876440188733866139e-13,8.367739928075436373e-02,9.999999986182056544e-01,9.999999999999500400e-01,9.000000000000000222e-01,4.429759503257600373e-01,-3.811047215362898255e-01
9.999999999983266719e-01,2.408256965575883571e-14,5.173163606899321421e-01,9.999999959189532772e-01,9.999999999999681366e-01,9.000000000000000222e-01,4.429759550543788671e-01,-5.655122316449961994e-01
9.999999999867218436e-01,8.564854852457153757e-11,9.836648426272528445e-01,9.999999976181092043e-01,9.999999999990347721e-01,9.000000000000000222e-01,4.429759601396787705e-01,-7.638296567287018446e-01
9.999999999999066302e-01,2.044768692589285294e-12,6.882343640437601495e-01,9.999999960793003462e-01,9.999999999999797939e-01,9.000000000000000222e-01,4.429759569181552781e-01,-6.381961143108950685e-01
9.999999999995485833e-01,3.035237252043875575e-13,8.058421488090177220e-01,9.999999956066009110e-01,9.999999999998959721e-01,9.000000000000000222e-01,4.429759582006101426e-01,-6.882095141191083565e-01
9.999999999985684784e-01,1.922436634968547135e-12,4.175911755760430832e-03,9.999999973544549947e-01,9.999999999999973355e-01,9.000000000000000222e-01,4.429759494588355606e-01,-3.472962481056726114e-01
9.999999999995066169e-01,4.709087546805207826e-12,6.082549486708220543e-02,9.999999966565610299e-01,9.999999999991382449e-01,9.000000000000000222e-01,4.429759500765713121e-01,-3.713868154015332879e-01
9.999999999998243627e-01,3.608203878496484905e-13,4.454506307283490063e-01,9.999999994276724813e-01,9.999999999995772271e-01,9.000000000000000222e-01,4.429759542707185083e-01,-5.349509085022498001e-01
9.999999999987068122e-01,2.408256965575883571e-14,1.965721820729411928e-01,9.999999958322876026e-01,9.999999999999966693e-01,9.000000000000000222e-01,4.429759515568219563e-01,-4.291138898124829959e-01
9.999999999848269150e-01,1.577201525257961460e-12,9.999999999999771294e-01,7.246398607991684226e-01,9.999999999998342437e-01,9.000000000000000222e-01,4.429759623835585747e-01,-7.921602616538500063e-01
9.999999999816222562e-01,1.214135799111509949e-11,1.860672192276215386e-01,9.999999965091959098e-01,9.999999999994279021e-01,9.000000000000000222e-01,4.429759514422704769e-01,-4.246465927404995400e-01
9.999999999978650411e-01,8.519345932547001750e-13,9.999999999999540368e-01,5.998421478227775605e-01,9.999999999999960032e-01,9.000000000000000222e-01,4.429759633197915547e-01,-8.018518323646194323e-01
9.999999999985879073e-01,5.627354177089561054e-15,3.959053349088193507e-01,9.999999975186326662e-01,9.999999999997395417e-01,9.000000000000000222e-01,4.429759537304515105e-01,-5.138814812167050716e-01
9.999999999986978194e-01,4.014599637532664417e-13,9.999999999997483124e-01,8.017344526690542983e-01,9.999999999998866462e-01,9.000000000000000222e-01,4.429759618051946068e-01,-7.861732313587702636e-01
9.999999999993510746e-01,2.043777327714149703e-12,4.007698384235244826e-01,9.999999974732197705e-01,9.999999999999985567e-01,9.000000000000000222e-01,4.429759537834965233e-01,-5.159501398515261572e-01
9.999999999998887557e-01,4.280272359131360075e-10,6.849691145851938279e-01,9.999999991874922722e-01,9.999999999995102806e-01,9.000000000000000222e-01,4.429759568825493155e-01,-6.368075475993225654e-01
9.999999999991638910e-01,5.750898808489620972e-12,2.187786730383561307e-01,9.999999953167840738e-01,9.999999999999404920e-01,9.000000000000000222e-01,4.429759517989727557e-01,-4.385573302871351720e-01
9.999999999994564348e-01,1.285237804721941692e-11,4.188891390016797334e-01,9.999999965279013914e-01,9.999999999999912292e-01,9.000000000000000222e-01,4.429759539810785851e-01,-5.236554786928701022e-01
9.999999999999586997e-01,6.947677326788456783e-12,2.925963903811080735e-01,9.999999993829298273e-01,9.999999999999458211e-01,9.000000000000000222e-01,4.429759526039184769e-01,-4.699487469175261944e-01
9.999999999998890887e-01,4.499651765917327553e-11,6.941557299290399552e-01,9.999999991874922722e-01,9.999999999995264899e-01,9.000000000000000222e-01,4.429759569827248500e-01,-6.407142096173245038e-01
9.999999999996440625e-01,3.637085568891976052e-13,2.002232902836569295e-01,9.999999988521521832e-01,9.999999999995810018e-01,9.000000000000000222e-01,4.429759515966354422e-01,-4.306665447432026506e-01
9.999999999997291056e-01,5.177682120593992399e-12,9.999999999999795719e-01,5.370692135388436261e-01,9.999999999999568123e-01,9.000000000000000222e-01,4.429759637907144110e-01,-8.067266679424646147e-01
9.999999999988388177e-01,3.726337053638457288e-13,9.999999996782312772e-01,5.113477595345758964e-01,9.999999999997890576e-01,9.000000000000000222e-01,4.429759639836768348e-01,-8.087241506463077600e-01
9.999999999994466648e-01,7.312887882304188116e-12,2.136217440630200082e-01,9.999999998579287563e-01,9.999999999995652367e-01,9.000000000000000222e-01,4.429759517427389603e-01,-4.363643156627795561e-01
9.999999999985913490e-01,1.053842054929711070e-11,4.039866453225381404e-01,9.999999974732197705e-01,9.999999999999985567e-01,9.000000000000000222e-01,4.429759538185742418e-01,-5.173181058382897435e-01
9.999999999999902300e-01,5.013284505115152423e-13,3.192858924296098633e-01,9.999999979709148779e-01,9.999999999999590328e-01,9.000000000000000222e-01,4.429759528949543390e-01,-4.812986142010521329e-01
9.999999999975910381e-01,4.373165368382615069e-12,5.851211331676126060e-01,9.999999981112431824e-01,9.999999999999864553e-01,9.000000000000000222e-01,4.429759557937563708e-01,-5.943466083748564222e-01
9.999999999926627581e-01,1.666911935081197389e-12,9.999999999999975575e-01,7.371604611826030329e-01,9.999999999995591304e-01,9.000000000000000222e-01,4.429759622896289883e-01,-7.911879338691351071e-01
9.999999999982865928e-01,1.326266322020306795e-11,1.814709045907992035e-01,9.999999994188812913e-01,9.999999999999700240e-01,9.000000000000000222e-01,4.429759513921499026e-01,-4.226919827750289516e-01
9.999999999998380185e-01,2.324641403976572727e-13,9.339416861046219154e-01,9.999999997036045363e-01,9.999999999999620304e-01,9.000000000000000222e-01,4.429759595974722686e-01,-7.426845928289770304e-01
9.999999999981701304e-01,3.402483468766270417e-13,4.509892154660243291e-01,9.999999962989637448e-01,9.999999999999963363e-01,9.000000000000000222e-01,4.429759543311140857e-01,-5.373062243654903591e-01
9.999999999862466682e-01,6.566006723427019228e-11,9.213308742126344875e-01,9.999999977349551816e-01,9.999999999999570344e-01,9.000000000000000222e-01,4.429759594599576578e-01,-7.373217713120604477e-01
9.999999999986560750e-01,1.132823941574694630e-11,4.841680704327506191e-01,9.999999991871140193e-01,9.999999999999985567e-01,9.000000000000000222e-01,4.429759546929130654e-01,-5.514157266773592747e-01
9.999999999999376055e-01,8.545431969220798646e-12,5.102619870126752222e-01,9.999999998311918104e-01,9.999999999999695799e-01,9.000000000000000222e-01,4.429759549774543448e-01,-5.625123175899041650e-01
9.999999999925743843e-01,4.716737721037810372e-12,9.999999999999975575e-01,7.638183444937272082e-01,9.999999999999774625e-01,9.000000000000000222e-01,4.429759620896414063e-01,-7.891177295768435629e-01
9.999999999999528155e-01,2.426987150994624367e-14,2.704929498664251919e-01,9.999999965562299531e-01,9.999999999999888978e-01,9.000000000000000222e-01,4.429759523628913898e-01,-4.605491295102347449e-01
9.999999999997780664e-01,6.566532758912056302e-13,6.371819179215896245e-01,9.999999985367586941e-01,9.999999999999800160e-01,9.000000000000000222e-01,4.429759563614535378e-01,-6.164857621881524308e-01
9.999999999951366680e-01,3.313004135905840888e-12,8.657587077856354618e-03,9.999999975348361492e-01,9.999999999999702460e-01,9.000000000000000222e-01,4.429759495077060238e-01,-3.492021067898100073e-01
9.999999999999523714e-01,8.802777187135638826e-12,5.687254876613695442e-01,9.999999995621119409e-01,9.999999999999991118e-01,9.000000000000000222e-01,4.429759556149699407e-01,-5.873742639161932955e-01
9.999999999985897947e-01,2.648107749063783438e-11,2.227099469457519965e-01,9.999999983210349219e-01,9.999999999999985567e-01,9.000000000000000222e-01,4.429759518418413533e-01,-4.402291273243762459e-01
9.999999999969315656e-01,7.346929018811537428e-13,8.749852292620279304e-01,9.999999963312820039e-01,9.999999999999543698e-01,9.000000000000000222e-01,4.429759589545812504e-01,-7.176130142731945716e-01
9.999999999988959942e-01,6.243537253313660390e-12,1.212522609650934502e-02,9.999999960092915696e-01,9.999999999999773515e-01,9.000000000000000222e-01,4.429759495455189433e-01,-3.506767407242842305e-01
