9.999999999999747979e-01,1.540091738182458687e-12,3.485338684328098680e-10,9.999999995407923281e-01,9.999999999999695799e-01,2.999999999999999889e-01,4.429759432039463984e-01,-2.840505532554727930e-01
9.999999999999881206e-01,8.350520069733824795e-13,9.999999999998959721e-01,9.029285024466414677e-01,9.999999999999519273e-01,2.999999999999999889e-01,4.429759548366835054e-01,-7.168448157043462166e-01
9.999999999997956079e-01,7.730893821472647692e-14,9.999999999998904210e-01,2.991275149073674422e-01,9.999999999999543698e-01,2.999999999999999889e-01,4.429759593664011619e-01,-7.637349375334684387e-01
9.999999999995824451e-01,1.089716381635251752e-01,9.999999999999844569e-01,2.153330421704311619e-13,9.999999999999602540e-01,2.999999999999999889e-01,4.429759624741006485e-01,-7.869806820143908643e-01
9.999999999990336619e-01,7.679249810475647422e-12,9.999999999999669154e-01,2.870284362541628553e-01,9.999999999998546718e-01,2.999999999999999889e-01,4.429759594571685000e-01,-7.646745306838073075e-01
9.999999999999902300e-01,9.572473826288217169e-13,9.999999999999971134e-01,6.538394361440985625e-01,9.999999999999786837e-01,2.999999999999999889e-01,4.429759567053507818e-01,-7.361886341256617117e-01
9.999999999945304863e-01,1.869455651367235905e-13,8.097198842777106886e-01,9.999999968784898385e-01,9.999999999998887557e-01,2.999999999999999889e-01,4.429759520335420087e-01,-6.283886798768701931e-01
9.999999999998376854e-01,1.636496864796631075e-13,7.722450701220462399e-02,9.999999926609542955e-01,9.999999999998505640e-01,2.999999999999999889e-01,4.429759440460415698e-01,-3.168907278620071155e-01
9.999999999999898970e-01,4.705679600778575391e-15,9.999999999998918643e-01,6.917799631377661296e-01,9.999999999999698019e-01,2.999999999999999889e-01,4.429759564207207956e-01,-7.332422395851722063e-01
9.999999999999864553e-01,1.082858768325761105e-11,1.814494106694622133e-01,9.999999969925202903e-01,9.999999999999373834e-01,2.999999999999999889e-01,4.429759451825626693e-01,-3.612129786686754107e-01
9.999999999998308020e-01,8.507912870370078955e-12,9.999999999996672662e-01,6.793114695358209998e-01,9.999999999990473176e-01,2.999999999999999889e-01,4.429759565142594724e-01,-7.342105208496559898e-01
9.999999999997625233e-01,5.571716994597386855e-13,9.999999999998948619e-01,7.770590577991506875e-02,9.999999999989552801e-01,2.999999999999999889e-01,4.429759610275070814e-01,-7.809301499325632667e-01
9.999999999998058220e-01,1.889178765581974463e-10,9.999999999999716893e-01,5.116467194211160585e-02,9.999999999999763522e-01,2.999999999999999889e-01,4.429759612266195301e-01,-7.829912954324939056e-01
9.999999999993877120e-01,7.069090158905403259e-15,7.189261459332076942e-01,9.999999991921044717e-01,9.999999999998705480e-01,2.999999999999999889e-01,4.429759510434810865e-01,-5.897781103227696109e-01
9.999999999982066567e-01,1.096823352334976864e-13,9.999999999999892308e-01,8.369757730081378577e-01,9.999999999999966693e-01,2.999999999999999889e-01,4.429759553314611686e-01,-7.219665885770346625e-01
9.999999999993820499e-01,1.436055386138029355e-12,2.481040243000226519e-01,9.999999985307349570e-01,9.999999999999548139e-01,2.999999999999999889e-01,4.429759459093983165e-01,-3.895582436586820796e-01
9.999999999978115284e-01,7.945198841739538380e-12,9.999999999999720224e-01,2.364062464340156988e-01,9.999999999995932143e-01,2.999999999999999889e-01,4.429759598369363838e-01,-7.686057608354214254e-01
9.999999999997669642e-01,2.342339207043004926e-12,9.999999999999109601e-01,1.914674077750533332e-01,9.999999999999218403e-01,2.999999999999999889e-01,4.429759601740677621e-01,-7.720956319408517343e-01
9.999999999999567013e-01,4.622699389462758767e-12,2.392578257337584502e-01,9.999999987063209472e-01,9.999999999999454880e-01,2.999999999999999889e-01,4.429759458129348682e-01,-3.857963458566938675e-01
9.999999999992351674e-01,1.603704738637482527e-13,8.142341994332626953e-01,9.999999973229328765e-01,9.999999999999404920e-01,2.999999999999999889e-01,4.429759520827684094e-01,-6.303084188206463656e-01
9.999999999999394928e-01,2.678655492263640856e-11,9.999999999998918643e-01,2.501688853182794103e-01,9.999999999999338307e-01,2.999999999999999889e-01,4.429759597336890287e-01,-7.675369785260227617e-01
9.999999999989588328e-01,4.013407266488114802e-13,6.671957031312422126e-01,9.999999982538976262e-01,9.999999999984352517e-01,2.999999999999999889e-01,4.429759504793861491e-01,-5.677794364023406315e-01
9.999999999999921174e-01,7.945960355707895396e-14,4.446571740509586146e-01,9.999999995302859546e-01,9.999999999999972244e-01,2.999999999999999889e-01,4.429759480527133975e-01,-4.731436225122537254e-01
9.999999999998093747e-01,6.656988090887754143e-13,9.999999999999998890e-01,3.547810901013142004e-01,9.999999999999387157e-01,2.999999999999999889e-01,4.429759589488878047e-01,-7.594129788500768585e-01
9.999999999999800160e-01,5.202008506837270074e-14,9.999999999999996669e-01,2.248230002962100516e-01,9.999999999991677768e-01,2.999999999999999889e-01,4.429759599238339840e-01,-7.695052953410298491e-01
9.999999999999719114e-01,1.288985438427023681e-13,3.619047424298349469e-01,9.999999955169625032e-01,9.999999999999253930e-01,2.999999999999999889e-01,4.429759471503390000e-01,-4.379526662646676671e-01
9.999999999999444888e-01,9.965392489394023778e-01,9.999999999999911182e-01,3.225726540974284840e-14,9.999999999997497557e-01,2.999999999999999889e-01,4.429759695084269366e-01,-7.871112309543918384e-01
9.999999999998052669e-01,1.546107817298591573e-12,9.999999999999971134e-01,8.263152279341667850e-01,9.999999999999310552e-01,2.999999999999999889e-01,4.429759554114366393e-01,-7.227944677420824471e-01
9.999999999990887289e-01,9.572473826288217169e-13,9.999999999999971134e-01,6.283829888345250358e-01,9.999999999994249045e-01,2.999999999999999889e-01,4.429759568963251848e-01,-7.381655370126846138e-01
9.999999999999502620e-01,1.876660793881135584e-09,9.999999999999996669e-01,7.050313609275438154e-01,9.999999999999704681e-01,2.999999999999999889e-01,4.429759563213087614e-01,-7.322131593593462773e-01
9.999999999944911844e-01,7.417830608564850661e-13,7.280493694710872266e-01,9.999999952602326436e-01,9.999999999998639977e-01,2.999999999999999889e-01,4.429759511429653962e-01,-5.936578149096808366e-01
9.999999999999924505e-01,4.375365483417585378e-14,9.999999983446908880e-01,8.603901556242201654e-01,9.999999999999217293e-01,2.999999999999999889e-01,4.429759551558063446e-01,-7.201482681349203885e-01
9.999999999999885647e-01,4.101776373425331896e-15,5.032414020647189012e-01,9.999999980444164160e-01,9.999999999998731015e-01,2.999999999999999889e-01,4.429759486915454403e-01,-4.980569089525056503e-01
9.999999999999369393e-01,8.205385244422570254e-13,8.774815954870933687e-01,9.999999992063777210e-01,9.999999999999049649e-01,2.999999999999999889e-01,4.429759527724499990e-01,-6.572047445387546594e-01
9.999999999996750377e-01,1.050579783493190004e-14,1.857733416514125713e-01,9.999999946051779665e-01,9.999999999998512301e-01,2.999999999999999889e-01,4.429759452297130085e-01,-3.630517558464253502e-01
9.999999999999287237e-01,1.571670034335532243e-13,2.897250569206690218e-01,9.999999998620469066e-01,9.999999999999731326e-01,2.999999999999999889e-01,4.429759463632551020e-01,-4.072578316185017089e-01
9.999999999998980815e-01,6.917482942258713725e-13,4.846124309256956142e-01,9.999999992251629166e-01,9.999999999999032996e-01,2.999999999999999889e-01,4.429759484884057130e-01,-4.901348296992117382e-01
9.999999999998435696e-01,8.026764496287336734e-13,7.222042931009048372e-02,9.999999980103280173e-01,9.999999999998505640e-01,2.999999999999999889e-01,4.429759439914745522e-01,-3.147627140743277652e-01
9.999999999999823475e-01,1.572797091330878857e-13,1.104025036895591727e-01,9.999999951242486418e-01,9.999999999999883427e-01,2.999999999999999889e-01,4.429759444078312236e-01,-3.309998652140565545e-01
9.999999999994041433e-01,6.079741727877037051e-13,1.897567940845723000e-01,9.999999951823719258e-01,9.999999999996721511e-01,2.999999999999999889e-01,4.429759452731505953e-01,-3.647457422963856777e-01
9.999999999998302469e-01,1.688112969937899275e-12,8.000762980138133029e-01,9.999999954942770941e-01,9.999999999998648859e-01,2.999999999999999889e-01,4.429759519283834601e-01,-6.242876884049332054e-01
9.999999999996339595e-01,1.864135841740936211e-13,3.870979311507763421e-02,9.999999994158608185e-01,9.999999999984809929e-01,2.999999999999999889e-01,4.429759436260575778e-01,-3.005121195169303538e-01
9.999999999999710232e-01,7.945960355707895396e-14,5.596918901155684134e-01,9.999999995302859546e-01,9.999999999999972244e-01,2.999999999999999889e-01,4.429759493071101506e-01,-5.220628097374032661e-01
9.999999999999190647e-01,1.461398392954714606e-12,4.207598467451425517e-01,9.999999969924836529e-01,9.999999999997848388e-01,2.999999999999999889e-01,4.429759477921248467e-01,-4.629811442092880425e-01
9.999999999996879163e-01,3.768561572250856701e-14,6.301201119971366893e-01,9.999999955768886784e-01,9.999999999999314992e-01,2.999999999999999889e-01,4.429759500750951595e-01,-5.520128241799325819e-01
9.999999999999737987e-01,1.163487558408834049e-11,1.508885674851288272e-01,9.999999982710101598e-01,9.999999999999373834e-01,2.999999999999999889e-01,4.429759448493117424e-01,-3.482168008875788923e-01
9.999999999206684587e-01,2.210098265052446625e-14,2.256299292567180981e-01,9.999999962366232786e-01,9.999999999997928324e-01,2.999999999999999889e-01,4.429759456643294069e-01,-3.800010031985455727e-01
9.999999999999998890e-01,4.965813999615223570e-09,9.999999999999116262e-01,4.499777109031417033e-01,9.999999999999893419e-01,2.999999999999999889e-01,4.429759582347223557e-01,-7.520201768529696240e-01
9.999999999989677146e-01,6.950175433852454565e-13,9.999999999999921174e-01,5.914825595062874752e-01,9.999999999999833467e-01,2.999999999999999889e-01,4.429759571731523571e-01,-7.410311593988664347e-01
9.999999999993843813e-01,3.148225636993187198e-13,2.439453463260102262e-01,9.999999986660706996e-01,9.999999999999440448e-01,2.999999999999999889e-01,4.429759458640499803e-01,-3.877897414652785590e-01
9.999999999999823475e-01,1.605652064970010088e-13,9.999999999999825695e-01,4.344629274686847009e-01,9.999999999991361355e-01,2.999999999999999889e-01,4.429759583511143073e-01,-7.532250276232222985e-01
9.999999999814151996e-01,3.082028110281139368e-13,5.225760334318857447e-02,9.999999969918285103e-01,9.999999999999723554e-01,2.999999999999999889e-01,4.429759437737897931e-01,-3.062734054086003743e-01
9.999999999960587083e-01,2.742734524553199234e-14,9.999999999999985567e-01,1.340894721806640266e-01,9.999999999998612221e-01,2.999999999999999889e-01,4.429759606045172715e-01,-7.765515014172440500e-01
9.999999999999703570e-01,3.100273588967198007e-13,4.551220538385208902e-01,9.999999952658690239e-01,9.999999999999862332e-01,2.999999999999999889e-01,4.429759481668277266e-01,-4.775938743072328796e-01
9.999999999999109601e-01,1.661663566227524332e-10,9.999999999999994449e-01,9.557761437285030581e-01,9.999999999999770184e-01,2.999999999999999889e-01,4.429759544402202542e-01,-7.127407609096899632e-01
9.999999999998460121e-01,1.792889790800973664e-10,9.999999999999912292e-01,3.409129474728190279e-01,9.999999999999402700e-01,2.999999999999999889e-01,4.429759590529266933e-01,-7.604899543951856300e-01
9.999999999996680433e-01,5.397105269423754065e-14,1.724144629216886604e-01,9.999999952495112199e-01,9.999999999999910072e-01,2.999999999999999889e-01,4.429759450840410340e-01,-3.573708143194461728e-01
9.999999999994989563e-01,6.013777286209615670e-11,9.999999999999873435e-01,7.803711930440804245e-01,9.999999999999077405e-01,2.999999999999999889e-01,4.429759557561089856e-01,-7.263624006166830016e-01
9.999999999999725775e-01,1.288985438427023681e-13,4.592891629337426673e-01,9.999999990751242684e-01,9.999999999999442668e-01,2.999999999999999889e-01,4.429759482122679892e-01,-4.793659615775972549e-01
9.999999999997365441e-01,2.397388537615957969e-13,4.287254479051252343e-01,9.999999974705042760e-01,9.999999999999988898e-01,2.999999999999999889e-01,4.429759478789857541e-01,-4.663685627524739585e-01
9.999999999997986055e-01,2.434178092570733127e-14,8.589617262072866133e-01,9.999999962367319695e-01,9.999999999996190825e-01,2.999999999999999889e-01,4.429759525704999867e-01,-6.493290618139045955e-01
9.999999999996354028e-01,2.384534200538533494e-13,2.664674262546713052e-02,9.999999971885461525e-01,9.999999999984771071e-01,2.999999999999999889e-01,4.429759434945160224e-01,-2.953822367680315475e-01
9.999999998080619790e-01,1.454152305111513101e-13,2.002676950002598433e-01,9.999999951423181876e-01,9.999999999999432676e-01,2.999999999999999889e-01,4.429759453877668007e-01,-3.692155645180831280e-01
9.999999999058271083e-01,2.170745537972810524e-15,9.999999999999817923e-01,3.678798009861544149e-01,9.999999999999793499e-01,2.999999999999999889e-01,4.429759588506212431e-01,-7.583957560204365178e-01
9.999999999995874411e-01,5.832676033326854299e-12,9.150213832232216848e-01,9.999999939274465399e-01,9.999999999998807620e-01,2.999999999999999889e-01,4.429759531818028839e-01,-6.731687597050374228e-01
9.999999999984385823e-01,9.431850260392840788e-13,9.999999999999117373e-01,7.921932986805543253e-01,9.999999999999548139e-01,2.999999999999999889e-01,4.429759556674194854e-01,-7.254443167032681439e-01
9.999999999993167688e-01,9.008890965096898946e-14,3.522702410077024338e-01,9.999999964959230825e-01,9.999999999999514833e-01,2.999999999999999889e-01,4.429759470452794834e-01,-4.338555379903791254e-01
9.999999999997286615e-01,5.994299221278140993e-13,1.551428993389145083e-01,9.999999951823719258e-01,9.999999999996728173e-01,2.999999999999999889e-01,4.429759448957031887e-01,-3.500259806829278952e-01
9.999999999997166711e-01,5.179215606397226745e-14,1.598464493679481735e-01,9.999999986862426749e-01,9.999999999999418243e-01,2.999999999999999889e-01,4.429759449469930499e-01,-3.520261926285351839e-01
9.999999999998292477e-01,1.220156220967840214e-12,5.685478588847042714e-02,9.999999970100292845e-01,9.999999999999018563e-01,2.999999999999999889e-01,4.429759438239198044e-01,-3.082283842292917742e-01
9.999999999985829113e-01,3.360442806260063262e-13,2.130851409231349081e-01,9.999999992078041355e-01,9.999999999999996669e-01,2.999999999999999889e-01,4.429759455275346647e-01,-3.746662582040000133e-01
9.999999999994328981e-01,1.889933221150009058e-13,8.952795389378223057e-01,9.999999967712812632e-01,9.999999999999759082e-01,2.999999999999999889e-01,4.429759529665278084e-01,-6.647734244947053339e-01
9.999999999993893773e-01,3.360038338406438226e-15,9.702903926555113134e-01,9.999999986476584279e-01,9.999999999999857891e-01,2.999999999999999889e-01,4.429759537844841222e-01,-6.966722295309145663e-01
9.999999999995824451e-01,2.628219952345257455e-09,9.999999999999928946e-01,2.153330421704311619e-13,9.999999999985897947e-01,2.999999999999999889e-01,4.429759616104571029e-01,-7.869646537911004769e-01
9.999999999985904608e-01,4.429455325513757231e-14,2.215060145729816354e-01,9.999999991462856785e-01,9.999999999999997780e-01,2.999999999999999889e-01,4.429759456193601563e-01,-3.782472840829739225e-01
9.999999999997549738e-01,5.190671621676363725e-13,9.999999999999974465e-01,1.032773913911568808e-01,9.999999999997727373e-01,2.999999999999999889e-01,4.429759608356696465e-01,-7.789443133731134283e-01
9.999999999998376854e-01,4.197254042927283482e-13,1.163796130009236290e-01,9.999999971872802762e-01,9.999999999999332756e-01,2.999999999999999889e-01,4.429759444730086426e-01,-3.335416658199102935e-01
9.999999999990027977e-01,2.294691120562530668e-12,4.502677177312445767e-01,9.999999944877067115e-01,9.999999999999608091e-01,2.999999999999999889e-01,4.429759481138936250e-01,-4.755295394864450520e-01
9.999999999997142286e-01,2.862710082348010241e-14,5.892601738664402511e-01,9.999999991050498860e-01,9.999999999998884226e-01,2.999999999999999889e-01,4.429759496295376797e-01,-5.346368957356323337e-01
9.999999999997114530e-01,3.816540323726280795e-14,4.007129724394093984e-01,9.999999962363991246e-01,9.999999999998667732e-01,2.999999999999999889e-01,4.429759475735235985e-01,-4.544560934750577763e-01
9.999999999999884537e-01,3.612676555600512911e-13,3.379037398199541409e-02,9.999999972928548253e-01,9.999999999999988898e-01,2.999999999999999889e-01,4.429759435724137662e-01,-2.984201078629374893e-01
9.999999999999297229e-01,2.099422517357180516e-12,9.999999999997231104e-01,6.664072806437356666e-01,9.999999999999414912e-01,2.999999999999999889e-01,4.429759566110667568e-01,-7.352126374444901691e-01
9.999999999998199218e-01,7.588029408978508757e-12,9.999999999999685807e-01,1.439956416416441343e-01,9.999999999996759259e-01,2.999999999999999889e-01,4.429759605302011627e-01,-7.757822057348658928e-01
9.999999999998829825e-01,1.222781577873326268e-11,9.999999999999797939e-01,3.121032151047855030e-01,9.999999999999730216e-01,2.999999999999999889e-01,4.429759592690574177e-01,-7.627272674970507760e-01
9.999999999913800064e-01,1.341544324290475358e-13,1.216053359920484522e-01,9.999999989977347292e-01,9.999999999997749578e-01,2.999999999999999889e-01,4.429759445299925602e-01,-3.357639350093318820e-01
9.999999999816847618e-01,6.752200316129764277e-15,7.236415261816070421e-01,9.999999970025621465e-01,9.999999999989466204e-01,2.999999999999999889e-01,4.429759510949000112e-01,-5.917833535801041434e-01
9.999999999990228927e-01,2.557632870374135224e-13,4.115688468255576105e-01,9.999999968885601165e-01,9.999999999996966871e-01,2.999999999999999889e-01,4.429759476919015171e-01,-4.590726176336193953e-01
9.999999999999630296e-01,1.689499292900421510e-13,1.684251906519849684e-01,9.999999970268297345e-01,9.999999999998413491e-01,2.999999999999999889e-01,4.429759450405399979e-01,-3.556743527690177098e-01
9.999999999998719913e-01,4.926083826018701334e-13,9.207114900599180363e-01,9.999999999710736942e-01,9.999999999999937828e-01,2.999999999999999889e-01,4.429759532438506398e-01,-6.755885105176550054e-01
9.999999999997101208e-01,2.460200007320358143e-12,4.333297348956491324e-01,9.999999967556451042e-01,9.999999999999303890e-01,2.999999999999999889e-01,4.429759479291932589e-01,-4.683265628361786836e-01
9.999999999983021359e-01,4.799739081913770010e-13,3.184278510442949406e-01,9.999999995378376916e-01,9.999999999996631583e-01,2.999999999999999889e-01,4.429759466762449027e-01,-4.194638630712438365e-01
9.999999999999633626e-01,1.292564814712942650e-12,9.256833519648949293e-01,9.999999939781568647e-01,9.999999999998379074e-01,2.999999999999999889e-01,4.429759532980663828e-01,-6.777028243982506917e-01
9.999999999929379824e-01,5.825252639187972456e-13,4.043907020747696812e-01,9.999999951823486111e-01,9.999999999999946709e-01,2.999999999999999889e-01,4.429759476136274077e-01,-4.560200696393866826e-01
9.999999999996880273e-01,1.785793748461608397e-14,8.251439388284204091e-01,9.999999962514388718e-01,9.999999999998884226e-01,2.999999999999999889e-01,4.429759522017336915e-01,-6.349478495227657282e-01
9.999999999998709921e-01,1.436674152511294237e-12,3.667920482962637174e-01,9.999999997535324869e-01,9.999999999995947686e-01,2.999999999999999889e-01,4.429759472036325918e-01,-4.400310213992050246e-01
9.999999999998731015e-01,1.771437653545504344e-12,8.298368436976184537e-01,9.999999952715376006e-01,9.999999999999983347e-01,2.999999999999999889e-01,4.429759522529075344e-01,-6.369435349004960445e-01
9.999999999989600541e-01,2.328431417844182518e-12,1.298480846029923530e-01,9.999999991903327778e-01,9.999999999999226175e-01,2.999999999999999889e-01,4.429759446198756612e-01,-3.392692121526775795e-01
9.999999999994486632e-01,8.187536991491471335e-14,1.939001310704946412e-01,9.999999959211990364e-01,9.999999999999106270e-01,2.999999999999999889e-01,4.429759453183316209e-01,-3.665077205758447976e-01
9.999999999999710232e-01,7.945960355707895396e-14,7.143330313552209709e-01,9.999999969840017711e-01,9.999999999999976685e-01,2.999999999999999889e-01,4.429759509933954842e-01,-5.878248615993725279e-01
9.999999999999544809e-01,1.621518942618566099e-12,4.632046510948475970e-01,9.999999998156252623e-01,9.999999999999507061e-01,2.999999999999999889e-01,4.429759482549644467e-01,-4.810310458090828467e-01
9.999999999990073496e-01,2.523863496864625720e-12,8.065466567779283613e-02,9.999999964677378506e-01,9.999999999999443778e-01,2.999999999999999889e-01,4.429759440834457607e-01,-3.183494226426860640e-01
9.999999999998731015e-01,1.771437653545504344e-12,8.400741155612274635e-01,9.999999952715376006e-01,9.999999999999983347e-01,2.999999999999999889e-01,4.429759523645399044e-01,-6.412969947611516508e-01
9.999999999999384936e-01,2.216028058245524849e-13,4.762607313849576696e-01,9.999999966723378542e-01,9.999999999999032996e-01,2.999999999999999889e-01,4.429759483973345624e-01,-4.865832207184891400e-01
9.999999999778780291e-01,1.757967343364523648e-12,7.737532303364533792e-01,9.999999974925916080e-01,9.999999999998524514e-01,2.999999999999999889e-01,4.429759516413434017e-01,-6.130936494402029480e-01
9.999999999999866773e-01,7.995168947386721117e-13,8.487253027244197057e-01,9.999999981015798012e-01,9.999999999999847899e-01,2.999999999999999889e-01,4.429759524588768316e-01,-6.449759625869581070e-01
9.999999999998440137e-01,5.760134749396891558e-12,9.999999999999907851e-01,5.027478794461173184e-01,9.999999999999594769e-01,2.999999999999999889e-01,4.429759578388403063e-01,-7.479221384539734840e-01
9.999999999999972244e-01,1.230134745276549948e-12,5.074463762604817241e-01,9.999999987484966546e-01,9.999999999998973044e-01,2.999999999999999889e-01,4.429759487373986504e-01,-4.998450988197803424e-01
9.999999999999213962e-01,1.097224535607506318e-12,8.854983827724042245e-01,9.999999937293712060e-01,9.999999999999888978e-01,2.999999999999999889e-01,4.429759528598691265e-01,-6.606139307442712161e-01
9.999999999998450129e-01,1.168147501028783790e-11,9.999999999999907851e-01,5.171524946214018925e-01,9.999999999999732436e-01,2.999999999999999889e-01,4.429759577307768037e-01,-7.468035013955186541e-01
9.999999999990469846e-01,7.465823374686462720e-12,9.999999999999927836e-01,4.748375871649012092e-01,9.999999999995422550e-01,2.999999999999999889e-01,4.429759580482234282e-01,-7.500896026221822721e-01
9.999999999998440137e-01,5.885444898461792233e-12,9.999999999999907851e-01,5.438480033721805329e-01,9.999999999999594769e-01,2.999999999999999889e-01,4.429759575305070030e-01,-7.447303751775317116e-01
9.999999999997964961e-01,4.838250345709976092e-13,4.076454478536136183e-01,9.999999947936737410e-01,9.999999999996013189e-01,2.999999999999999889e-01,4.429759476491187953e-01,-4.574041693879901116e-01
9.999999999999162892e-01,6.457480186829422462e-13,3.221374102005630236e-01,9.999999956273223356e-01,9.999999999999431566e-01,2.999999999999999889e-01,4.429759467166958786e-01,-4.210413751478653266e-01
9.999999999992945643e-01,7.960580351553875737e-14,9.604026757765202205e-02,9.999999982206858595e-01,9.999999999999380496e-01,2.999999999999999889e-01,4.429759442512181122e-01,-3.248922398895667252e-01
9.999999999999498179e-01,2.756368111608927378e-15,3.468073694728979195e-01,9.999999994100742251e-01,9.999999999998656630e-01,2.999999999999999889e-01,4.429759469857095788e-01,-4.315324196254076705e-01
9.999999999929379824e-01,4.344843469920904526e-14,5.436298465532091173e-03,9.999999951823486111e-01,9.999999999999946709e-01,2.999999999999999889e-01,4.429759432632265903e-01,-2.863623712302115765e-01
9.999999999999329425e-01,1.514553921677149733e-14,9.536086687394992323e-01,9.999999967973153270e-01,9.999999999989583888e-01,2.999999999999999889e-01,4.429759536025781874e-01,-6.895782288081987454e-01
9.999999999999491518e-01,7.810804874843437678e-15,8.051179457716861609e-01,9.999999951167822809e-01,9.999999999999461542e-01,2.999999999999999889e-01,4.429759519833601500e-01,-6.264316786916582780e-01
9.999999999999894529e-01,1.166230197916120884e-12,9.999999983446908880e-01,8.477149902830477535e-01,9.999999999999571454e-01,2.999999999999999889e-01,4.429759552508955034e-01,-7.211325991631026833e-01
9.999999999999537037e-01,7.654904470368270606e-13,6.127509601706243592e-01,9.999999991460463145e-01,9.999999999999029665e-01,2.999999999999999889e-01,4.429759498856931099e-01,-5.446264902880751935e-01
9.999999999997654099e-01,2.149034840753969221e-11,9.999999999999991118e-01,5.789663962216730075e-01,9.999999999999937828e-01,2.999999999999999889e-01,4.429759572670486367e-01,-7.420031426073506742e-01
9.999999999998754330e-01,5.184952526981059882e-13,5.194728160285846386e-01,9.999999969888175855e-01,9.999999999995932143e-01,2.999999999999999889e-01,4.429759488685410251e-01,-5.049594129548263810e-01
9.999999999997654099e-01,4.995632503838638355e-09,9.999999999999974465e-01,5.314586785830854865e-01,9.999999999999954481e-01,2.999999999999999889e-01,4.429759576234518215e-01,-7.456925083325404158e-01
9.999999999997261080e-01,8.415012811942205733e-14,2.985316056265767126e-01,9.999999955768886784e-01,9.999999999999590328e-01,2.999999999999999889e-01,4.429759464592862295e-01,-4.110028684035588187e-01
9.999999999999957812e-01,3.396623588574212035e-14,5.642999560757379074e-01,9.999999980192127991e-01,9.999999999999387157e-01,2.999999999999999889e-01,4.429759493573588447e-01,-5.240224169120230036e-01
9.999999999999995559e-01,5.068565319888238635e-09,4.940183318173967386e-01,9.999999990848849052e-01,9.999999999999983347e-01,2.999999999999999889e-01,4.429759485909724459e-01,-4.941347441925084683e-01
9.999999999998853140e-01,5.260795733470363315e-14,8.819282189425905472e-01,9.999999955030074439e-01,9.999999999995905497e-01,2.999999999999999889e-01,4.429759528209382680e-01,-6.590956975131291307e-01
9.999999999966878717e-01,1.113605326539142261e-12,3.036638339651605983e-02,9.999999996470766428e-01,9.999999999999837907e-01,2.999999999999999889e-01,4.429759435350768548e-01,-2.969640356158241845e-01
9.999999999998383515e-01,8.415012811942205733e-14,1.767982419619961165e-01,9.999999955768886784e-01,9.999999999999590328e-01,2.999999999999999889e-01,4.429759451318440178e-01,-3.592350420245961073e-01
9.999999999999362732e-01,1.698224188840129368e-11,9.999999999999940048e-01,3.816407220723022631e-02,9.999999999999911182e-01,2.999999999999999889e-01,4.429759613241500693e-01,-7.840008991228265556e-01
9.999999999978784748e-01,8.065409156452600462e-12,9.999999999999971134e-01,7.430887312671230482e-01,9.999999999999610312e-01,2.999999999999999889e-01,4.429759560358021986e-01,-7.292576909703113452e-01
9.999999999999885647e-01,4.101776373425331896e-15,9.247195516998860110e-02,9.999999999408529794e-01,9.999999999997649658e-01,2.999999999999999889e-01,4.429759442123074598e-01,-3.233747939903529600e-01
9.999999999995615729e-01,1.358350346189808859e-14,5.296475891963861038e-01,9.999999959746995737e-01,9.999999999999357181e-01,2.999999999999999889e-01,4.429759489794919403e-01,-5.092862949571749231e-01
9.999999999998059330e-01,8.517355969539224680e-12,9.999999999999971134e-01,5.542660901838252219e-01,9.999999999999322764e-01,2.999999999999999889e-01,4.429759574523504662e-01,-7.439213248946142665e-01
9.999999999999390488e-01,6.327288515072425106e-15,5.553880658600828246e-01,9.999999979681937212e-01,9.999999999999641398e-01,2.999999999999999889e-01,4.429759492601790805e-01,-5.202325833694886326e-01
9.999999999999927836e-01,5.892338495570674058e-14,7.875332758451398796e-01,9.999999980227364249e-01,9.999999999999842348e-01,2.999999999999999889e-01,4.429759517916079803e-01,-6.189536945160879489e-01
9.999999999990804023e-01,1.774092700017193593e-12,9.999999999999940048e-01,9.101423219221399519e-02,9.999999999999445999e-01,2.999999999999999889e-01,4.429759609276679444e-01,-7.798966487299104910e-01
9.999999999990574207e-01,1.188863230834691408e-11,5.164020786423318965e-01,9.999999951491559402e-01,9.999999999998691047e-01,2.999999999999999889e-01,4.429759488350561436e-01,-5.036535640269615977e-01
9.999999999998290257e-01,6.192113825360604545e-14,9.999999999958767427e-01,6.418962183518492903e-01,9.999999999999410472e-01,2.999999999999999889e-01,4.429759567949488330e-01,-7.371161233936806001e-01
9.999999999998139266e-01,5.528210457791594242e-13,9.398613907306117010e-01,9.999999969354831375e-01,9.999999999998530065e-01,2.999999999999999889e-01,4.429759534526708786e-01,-6.837321182518135698e-01
9.999999999996934674e-01,6.119405305394750571e-12,7.011422843309148556e-01,9.999999970024799900e-01,9.999999999999560352e-01,2.999999999999999889e-01,4.429759508495568765e-01,-5.822154191157083991e-01
9.999999999993937072e-01,8.618012919785660236e-14,2.349413759188828110e-01,9.999999965037051908e-01,9.999999999999410472e-01,2.999999999999999889e-01,4.429759457658661304e-01,-3.839607504458758536e-01
9.999999999997062350e-01,2.704935084279774541e-13,4.384251419972530206e-01,9.999999959254477488e-01,9.999999999999645839e-01,2.999999999999999889e-01,4.429759479847561465e-01,-4.704934146341323009e-01
9.999999999996144195e-01,8.990699495230782706e-14,1.423926485715750201e-01,9.999999938854129411e-01,9.999999999996629363e-01,2.999999999999999889e-01,4.429759447566680164e-01,-3.446038619154035976e-01
9.999999999996339595e-01,1.864135841740936211e-13,3.570796058429138720e-01,9.999999994158608185e-01,9.999999999999018563e-01,2.999999999999999889e-01,4.429759470977232549e-01,-4.359007483466160737e-01
9.999999999999871214e-01,1.228178447140071133e-12,4.993839075380200332e-01,9.999999987484966546e-01,9.999999999998950839e-01,2.999999999999999889e-01,4.429759486494813658e-01,-4.964164867414259108e-01
9.999999999999996669e-01,5.046347768063088605e-09,3.376413718107441064e-01,9.999999979192991661e-01,9.999999999995432542e-01,2.999999999999999889e-01,4.429759468857589200e-01,-4.276345255143033652e-01
9.999999999989432897e-01,5.756639540333907784e-14,5.118098442354059863e-01,9.999999959336191013e-01,9.999999999995533573e-01,2.999999999999999889e-01,4.429759487849800892e-01,-5.017006893690515446e-01
9.999999999999902300e-01,8.922808470443580560e-13,6.446702616541584163e-01,9.999999961108775315e-01,9.999999999999423794e-01,2.999999999999999889e-01,4.429759502337573540e-01,-5.582003605581699057e-01
9.999999999999322764e-01,2.674399787433422220e-10,9.999999999999928946e-01,9.139577456920964238e-01,9.999999999998435696e-01,2.999999999999999889e-01,4.429759547539420805e-01,-7.159883040880871130e-01
9.999999999985283994e-01,8.798832123588064890e-14,2.574098248301700531e-01,9.999999995455389756e-01,9.999999999990850652e-01,2.999999999999999889e-01,4.429759460108734781e-01,-3.935155897965224581e-01
9.999999999989606092e-01,2.328431417844182518e-12,6.126405289412178296e-02,9.999999991903327778e-01,9.999999999998446798e-01,2.999999999999999889e-01,4.429759438720006770e-01,-3.101034506963583626e-01
9.999999999997964961e-01,5.163617741108863068e-13,3.723108448094379352e-01,9.999999947227165009e-01,9.999999999996013189e-01,2.999999999999999889e-01,4.429759472638123974e-01,-4.423779223527518623e-01
9.999999999999215072e-01,5.190671621676363725e-13,9.999999999999974465e-01,1.187141523669176801e-01,9.999999999997712941e-01,2.999999999999999889e-01,4.429759607198630045e-01,-7.777455216888967682e-01
9.999999999994113598e-01,1.228178447140071133e-12,4.249229636927866482e-01,9.999999987252180533e-01,9.999999999999537037e-01,2.999999999999999889e-01,4.429759478375215331e-01,-4.647515339565196912e-01
9.999999999997448707e-01,1.242083946679042661e-12,2.935057990141741735e-01,9.999999999093182046e-01,9.999999999930462291e-01,2.999999999999999889e-01,4.429759464044822348e-01,-4.088656143482206629e-01
9.999999999999948930e-01,6.448337375008006512e-13,3.079700021478500305e-01,9.999999978062968919e-01,9.999999999999431566e-01,2.999999999999999889e-01,4.429759465622072345e-01,-4.150166016696986704e-01
9.999999999998402389e-01,7.061872649652259252e-14,7.915870707143726204e-01,9.999999970950046446e-01,9.999999999999766853e-01,2.999999999999999889e-01,4.429759518358126202e-01,-6.206775946149266643e-01
9.999999999980170307e-01,7.228229487959722484e-12,9.999999999998944178e-01,1.565952735798573636e-01,9.999999999985045296e-01,2.999999999999999889e-01,4.429759604356786618e-01,-7.748037404964912556e-01
9.999999999999551470e-01,1.216927169935001989e-12,7.054343162469070005e-01,9.999999969579475012e-01,9.999999999999545919e-01,2.999999999999999889e-01,4.429759508963593828e-01,-5.840406308468281127e-01
9.999999999998170352e-01,9.778866263338445472e-14,9.999999999999531486e-01,4.890249731075844153e-01,9.999999999999954481e-01,2.999999999999999889e-01,4.429759579417896220e-01,-7.489878352037212528e-01
9.999999999993941513e-01,1.903705250255589174e-13,8.870906766478964256e-02,9.999999969466770722e-01,9.999999999999765743e-01,2.999999999999999889e-01,4.429759441712750045e-01,-3.217746042575780896e-01
9.999999999999047429e-01,2.576177208084569143e-11,6.254519347586008360e-01,9.999999950150677552e-01,9.999999999999474865e-01,2.999999999999999889e-01,4.429759500241909898e-01,-5.500276544923626831e-01
9.999999999998872013e-01,9.885814058141224857e-13,7.451587363720104662e-01,9.999999978849321014e-01,9.999999999999963363e-01,2.999999999999999889e-01,4.429759513295345452e-01,-6.009336732582283291e-01
9.999999999998183675e-01,8.958416376666884891e-13,9.006062339538115635e-01,9.999999962743655324e-01,9.999999999998981925e-01,2.999999999999999889e-01,4.429759530246127897e-01,-6.670386328081187033e-01
9.999999999997986055e-01,2.072839968113804367e-14,6.071223219971316754e-01,9.999999981647281766e-01,9.999999999999986677e-01,2.999999999999999889e-01,4.429759498243155957e-01,-5.422328789906677438e-01
9.999999999995318190e-01,2.421631545309897603e-14,2.719977042196419226e-01,9.999999961696610651e-01,9.999999999997982725e-01,2.999999999999999889e-01,4.429759461699471212e-01,-3.997191712683515474e-01
9.999999999998872013e-01,8.285236608607471415e-12,1.253443689619702095e-01,9.999999970487777334e-01,9.999999999997756239e-01,2.999999999999999889e-01,4.429759445707648902e-01,-3.373539808457993727e-01
9.999999999986873833e-01,2.718502909460074336e-14,6.032583885018599767e-01,9.999999926018382501e-01,9.999999999999715783e-01,2.999999999999999889e-01,4.429759497821813552e-01,-5.405897190580341016e-01
9.999999978181882687e-01,6.052053088698282624e-01,1.000000000000000000e+00,5.910325137035841352e-13,9.999999999998883116e-01,2.999999999999999889e-01,4.429759664069498615e-01,-7.870536711345405001e-01
9.999999999998525624e-01,2.787933509932589125e-13,6.168905334267265061e-01,9.999999926385886306e-01,9.999999999999525935e-01,2.999999999999999889e-01,4.429759499308331683e-01,-5.463868685819700532e-01
9.999999999998009370e-01,5.163617741108863068e-13,3.777638366884020771e-01,9.999999947326850824e-01,9.999999999996013189e-01,2.999999999999999889e-01,4.429759473232746103e-01,-4.446968391083588878e-01
9.999999999999823475e-01,4.375365483417585378e-14,9.999999998553342762e-01,1.163426044639409573e-02,9.999999999999217293e-01,2.999999999999999889e-01,4.429759615231768088e-01,-7.860611575421697639e-01
9.999999999999849010e-01,4.509539021891242435e-12,3.263533562561470314e-01,9.999999967905439657e-01,9.999999999995426991e-01,2.999999999999999889e-01,4.429759467626686598e-01,-4.228342308276490380e-01
9.999999999998377964e-01,1.816162773140651256e-12,9.063447512768088021e-01,9.999999969466770722e-01,9.999999999997516431e-01,2.999999999999999889e-01,4.429759530871884565e-01,-6.694789708814753437e-01
9.999999999984839905e-01,2.643020081980607202e-14,8.734064264400027700e-01,9.999999994244164192e-01,9.999999999999232836e-01,2.999999999999999889e-01,4.429759527280122677e-01,-6.554717550008798410e-01
9.999999999999095168e-01,8.838294609548537516e-14,2.761776184373267440e-01,9.999999969307969971e-01,9.999999999999285016e-01,2.999999999999999889e-01,4.429759462155269945e-01,-4.014967042283531518e-01
9.999999999997447597e-01,1.422812355058464523e-12,9.999999999999716893e-01,6.337417364792008456e-02,9.999999999999763522e-01,2.999999999999999889e-01,4.429759611350237991e-01,-7.820431270218352049e-01
9.999999999314808097e-01,8.270903857617668656e-12,1.645074792229609395e-01,9.999999995245851814e-01,9.999999999999442668e-01,2.999999999999999889e-01,4.429759449978192820e-01,-3.540083228273424032e-01
9.999999999999986677e-01,9.083628732757961579e-14,9.999999999979990450e-01,7.182471907445224790e-01,9.999999999998792077e-01,2.999999999999999889e-01,4.429759562221635139e-01,-7.311868412780256898e-01
9.999999999997407629e-01,9.075412164479200904e-14,9.999999983850420548e-01,2.740769370035640029e-01,9.999999999999997780e-01,2.999999999999999889e-01,4.429759595543307227e-01,-7.656803206300960563e-01
9.999999999999492628e-01,1.824739958120504097e-12,6.712304760208415155e-01,9.999999997481895386e-01,9.999999999998321343e-01,2.999999999999999889e-01,4.429759505233833439e-01,-5.694952471044890663e-01
9.999999999999146238e-01,1.461398392954714606e-12,4.153068548661783543e-01,9.999999969825149604e-01,9.999999999997848388e-01,2.999999999999999889e-01,4.429759477326626338e-01,-4.606622274539339257e-01
9.999999999999500400e-01,4.167914049421466205e-07,9.999999999999060751e-01,2.605871541449622519e-02,9.999999999999998890e-01,2.999999999999999889e-01,4.429759614149678115e-01,-7.849409798836063379e-01
9.999999999999934497e-01,1.261536781304006911e-12,1.753241488769109735e-02,9.999999980490765772e-01,9.999999999999852340e-01,2.999999999999999889e-01,4.429759433951287462e-01,-2.915063154115801192e-01
9.999999999994758637e-01,8.871398661858073694e-13,7.784789882976550501e-01,9.999999983143135207e-01,9.999999999998351319e-01,2.999999999999999889e-01,4.429759516928754581e-01,-6.151033056465599058e-01
9.999999999999373834e-01,9.301621462481835689e-16,9.999999999998205880e-01,7.298667580478767070e-01,9.999999999999502620e-01,2.999999999999999889e-01,4.429759561349934649e-01,-7.302844861359024664e-01
9.999999999998064881e-01,8.205385244422570254e-13,8.636355202218191085e-01,9.999999994256402180e-01,9.999999999999379385e-01,2.999999999999999889e-01,4.429759526214653853e-01,-6.513166198635570447e-01
9.999999999998445688e-01,3.072771788806104721e-13,6.585892590068054275e-01,9.999999967354898933e-01,9.999999999999303890e-01,2.999999999999999889e-01,4.429759503855371650e-01,-5.641194957135217125e-01
9.999999999999764633e-01,1.441479681103749026e-12,7.546567916081776684e-01,9.999999985442947770e-01,9.999999999999548139e-01,2.999999999999999889e-01,4.429759514331061410e-01,-6.049727768644753700e-01
9.999999999997232214e-01,1.217193524574738290e-12,2.302540928109867435e-01,9.999999962161230105e-01,9.999999999999841238e-01,2.999999999999999889e-01,4.429759457147536272e-01,-3.819674558534998932e-01
9.999999999999703570e-01,1.312390784169525512e-13,4.673436455168180625e-01,9.999999952658690239e-01,9.999999999995570210e-01,2.999999999999999889e-01,4.429759483000981768e-01,-4.827911777991290565e-01
9.999999999999800160e-01,5.202008506837270074e-14,9.999999999999996669e-01,2.121935508517869273e-01,9.999999999991677768e-01,2.999999999999999889e-01,4.429759600185801394e-01,-7.704860761530830660e-01
9.999999999999885647e-01,4.101776373425331896e-15,4.299370870168991998e-02,9.999999993038115598e-01,9.999999999998728795e-01,2.999999999999999889e-01,4.429759436727715993e-01,-3.023338797370115349e-01
9.999999999779415338e-01,5.182752564944560815e-14,7.368178791595251242e-01,9.999999994569535033e-01,9.999999999999935607e-01,2.999999999999999889e-01,4.429759512385816334e-01,-5.973866747207349226e-01
9.999999999998856470e-01,2.694652881301207530e-13,6.796976113610323500e-01,9.999999958828861280e-01,9.999999999997761790e-01,2.999999999999999889e-01,4.429759506157133209e-01,-5.730959463338948234e-01
9.999999999652855465e-01,1.214365347132173648e-12,6.755583591781116892e-01,9.999999973058961711e-01,9.999999999999578115e-01,2.999999999999999889e-01,4.429759505705768152e-01,-5.713357049735864335e-01
9.999999999996941336e-01,7.945960355707895396e-14,6.966927448065886042e-01,9.999999967377170007e-01,9.999999999999977796e-01,2.999999999999999889e-01,4.429759508010368552e-01,-5.803232263743834940e-01
9.999999999998762101e-01,2.749741324201346124e-12,9.834229216556892306e-01,9.999999951213733862e-01,9.999999999999857891e-01,2.999999999999999889e-01,4.429759539276879043e-01,-7.022569147321798821e-01
9.999999999816234775e-01,1.519296239893712612e-14,5.778541583874264864e-01,9.999999959336191013e-01,9.999999999995587974e-01,2.999999999999999889e-01,4.429759495051607820e-01,-5.297864210490780268e-01
9.999999999996750377e-01,5.014156228215475562e-14,7.594996594233406340e-01,9.999999975027806798e-01,9.999999999896836966e-01,2.999999999999999889e-01,4.429759514859152314e-01,-6.070322348673747870e-01
9.999999999990055732e-01,1.573253507598121626e-12,3.138374371250338690e-01,9.999999976563149762e-01,9.999999999999379385e-01,2.999999999999999889e-01,4.429759466261887213e-01,-4.175117627942502851e-01
9.999999999999402700e-01,3.677579544935622959e-12,5.682205653554064373e-01,9.999999954890708143e-01,9.999999999999824585e-01,2.999999999999999889e-01,4.429759494001112019e-01,-5.256896791828761240e-01
9.999999999998531175e-01,1.603704738637482527e-13,1.051294731248749725e-01,9.999999951720731639e-01,9.999999999999404920e-01,2.999999999999999889e-01,4.429759443503314409e-01,-3.287574780570344801e-01
9.999999999999723554e-01,1.901934809585243023e-12,4.714325204338699060e-01,9.999999992789109227e-01,9.999999999999437117e-01,2.999999999999999889e-01,4.429759483446852886e-01,-4.845299955108838263e-01
9.999999999112367810e-01,2.891940136290476125e-13,9.999999999999689138e-01,1.807771603881667133e-01,9.999999999998949729e-01,2.999999999999999889e-01,4.429759602542660546e-01,-7.729258177342056557e-01
9.999999999999850120e-01,1.033939279368396715e-11,9.999999999999921174e-01,4.064972783311411320e-01,9.999999999998779865e-01,2.999999999999999889e-01,4.429759585609127637e-01,-7.553967907074800037e-01
9.999999999996419531e-01,1.694039680561412567e-13,9.623734738425862023e-01,9.999999994158608185e-01,9.999999999985077492e-01,2.999999999999999889e-01,4.429759536981540125e-01,-6.933055133458295716e-01
9.999999999998308020e-01,8.507912870370078955e-12,9.999999999999333866e-01,4.649062744829686733e-01,9.999999999998747668e-01,2.999999999999999889e-01,4.429759581227281640e-01,-7.508608508827397943e-01
9.999999999997706279e-01,6.173250534515103171e-11,9.999999983850420548e-01,8.119064702562232005e-01,9.999999999999086286e-01,2.999999999999999889e-01,4.429759555195311727e-01,-7.239134258124272359e-01
9.999999999999269473e-01,2.151575352068631187e-13,7.081664680431510872e-01,9.999999966723378542e-01,9.999999999999032996e-01,2.999999999999999889e-01,4.429759509261521622e-01,-5.852024944331791767e-01
9.999999999997076783e-01,1.020598191905714068e-12,8.363797836450691525e-01,9.999999983126345304e-01,9.999999999999992228e-01,2.999999999999999889e-01,4.429759523242550179e-01,-6.397259582247315501e-01
9.999999999999749090e-01,8.081146022031230486e-12,9.999999999997741806e-01,6.137120389885392102e-01,9.999999999999954481e-01,2.999999999999999889e-01,4.429759570063867002e-01,-7.393048571517285561e-01
9.999999999058271083e-01,7.833275123951596974e-12,9.999999999999817923e-01,9.296324708970041817e-01,9.999999999999782396e-01,2.999999999999999889e-01,4.429759546363501999e-01,-7.147710325210262505e-01
9.999999999993905986e-01,1.646063646292950596e-13,7.501949157805167800e-01,9.999999930144405358e-01,9.999999999998505640e-01,2.999999999999999889e-01,4.429759513844516716e-01,-6.030753384463204414e-01
9.999999999998315792e-01,4.751778474274030451e-11,5.938446961513224043e-01,9.999999980123754906e-01,9.999999999998514522e-01,2.999999999999999889e-01,4.429759496795296347e-01,-5.365864907918588278e-01
9.999999999996592726e-01,1.596289798373784264e-12,5.362487138772562556e-01,9.999999969579475012e-01,9.999999999999538147e-01,2.999999999999999889e-01,4.429759490514739162e-01,-5.120934618411295824e-01
9.999999999986914911e-01,2.441941353893672899e-14,5.989035815732726142e-01,9.999999989864342131e-01,9.999999999998713252e-01,2.999999999999999889e-01,4.429759497346942854e-01,-5.387378113917119515e-01
9.999999999999553690e-01,1.949612967291273156e-12,6.855690708911059694e-01,9.999999996058286378e-01,9.999999999999971134e-01,2.999999999999999889e-01,4.429759506797386615e-01,-5.755928186231745736e-01
9.999999999999794609e-01,2.423262385787567991e-13,9.990760883429519734e-02,9.999999965249656286e-01,9.999999999999861222e-01,2.999999999999999889e-01,4.429759442933896008e-01,-3.265368495569452856e-01
9.999999999993023359e-01,8.744811888054859925e-14,9.791182863925836921e-01,9.999999982027226730e-01,9.999999999997559730e-01,2.999999999999999889e-01,4.429759538807479524e-01,-7.004263431178937571e-01
9.999999999998508970e-01,6.409417830979636064e-13,2.061173685490698126e-01,9.999999988406331752e-01,9.999999999999429345e-01,2.999999999999999889e-01,4.429759454515545536e-01,-3.717031721918716558e-01
9.999999999972755127e-01,1.418030270782499613e-12,9.999999999998074873e-01,8.012498034148944903e-01,9.999999999994942934e-01,2.999999999999999889e-01,4.429759555994775555e-01,-7.247410044866889889e-01
9.999999999999998890e-01,4.965813999615223570e-09,9.999999999999115152e-01,9.708706907638301464e-01,9.999999999999893419e-01,2.999999999999999889e-01,4.429759543269809474e-01,-7.115685449578260657e-01
9.999999999994422240e-01,1.562250190542540676e-13,3.025933647457942910e-01,9.999999960960965772e-01,9.999999999999515943e-01,2.999999999999999889e-01,4.429759465035776889e-01,-4.127301552349952329e-01
9.999999999999737987e-01,2.434901468229518304e-12,1.345004565261487539e-01,9.999999985102414612e-01,9.999999999999373834e-01,2.999999999999999889e-01,4.429759446706075243e-01,-3.412476606330520079e-01
9.999999999999633626e-01,1.720855935874574019e-14,9.347530314704183274e-01,9.999999939781568647e-01,9.999999999998511191e-01,2.999999999999999889e-01,4.429759533969667706e-01,-6.815597587655913836e-01
9.999999999990721866e-01,9.431271241452338404e-13,2.186022514230098746e-01,9.999999955768886784e-01,9.999999999999468203e-01,2.999999999999999889e-01,4.429759455876960961e-01,-3.770124420608894633e-01
9.999999999996574962e-01,1.033939279368396715e-11,9.999999999999907851e-01,3.809472458563192832e-01,9.999999999999578115e-01,2.999999999999999889e-01,4.429759587525892162e-01,-7.573809612534895264e-01
9.999999999999664713e-01,1.243976811507734952e-13,5.847632197597838477e-01,9.999999955658122053e-01,9.999999999999497069e-01,2.999999999999999889e-01,4.429759495805006830e-01,-5.327245399201531173e-01
9.999999999996941336e-01,7.948419028332016001e-14,6.914080600658588649e-01,9.999999967377170007e-01,9.999999999999972244e-01,2.999999999999999889e-01,4.429759507434100074e-01,-5.780758832146956072e-01
9.999999999957254193e-01,1.547574202998027111e-13,4.889187885603763495e-01,9.999999980426204083e-01,9.999999999999759082e-01,2.999999999999999889e-01,4.429759485353644277e-01,-4.919661336149000475e-01
9.999999999997949418e-01,5.163617741108863068e-13,3.819551487914997767e-01,9.999999947227165009e-01,9.999999999996013189e-01,2.999999999999999889e-01,4.429759473689787730e-01,-4.464792191465988269e-01
9.999999999992031929e-01,4.055372517941264223e-14,7.630349241909977209e-01,9.999999981876426247e-01,9.999999999999530376e-01,2.999999999999999889e-01,4.429759515244655610e-01,-6.085356268776865862e-01
9.999999999998170352e-01,7.913691581968182484e-14,9.999999999999531486e-01,5.667321743883452223e-01,9.999999999999954481e-01,2.999999999999999889e-01,4.429759573588298305e-01,-7.429532307391993884e-01
9.999999999999261702e-01,4.763133725569464345e-11,4.801684081474574817e-01,9.999999954289788828e-01,9.999999999999824585e-01,2.999999999999999889e-01,4.429759484399458658e-01,-4.882449832608041218e-01
9.999999999994644284e-01,2.804265952031569125e-12,2.678674537887006935e-01,9.999999982679744770e-01,9.999999999999374944e-01,2.999999999999999889e-01,4.429759461249087593e-01,-3.979627579017447347e-01
9.999999999999560352e-01,9.182563196769445695e-14,8.683972554505747787e-01,9.999999981590037557e-01,9.999999999999737987e-01,2.999999999999999889e-01,4.429759526733897945e-01,-6.533415757771071641e-01
9.999999999999543698e-01,8.906180232469010227e-13,9.664504374242957052e-01,9.999999994022521488e-01,9.999999999999257261e-01,2.999999999999999889e-01,4.429759537426112836e-01,-6.950392660041343484e-01
9.999999999998926414e-01,3.239435633512074367e-10,9.999999999999968914e-01,2.016626575877574767e-01,9.999999999985897947e-01,2.999999999999999889e-01,4.429759600975829437e-01,-7.713038867864435710e-01
9.999999999945304863e-01,1.869455651367235905e-13,8.193828380526578803e-01,9.999999968784898385e-01,9.999999999998887557e-01,2.999999999999999889e-01,4.429759521389117771e-01,-6.324979076030784464e-01
9.999999999994965139e-01,1.927509087074719721e-12,6.209154609396730917e-01,9.999999992541100946e-01,9.999999999999850120e-01,2.999999999999999889e-01,4.429759499747229490e-01,-5.480984920832495666e-01
9.999999999999851230e-01,9.613548710184021947e-14,8.895223329800620027e-01,9.999999969579475012e-01,9.999999999998760991e-01,2.999999999999999889e-01,4.429759529037483046e-01,-6.623251389041392434e-01
9.999999999140575246e-01,8.714451181210513703e-14,2.530187714509899433e-01,9.999999974671767156e-01,9.999999999998886446e-01,2.999999999999999889e-01,4.429759459629912244e-01,-3.916482687723045197e-01
9.999999999993053335e-01,1.438238394320630243e-12,7.404506459767172810e-01,9.999999968677731887e-01,9.999999999999602540e-01,2.999999999999999889e-01,4.429759512781951680e-01,-5.989315303016146119e-01
9.999999999999406031e-01,1.327392907834201752e-13,6.405657680567887757e-01,9.999999957526940486e-01,9.999999999999862332e-01,2.999999999999999889e-01,4.429759501889998785e-01,-5.564549006274214227e-01
9.999999999999208411e-01,9.057552911777134898e-14,5.731641814061427809e-01,9.999999996534868485e-01,9.999999999998783196e-01,2.999999999999999889e-01,4.429759494540188580e-01,-5.277919805603018544e-01
9.999999999999783507e-01,2.434178092570733127e-14,8.534334603865103563e-01,9.999999967987004412e-01,9.999999999996113109e-01,2.999999999999999889e-01,4.429759525102169859e-01,-6.469781343280832653e-01
9.999999999997730704e-01,1.763267562609396075e-13,9.752574712623536257e-01,9.999999981700599117e-01,9.999999999999834577e-01,2.999999999999999889e-01,4.429759538386476847e-01,-6.987845088579230923e-01
9.999999999994486632e-01,3.876526973706993527e-13,3.963152962084713904e-01,9.999999982636444962e-01,9.999999999999106270e-01,2.999999999999999889e-01,4.429759475255690693e-01,-4.525859557250165865e-01
9.999999999992417177e-01,8.225459073022873791e-12,6.629611343317347583e-01,9.999999975752164039e-01,9.999999999998883116e-01,2.999999999999999889e-01,4.429759504332103082e-01,-5.659786612536216177e-01
9.999999999998551159e-01,1.423688187361938011e-13,4.788956152637219299e-02,9.999999968423783914e-01,9.999999999999998890e-01,2.999999999999999889e-01,4.429759437261584498e-01,-3.044158700365527936e-01
9.999999999997379874e-01,1.540180102259757331e-13,1.385351168755073192e-01,9.999999938854129411e-01,9.999999999999770184e-01,2.999999999999999889e-01,4.429759447146034979e-01,-3.429634239529640860e-01
9.999999999999474865e-01,4.757974985404388064e-11,3.321866280657479464e-01,9.999999955142360175e-01,9.999999999999984457e-01,2.999999999999999889e-01,4.429759468262776112e-01,-4.253148639524265695e-01
9.999999999997871702e-01,7.171010648243404146e-13,9.999999999999782396e-01,3.262077580098874940e-01,9.999999999999480416e-01,2.999999999999999889e-01,4.429759591632450588e-01,-7.616319335233302512e-01
9.999999999997625233e-01,1.967385883363352565e-13,9.999999999998915312e-01,9.450548262980235092e-01,9.999999999935618167e-01,2.999999999999999889e-01,4.429759545206516380e-01,-7.135733595478900293e-01
9.999999999994303446e-01,7.537710891425446490e-12,9.999999999999971134e-01,9.853240648397747492e-01,9.999999999997648548e-01,2.999999999999999889e-01,4.429759542185516263e-01,-7.104461213676996900e-01
9.999999999998063771e-01,2.434178092570733127e-14,9.444428945534653064e-01,9.999999962367319695e-01,9.999999999996190825e-01,2.999999999999999889e-01,4.429759535026299155e-01,-6.856804296588455694e-01
9.999999999999329425e-01,8.909131638317992528e-15,9.305636017943405003e-01,9.999999967973153270e-01,9.999999999989583888e-01,2.999999999999999889e-01,4.429759533512830916e-01,-6.797781790213609510e-01
9.999999999992617017e-01,2.084395313647848410e-13,9.999999999996929123e-01,8.768329517233844905e-01,9.999999999993673949e-01,2.999999999999999889e-01,4.429759550324524620e-01,-7.188713502371807396e-01
9.999999999995874411e-01,3.081606998238774429e-11,9.998284834440955837e-01,9.999999939274465399e-01,9.999999999998777644e-01,2.999999999999999889e-01,4.429759541065824702e-01,-7.092334761280506550e-01
9.999999999999170663e-01,1.554960229947498307e-13,7.681847788921185582e-01,9.999999950729776543e-01,9.999999999999810152e-01,2.999999999999999889e-01,4.429759515806221959e-01,-6.107256330138451927e-01
9.999999999999894529e-01,1.421792156741321833e-13,9.999999983446908880e-01,8.906247632844167539e-01,9.999999999999571454e-01,2.999999999999999889e-01,4.429759549289861709e-01,-7.178003017245181416e-01
9.999999999985487165e-01,1.918983903168952956e-12,5.814749748679333141e-01,9.999999988977803511e-01,9.999999999999844569e-01,2.999999999999999889e-01,4.429759495446439210e-01,-5.313261942481123379e-01
9.999999999999299449e-01,1.242083946679042661e-12,3.865965515023524479e-01,9.999999963294425864e-01,9.999999999999998890e-01,2.999999999999999889e-01,4.429759474195909541e-01,-4.484530027276744102e-01
9.999999999996750377e-01,1.577845695791698013e-13,8.455895052715661775e-02,9.999999960483776373e-01,9.999999999998456790e-01,2.999999999999999889e-01,4.429759441260200381e-01,-3.200097426907123621e-01
9.999999999998440137e-01,2.215800487819320987e-13,9.999999999999907851e-01,2.624454592056025271e-01,9.999999999999824585e-01,2.999999999999999889e-01,4.429759596415901446e-01,-7.665836014080787963e-01
9.999999999989516164e-01,2.328431417844182518e-12,6.705658157415728127e-02,9.999999991903327778e-01,9.999999999998446798e-01,2.999999999999999889e-01,4.429759439351653172e-01,-3.125667574678320237e-01
9.999999999996931344e-01,1.341673663329835397e-12,5.503637844827367065e-01,9.999999966932962003e-01,9.999999999999664713e-01,2.999999999999999889e-01,4.429759492053917946e-01,-5.180959783650643802e-01
9.999999999993854916e-01,1.326294257460136791e-12,7.325133375989214546e-01,9.999999994669326320e-01,9.999999999999475975e-01,2.999999999999999889e-01,4.429759511916427361e-01,-5.955561431920733950e-01
9.999999999778671489e-01,9.168357574284606845e-14,9.999999999998915312e-01,1.691917460171146192e-01,9.999999999933312234e-01,2.999999999999999889e-01,4.429759603411798641e-01,-7.738255206210661319e-01
9.999999999652855465e-01,1.214365347132173648e-12,9.964370208103094928e-01,9.999999973058961711e-01,9.999999999999578115e-01,2.999999999999999889e-01,4.429759540696002196e-01,-7.077912365033690589e-01
9.999999999970167197e-01,9.480650923568527727e-14,9.999999999999971134e-01,7.558902308433598227e-01,9.999999999998780975e-01,2.999999999999999889e-01,4.429759559397652979e-01,-7.282635490472421091e-01
9.999999999997363220e-01,9.441381061717579947e-14,9.575516082805951568e-01,9.999999958932968003e-01,9.999999999999755751e-01,2.999999999999999889e-01,4.429759536455739610e-01,-6.912549870278480446e-01
9.999999999999495959e-01,9.019594785065406194e-12,5.439488165218104854e-01,9.999999992879335942e-01,9.999999999999997780e-01,2.999999999999999889e-01,4.429759491354396950e-01,-5.153679754396428558e-01
9.999999999998063771e-01,2.434178092570733127e-14,9.931428158744004531e-01,9.999999978738791651e-01,9.999999999996190825e-01,2.999999999999999889e-01,4.429759540336785095e-01,-7.063903565026840026e-01
9.999999999993854916e-01,8.184765366486218126e-14,9.878126543403419335e-01,9.999999994669326320e-01,9.999999999999475975e-01,2.999999999999999889e-01,4.429759539755557252e-01,-7.041236739470387862e-01
9.999999999990381028e-01,1.771222751727369680e-13,9.493949902901929194e-01,9.999999974355282539e-01,9.999999999999569233e-01,2.999999999999999889e-01,4.429759535566301087e-01,-6.877863373018285875e-01
9.999999999996636024e-01,7.537710891425446490e-12,9.999999999999971134e-01,4.194150319249170256e-01,9.999999999997648548e-01,2.999999999999999889e-01,4.429759584640036718e-01,-7.543936207020419671e-01
9.999999999999533706e-01,9.101437602948106003e-14,3.424326028995400284e-01,9.999999994100742251e-01,9.999999999996598277e-01,2.999999999999999889e-01,4.429759469380049053e-01,-4.296720244993624815e-01
9.999999999996934674e-01,6.119405305394750571e-12,6.542331515983974555e-01,9.999999967322092953e-01,9.999999999999488187e-01,2.999999999999999889e-01,4.429759503380359398e-01,-5.622670355072753035e-01
9.999999999978784748e-01,5.626767085065338663e-13,9.999999999999971134e-01,7.630544652694989383e-01,9.999999999999610312e-01,2.999999999999999889e-01,4.429759558860191793e-01,-7.277071872126926744e-01
9.999999999995822231e-01,8.471963970777500309e-15,6.490481706362449810e-01,9.999999966601631485e-01,9.999999999999977796e-01,2.999999999999999889e-01,4.429759502814962779e-01,-5.600620919689512922e-01
9.999999999994567679e-01,1.176149409024454502e-12,2.850383199653313548e-01,9.999999951445791568e-01,9.999999999999595879e-01,2.999999999999999889e-01,4.429759463121485941e-01,-4.052647696247685394e-01
9.999999999999885647e-01,5.512420087715079583e-14,9.980202318542991113e-03,9.999999997253966599e-01,9.999999999998755440e-01,2.999999999999999889e-01,4.429759433127756219e-01,-2.882946926219415174e-01
9.999999999999945599e-01,1.074138729660016751e-11,9.999999999999932276e-01,6.033247939435140150e-01,9.999999999999649170e-01,2.999999999999999889e-01,4.429759570843118666e-01,-7.401115123182496758e-01
9.999999999999995559e-01,5.068565319888238635e-09,5.401060376551423126e-01,9.999999990848849052e-01,9.999999999999983347e-01,2.999999999999999889e-01,4.429759490935361588e-01,-5.137338112202768370e-01
9.999999999999644729e-01,1.080965798686118822e-11,8.446768050272571715e-01,9.999999986755804260e-01,9.999999999998928635e-01,2.999999999999999889e-01,4.429759524147299787e-01,-6.432543151686965777e-01
9.999999999936957096e-01,4.752684620910692231e-13,1.469254185817139846e-02,9.999999989937209399e-01,9.999999999999615863e-01,2.999999999999999889e-01,4.429759433641613509e-01,-2.902986426872503634e-01
9.999999999998415712e-01,6.541012250915408937e-13,2.627715785225713252e-01,9.999999984714094126e-01,9.999999999999845679e-01,2.999999999999999889e-01,4.429759460693407647e-01,-3.957957070629961605e-01
9.999999999998641087e-01,8.229241373665505910e-14,7.835901056792625718e-01,9.999999967151981251e-01,9.999999999999796829e-01,2.999999999999999889e-01,4.429759517486096532e-01,-6.172768383935641756e-01
9.999999999999689138e-01,3.438454875729759842e-14,2.807435523212353234e-01,9.999999957546600315e-01,9.999999999999972244e-01,2.999999999999999889e-01,4.429759462653162783e-01,-4.034383944657818910e-01
9.999999999999954481e-01,3.768561572250856701e-14,6.347651325371899134e-01,9.999999955768886784e-01,9.999999999999314992e-01,2.999999999999999889e-01,4.429759501257468091e-01,-5.539881463884958057e-01
9.999999999998184785e-01,5.612731344552099454e-13,2.227295650626109902e-02,9.999999969247138631e-01,9.999999999999736877e-01,2.999999999999999889e-01,4.429759434468220625e-01,-2.935222586068139128e-01
9.999999999999104050e-01,6.641521998286310478e-13,5.248265332408854622e-01,9.999999994867032616e-01,9.999999999999956701e-01,2.999999999999999889e-01,4.429759489269206596e-01,-5.072361123833942775e-01
9.999999999996108668e-01,2.524729212461098163e-15,1.467674177857901663e-01,9.999999938854129411e-01,9.999999999998687716e-01,2.999999999999999889e-01,4.429759448043726899e-01,-3.464642581640801078e-01
9.999999999998028244e-01,1.440462677688363075e-12,3.914737521520010866e-01,9.999999985460558127e-01,9.999999999999106270e-01,2.999999999999999889e-01,4.429759474727744117e-01,-4.505270607169730157e-01
9.999999999996769251e-01,4.771646771118449448e-14,9.999999999999971134e-01,3.948517291587276823e-01,9.999999999999500400e-01,2.999999999999999889e-01,4.429759586482777123e-01,-7.563011635560642487e-01
9.999999999999562572e-01,5.014431823875628210e-14,9.108708136568105518e-01,9.999999987916629030e-01,9.999999999998580025e-01,2.999999999999999889e-01,4.429759531365429215e-01,-6.714037052919094029e-01
9.999999999998525624e-01,8.702192235144292185e-13,7.968489053628334817e-01,9.999999926506740744e-01,9.999999999999525935e-01,2.999999999999999889e-01,4.429759518931903894e-01,-6.229152209838278997e-01
