9.999999999938565809e-01,5.359978496197948941e-11,9.999999999999803491e-01,2.537886567566260965e-12,9.999999999997921662e-01,5.999999999999999778e-01,4.429759647151335633e-01,-8.176995857305481286e-01
9.999999999987594368e-01,8.103432780082308474e-15,6.427708044800408693e-01,9.999999979925552340e-01,9.999999999999651390e-01,5.999999999999999778e-01,4.429759533177211606e-01,-5.881275370561910298e-01
9.999999999993773869e-01,5.073048400675004611e-14,1.912136492540186528e-01,9.999999986397025697e-01,9.999999999999230615e-01,5.999999999999999778e-01,4.429759483937132925e-01,-3.961002101665743735e-01
9.999999999985209609e-01,2.372449888264996249e-12,9.999999999998793188e-01,4.563761027972859097e-01,9.999999999996614930e-01,5.999999999999999778e-01,4.429759612913980460e-01,-7.822582209404324027e-01
9.999999999999461542e-01,2.262359219866588529e-13,9.999999999999931166e-01,8.977163474756397199e-02,9.999999999995137223e-01,5.999999999999999778e-01,4.429759640416663369e-01,-8.107280786000362616e-01
9.999999999990819566e-01,3.246899348686385748e-14,9.999999999999901190e-01,4.825050793246272729e-01,9.999999999997422062e-01,5.999999999999999778e-01,4.429759610953783455e-01,-7.802290906178287466e-01
9.999999999998692157e-01,1.838838867390643846e-13,8.307455152908237439e-01,9.999999966119468287e-01,9.999999999999328315e-01,5.999999999999999778e-01,4.429759553674925687e-01,-6.680648846575848454e-01
9.999999999946257434e-01,2.650689233640534247e-13,9.999999999999972244e-01,9.130436915964900146e-01,9.999999999999856781e-01,5.999999999999999778e-01,4.429759578654757779e-01,-7.467942198605149740e-01
9.999999999986838306e-01,5.085624500114841412e-11,9.999999333935519763e-01,1.172192592786758247e-01,9.999999999997888356e-01,5.999999999999999778e-01,4.429759638357534390e-01,-8.085965160697911047e-01
9.999999999984646726e-01,6.036950765601187030e-13,3.439558784910512479e-01,9.999999996017748805e-01,9.999999999999249489e-01,5.999999999999999778e-01,4.429759500592919119e-01,-4.610547382987871812e-01
9.999999999999569233e-01,8.603811572781787122e-13,9.999999999999805711e-01,2.258169905228673002e-01,9.999999999996738165e-01,5.999999999999999778e-01,4.429759630210535204e-01,-8.001630357496257728e-01
9.999999999987257970e-01,5.317084043125723106e-13,9.999999999999689138e-01,8.604479986824838944e-01,9.999999999999007461e-01,5.999999999999999778e-01,4.429759582600488743e-01,-7.508787087891751755e-01
9.999999999992025268e-01,4.851675136713430121e-11,7.583023374402384498e-01,9.999999998911124344e-01,9.999999999999967804e-01,5.999999999999999778e-01,4.429759545775354690e-01,-6.372579984317555679e-01
9.999999999985532684e-01,6.137711889935287967e-12,9.999999999999982236e-01,4.407095819498174638e-01,9.999999999998977485e-01,5.999999999999999778e-01,4.429759614089283093e-01,-7.834748553721059272e-01
9.999999999994904076e-01,7.390637315036877882e-15,9.999999999999789058e-01,3.691158217580434719e-01,9.999999999996592726e-01,5.999999999999999778e-01,4.429759619460250097e-01,-7.890347007631409726e-01
9.999999999937173589e-01,6.048871734575457351e-12,9.999999999999537037e-01,5.241558724126038626e-01,9.999999999994935163e-01,5.999999999999999778e-01,4.429759607829139023e-01,-7.769945633437965737e-01
9.999999999998956390e-01,9.999999901106552125e-01,9.999999999999937828e-01,9.309497617238093881e-13,9.999999999999926725e-01,5.999999999999999778e-01,4.429759726405311238e-01,-8.178466719216433978e-01
9.999999999999525935e-01,4.894154828878775565e-13,2.139887666314661263e-01,9.999999998205855167e-01,9.999999999999268363e-01,5.999999999999999778e-01,4.429759486420646875e-01,-4.057854622249020826e-01
9.999999999998915312e-01,1.015172048780257944e-13,4.778898743093368262e-03,9.999999987449756933e-01,9.999999999997255529e-01,5.999999999999999778e-01,4.429759463607343961e-01,-3.168177398087553831e-01
9.999999999967318365e-01,2.576000539611315341e-12,9.999999999414258545e-01,7.684990335128866201e-02,9.999999999999090727e-01,5.999999999999999778e-01,4.429759641386052382e-01,-8.117315574891127428e-01
9.999999999994217958e-01,1.682599773322259604e-13,3.528186197185748108e-01,9.999999976034013027e-01,9.999999999999616973e-01,5.999999999999999778e-01,4.429759501559357160e-01,-4.648236711054273274e-01
9.999999999991557864e-01,2.964266860416084707e-13,9.999999999999559241e-01,8.344489390428255771e-01,9.999999999995775601e-01,5.999999999999999778e-01,4.429759584550939655e-01,-7.528977499947643315e-01
9.999999999987104760e-01,5.867561767782764848e-13,9.999999999998306910e-01,6.849517017117987550e-01,9.999999999998184785e-01,5.999999999999999778e-01,4.429759595766228908e-01,-7.645074422869494457e-01
9.999999999994999555e-01,7.382453031483404120e-13,9.999999999322601862e-01,7.821605712483055139e-01,9.999999999997094546e-01,5.999999999999999778e-01,4.429759588473615173e-01,-7.569583725656835460e-01
9.999999999993794964e-01,1.641824108873948284e-13,9.503206034655315992e-01,9.999999988497234593e-01,9.999999999999713562e-01,5.999999999999999778e-01,4.429759566713998842e-01,-7.189148915591100364e-01
9.999999999940654138e-01,3.215825047178244578e-01,9.999999999999256151e-01,7.419578840206497716e-11,9.999999999999712452e-01,5.999999999999999778e-01,4.429759672638027834e-01,-8.177468860707314269e-01
9.999999999999718003e-01,5.426763648462786894e-11,2.973236074728674572e-02,9.999999999409793228e-01,9.999999999999998890e-01,5.999999999999999778e-01,4.429759466328395678e-01,-3.274293456852780393e-01
9.999999999992756905e-01,2.164708062109482262e-13,9.174721616235506083e-01,9.999999973820700161e-01,9.999999999996701527e-01,5.999999999999999778e-01,4.429759563132038558e-01,-7.049458992556835168e-01
9.999999999999814593e-01,5.695252027105991529e-11,9.999999333935519763e-01,1.912546017650370578e-01,9.999999999998590017e-01,5.999999999999999778e-01,4.429759632803399461e-01,-8.028470616959403339e-01
9.999999999999804601e-01,1.188495033597791412e-12,4.060210429831458967e-01,9.999999982246907670e-01,9.999999999999986677e-01,5.999999999999999778e-01,4.429759507360818693e-01,-4.874483133696115855e-01
9.999999999994860778e-01,1.664128137380076364e-13,9.999999999999961142e-01,5.498744061211299217e-01,9.999999999980944132e-01,5.999999999999999778e-01,4.429759605899733499e-01,-7.749973072874875024e-01
9.999999999995693445e-01,2.543253237229905278e-12,9.999999999998779865e-01,7.685332114655141211e-01,9.999999999996809219e-01,5.999999999999999778e-01,4.429759589495940175e-01,-7.580166493671031125e-01
9.999999999990548671e-01,1.473809585906553652e-13,1.000000000000000000e+00,2.131469992003963143e-01,9.999999999991774358e-01,5.999999999999999778e-01,4.429759631161038214e-01,-8.011469649727339659e-01
9.999999999985156318e-01,9.081218757410591592e-14,9.999999999998402389e-01,3.975496668860073468e-01,9.999999999998948619e-01,5.999999999999999778e-01,4.429759617327141963e-01,-7.868265784020479492e-01
9.999999999987627675e-01,5.705848612363465695e-13,9.999999999998306910e-01,6.961814957682291860e-01,9.999999999998184785e-01,5.999999999999999778e-01,4.429759594923768917e-01,-7.636353562486074553e-01
9.999999999959712227e-01,2.739840631798352111e-13,7.296200464104478367e-02,9.999999986725178758e-01,9.999999999999622524e-01,5.999999999999999778e-01,4.429759471042374885e-01,-3.458130052185325320e-01
9.999999999999796829e-01,7.166800553610807741e-14,9.595208274624371647e-01,9.999999974515396683e-01,9.999999999999960032e-01,5.999999999999999778e-01,4.429759567717238000e-01,-7.228273408452455806e-01
9.999999999996098676e-01,3.140891179979503221e-13,9.999999999999962252e-01,8.092855418341677876e-01,9.999999999998946398e-01,5.999999999999999778e-01,4.429759586438698493e-01,-7.548518951272843447e-01
9.999999999943847140e-01,6.677822829912245923e-15,1.583841144175627269e-01,9.999999975626989723e-01,9.999999999995931033e-01,5.999999999999999778e-01,4.429759480357234325e-01,-3.821392581472199401e-01
9.999999999998084865e-01,2.070085315352729684e-12,4.912024929486925595e-01,9.999999997550844677e-01,9.999999999999888978e-01,5.999999999999999778e-01,4.429759516649435236e-01,-5.236722240980699050e-01
9.999999999962195796e-01,6.431190298935818768e-12,5.364764355440682086e-01,9.999999943716847417e-01,9.999999999996915800e-01,5.999999999999999778e-01,4.429759521586335569e-01,-5.429252339554321294e-01
9.999999999992134070e-01,4.554838023656883330e-12,1.868163781183605487e-01,9.999999980254438148e-01,9.999999999984000576e-01,5.999999999999999778e-01,4.429759483457632596e-01,-3.942302448908659995e-01
9.999999999999108491e-01,3.740629236403151490e-13,2.097290183630148297e-01,9.999999971570150414e-01,9.999999999997455369e-01,5.999999999999999778e-01,4.429759485956142884e-01,-4.039739795138052036e-01
9.999999999977998710e-01,8.547794935759689837e-14,6.828743025027775304e-02,9.999999954776633837e-01,9.999999999999836797e-01,5.999999999999999778e-01,4.429759470532635968e-01,-3.438251153093060397e-01
9.999999999998618883e-01,7.022602762053298200e-12,5.850504669067503327e-01,9.999999944941124763e-01,9.999999999996915800e-01,5.999999999999999778e-01,4.429759526883094156e-01,-5.635816254758366783e-01
9.999999999996425082e-01,5.785508165828934356e-14,4.955915680263104361e-01,9.999999973655154806e-01,9.999999999996669331e-01,5.999999999999999778e-01,4.429759517128042390e-01,-5.255387041845164253e-01
9.999999999999714673e-01,2.587874237031245856e-12,6.829423960479621414e-01,9.999999978982431204e-01,9.999999999998849809e-01,5.999999999999999778e-01,4.429759537557725335e-01,-6.052107418237898662e-01
9.999999999957459584e-01,7.757473659435057286e-14,5.933796202556985699e-01,9.999999971731499127e-01,9.999999999995528022e-01,5.999999999999999778e-01,4.429759527791347073e-01,-5.671236465459376097e-01
9.999999999977465803e-01,1.328038881940907074e-12,9.999999999999852340e-01,7.553961761802100439e-01,9.999999999998984146e-01,5.999999999999999778e-01,4.429759590481481268e-01,-7.590368484015926898e-01
9.999999999999403810e-01,6.480650732458767425e-13,9.743954458479946457e-01,9.999999996241268896e-01,9.999999999997302158e-01,5.999999999999999778e-01,4.429759569339241088e-01,-7.291528593253059354e-01
9.999999999994815258e-01,2.748532101174252656e-13,6.259565213569104891e-01,9.999999952576458240e-01,9.999999999999968914e-01,5.999999999999999778e-01,4.429759531343697154e-01,-5.809771648212102013e-01
9.999999999944091389e-01,2.037123160610410011e-12,2.600446946910320301e-02,9.999999975639353167e-01,9.999999999998201439e-01,5.999999999999999778e-01,4.429759465921888073e-01,-3.258440382553330350e-01
9.999999999999445999e-01,1.355252713168010400e-13,1.005401467518369785e-01,9.999999978415338164e-01,9.999999999996995736e-01,5.999999999999999778e-01,4.429759474049635437e-01,-3.575407718516162570e-01
9.999999999977089438e-01,4.934095278693368147e-13,5.548482993911159067e-01,9.999999984970586731e-01,9.999999999997377653e-01,5.999999999999999778e-01,4.429759523589696379e-01,-5.507379764133394362e-01
9.999999999997289946e-01,1.032004670888426789e-13,3.756836556368074453e-01,9.999999980332192617e-01,9.999999999999930056e-01,5.999999999999999778e-01,4.429759504052676600e-01,-4.745471616075410681e-01
9.999999999999392708e-01,9.158355438207985781e-13,1.830016862141676526e-01,9.999999979337880207e-01,9.999999999999398259e-01,5.999999999999999778e-01,4.429759483041659229e-01,-3.926080248084132807e-01
9.999999999999080735e-01,1.395903053826372606e-12,1.495625123748567376e-09,9.999999987379326605e-01,9.999999999988568034e-01,5.999999999999999778e-01,4.429759463086228588e-01,-3.147854857452848654e-01
9.999999999986838306e-01,5.091823068892940891e-11,9.999999999997170042e-01,1.294462666240218940e-01,9.999999999994725330e-01,5.999999999999999778e-01,4.429759637440270903e-01,-8.076470165267358725e-01
9.999999999986062260e-01,2.828737942075404905e-13,1.454753112450820618e-01,9.999999952574454287e-01,9.999999999999898970e-01,5.999999999999999778e-01,4.429759478949593654e-01,-3.766497141178281050e-01
9.999999999994254596e-01,4.398972621802743860e-12,7.831573751643161607e-02,9.999999973349148474e-01,9.999999999998118172e-01,5.999999999999999778e-01,4.429759471626173450e-01,-3.480897116064468610e-01
9.999999999999807931e-01,1.403239688613718327e-13,2.531399000147524503e-01,9.999999977651441441e-01,9.999999999999882316e-01,5.999999999999999778e-01,4.429759490689885171e-01,-4.224347113212510996e-01
9.999999999962967401e-01,9.376710339380732176e-13,9.418820616025151971e-01,9.999999997445668809e-01,9.999999999998813172e-01,5.999999999999999778e-01,4.429759565793817133e-01,-7.153263521043565776e-01
9.999999999992542632e-01,6.085592971681077766e-13,9.999999999998646638e-01,6.574187159850241047e-01,9.999999999999418243e-01,5.999999999999999778e-01,4.429759597831754436e-01,-7.666456054929605690e-01
9.999999999978851362e-01,5.700462362424881940e-13,9.999999999999998890e-01,7.428594687934080287e-01,9.999999999997080113e-01,5.999999999999999778e-01,4.429759591421985609e-01,-7.600104270306188292e-01
9.999999999945515805e-01,2.098529106645706599e-12,1.120725707243084152e-01,9.999999997747625047e-01,9.999999999995408118e-01,5.999999999999999778e-01,4.429759475307188943e-01,-3.624450025875379788e-01
9.999999999955815344e-01,2.208346046662906343e-12,6.021118812560691813e-01,9.999999997192622336e-01,9.999999999995397015e-01,5.999999999999999778e-01,4.429759528743556496e-01,-5.708370915188262229e-01
9.999999999984837684e-01,2.111423116879257421e-12,5.813316544882548564e-01,9.999999965885587594e-01,9.999999999999974465e-01,5.999999999999999778e-01,4.429759526477575760e-01,-5.620001785359084456e-01
9.999999999985537125e-01,6.719535933180379779e-14,4.285662093097594716e-01,9.999999961270553683e-01,9.999999999996249667e-01,5.999999999999999778e-01,4.429759509819258256e-01,-4.970357776504211733e-01
9.999999999975589526e-01,1.026748570257286123e-13,2.277573751794175760e-01,9.999999955741046831e-01,9.999999999999105160e-01,5.999999999999999778e-01,4.429759487922046435e-01,-4.116406440378951315e-01
9.999999999999840128e-01,1.006586183573406626e-12,8.352694243142032571e-01,9.999999980555059897e-01,9.999999999999561462e-01,5.999999999999999778e-01,4.429759554168235525e-01,-6.699887033714339024e-01
9.999999999976482146e-01,1.323236495743359540e-13,6.918859221034137086e-01,9.999999976417365266e-01,9.999999999996185274e-01,5.999999999999999778e-01,4.429759538532972440e-01,-6.090140287168682720e-01
9.999999999999767963e-01,8.469612568599843863e-13,2.389015634163760282e-01,9.999999997940371976e-01,9.999999999999710232e-01,5.999999999999999778e-01,4.429759489137264361e-01,-4.163797750737235903e-01
9.999999999986993737e-01,8.898268879162559004e-15,7.973983187551998419e-01,9.999999975682567488e-01,9.999999999995931033e-01,5.999999999999999778e-01,4.429759550038578353e-01,-6.538837938076643708e-01
9.999999999992641442e-01,1.190488283275401133e-13,9.999999999920463623e-01,4.956977130670131571e-02,9.999999999989098720e-01,5.999999999999999778e-01,4.429759643432609195e-01,-8.138500845447701471e-01
9.999999999998764322e-01,1.842655643903333210e-13,4.417325212060895789e-01,9.999999970337315469e-01,9.999999999999983347e-01,5.999999999999999778e-01,4.429759511254979243e-01,-5.026348288809393550e-01
9.999999999987227994e-01,8.898268879162559004e-15,8.847192797783550722e-01,9.999999973539093201e-01,9.999999999996913580e-01,5.999999999999999778e-01,4.429759559560498272e-01,-6.910175442874840757e-01
9.999999999992656985e-01,1.952126683492472086e-13,9.999999999999972244e-01,6.292567815620052629e-01,9.999999999999843459e-01,5.999999999999999778e-01,4.429759599944463888e-01,-7.688326117462901399e-01
9.999999999994110267e-01,2.685206096623745398e-12,9.999999999807021034e-01,9.554317391198374754e-01,9.999999999999791278e-01,5.999999999999999778e-01,4.429759575474804256e-01,-7.435024386959504517e-01
9.999999999992494892e-01,2.332603113010624647e-12,4.376963506273234827e-01,9.999999995879682579e-01,9.999999999999389377e-01,5.999999999999999778e-01,4.429759510814854639e-01,-5.009184234889844101e-01
9.999999999987377874e-01,1.857626540163307560e-12,9.999999999650311944e-01,3.089791520778950029e-01,9.999999999999455991e-01,5.999999999999999778e-01,4.429759623971705751e-01,-7.937048086568113670e-01
9.999999999989261923e-01,1.429287546765939547e-12,8.848766117148071375e-02,9.999999951144298294e-01,9.999999999996805888e-01,5.999999999999999778e-01,4.429759472735371739e-01,-3.524153819302354718e-01
9.999999999987229105e-01,2.897161357928533965e-13,8.079025422406800327e-01,9.999999972952433591e-01,9.999999999996006528e-01,5.999999999999999778e-01,4.429759551184012101e-01,-6.583507764312100941e-01
9.999999999986788346e-01,1.662078945101799841e-12,2.187681200091333156e-01,9.999999961039167662e-01,9.999999999999809042e-01,5.999999999999999778e-01,4.429759486941812208e-01,-4.078179105489149192e-01
9.999999999999592548e-01,5.084542449447280441e-14,1.673771724407894790e-01,9.999999997034136889e-01,9.999999999997531974e-01,5.999999999999999778e-01,4.429759481337882665e-01,-3.859636086135175281e-01
9.999999999999886757e-01,1.257990112093014657e-12,9.999999999999737987e-01,7.321711098072849477e-01,9.999999999972530862e-01,5.999999999999999778e-01,4.429759592223826425e-01,-7.608404661732847130e-01
9.999999999992332800e-01,1.239146619625891163e-13,9.999999999602918743e-01,6.431118896394413809e-02,9.999999999999791278e-01,5.999999999999999778e-01,4.429759642326707159e-01,-8.127052919840650480e-01
9.999999999994679811e-01,2.641238795601494332e-13,9.999999999999961142e-01,9.286491609080369525e-01,9.999999999999210631e-01,5.999999999999999778e-01,4.429759577484034816e-01,-7.455823265841238223e-01
9.999999999990828448e-01,5.901799901231155447e-13,9.999999999999977796e-01,4.691785076595261228e-01,9.999999999998555600e-01,5.999999999999999778e-01,4.429759611953543175e-01,-7.812640087145251711e-01
9.999999999997054578e-01,2.291180084070397288e-12,6.473156789528460298e-01,9.999999980158428281e-01,9.999999999996463940e-01,5.999999999999999778e-01,4.429759533672807947e-01,-5.900602715616537486e-01
9.999999999999068523e-01,1.103143733991826270e-13,4.865896642955082618e-01,9.999999955334786250e-01,9.999999999999737987e-01,5.999999999999999778e-01,4.429759516146429266e-01,-5.217105920048935586e-01
9.999999999992634780e-01,2.594942527639032191e-13,9.999999999944404472e-01,1.661581694764443506e-01,9.999999999999962252e-01,5.999999999999999778e-01,4.429759634686142311e-01,-8.047960347728108088e-01
9.999999999744580981e-01,1.116283201931207262e-11,7.757556089413873979e-01,9.999999998151826164e-01,9.999999999999017453e-01,5.999999999999999778e-01,4.429759547678547849e-01,-6.446801044363693611e-01
9.999999999747261059e-01,2.938832904263022676e-12,3.045964188363696756e-01,9.999999998839257387e-01,9.999999999997406519e-01,5.999999999999999778e-01,4.429759496300963995e-01,-4.443168973718455428e-01
9.999999999999110711e-01,7.113009256542175071e-16,8.186552541685218065e-01,9.999999960180575576e-01,9.999999999999922284e-01,5.999999999999999778e-01,4.429759552356542507e-01,-6.629234303002736750e-01
9.999999999986800558e-01,1.968169795636388785e-12,9.999999999999815703e-01,1.019933674899076437e-01,9.999999999999709122e-01,5.999999999999999778e-01,4.429759639499788459e-01,-8.097789603487518528e-01
9.999999999986062260e-01,2.828737942075404905e-13,5.407574386261452259e-01,9.999999952495451927e-01,9.999999999999767963e-01,5.999999999999999778e-01,4.429759522053157705e-01,-5.447457555384190853e-01
9.999999999975389686e-01,1.099194666176946817e-11,7.523721108116383505e-01,9.999999997207067448e-01,9.999999999999094058e-01,5.999999999999999778e-01,4.429759545128692522e-01,-6.347361348136858483e-01
9.999999999937173589e-01,6.048871734575457351e-12,9.999999999999537037e-01,4.937185171338273615e-01,9.999999999998904210e-01,5.999999999999999778e-01,4.429759610112550816e-01,-7.793582747765971375e-01
9.999999999987452259e-01,4.254877826014796017e-16,3.179776023759783299e-01,9.999999959599001897e-01,9.999999999989852562e-01,5.999999999999999778e-01,4.429759497760116793e-01,-4.500073244040948550e-01
9.999999999944558793e-01,5.497066262887597716e-13,2.956543092017053231e-01,9.999999952159405181e-01,9.999999999995563549e-01,5.999999999999999778e-01,4.429759495325871765e-01,-4.405142132027447532e-01
9.999999999998641087e-01,8.334532733478803215e-14,7.926320647582585366e-01,9.999999975626989723e-01,9.999999999995931033e-01,5.999999999999999778e-01,4.429759549518841877e-01,-6.518569163611013240e-01
9.999999999992739141e-01,2.396805310465974065e-12,9.999999999998545608e-01,6.420527576197953001e-01,9.999999999996646016e-01,5.999999999999999778e-01,4.429759598984509550e-01,-7.678388987705949686e-01
9.999999999714451748e-01,5.338493683571787927e-11,3.723127274248705376e-02,9.999999978148702562e-01,9.999999999999706901e-01,5.999999999999999778e-01,4.429759467146115459e-01,-3.306183021267207200e-01
9.999999999986243227e-01,3.488155167664828490e-14,9.999999999998457900e-01,1.536634009418915703e-01,9.999999999999490408e-01,5.999999999999999778e-01,4.429759635623500280e-01,-8.057663565051423893e-01
9.999999999978769205e-01,1.969852107582759155e-12,7.015478529261969243e-01,9.999999978030122971e-01,9.999999999995748956e-01,5.999999999999999778e-01,4.429759539586558548e-01,-6.131228214152671940e-01
9.999999999743542922e-01,1.116283201931207262e-11,1.409326436753799983e-01,9.999999998707735926e-01,9.999999999999017453e-01,5.999999999999999778e-01,4.429759478454237676e-01,-3.747179177513190185e-01
9.999999999953490537e-01,3.304783684202357335e-14,1.082751999006028032e-01,9.999999987509782251e-01,9.999999999996915800e-01,5.999999999999999778e-01,4.429759474893104620e-01,-3.608301484676034177e-01
9.999999999987517763e-01,1.815901746216214726e-12,4.612124078733744192e-01,9.999999970791073611e-01,9.999999999999866773e-01,5.999999999999999778e-01,4.429759513379165070e-01,-5.109187648546796856e-01
9.999999999999554801e-01,2.896942549863922863e-14,5.215983677204965030e-01,9.999999972672619641e-01,9.999999999999493738e-01,5.999999999999999778e-01,4.429759519963955561e-01,-5.365982481879391086e-01
9.999999999999246159e-01,2.187185493472724269e-13,6.103382835928048422e-01,9.999999981494968049e-01,9.999999999996616040e-01,5.999999999999999778e-01,4.429759529640605042e-01,-5.743354174491556163e-01
9.999999999996701527e-01,5.048265650897417121e-14,8.527592347273914575e-01,9.999999985196399432e-01,9.999999999999905631e-01,5.999999999999999778e-01,4.429759556075413274e-01,-6.774263477205727524e-01
9.999999999998102629e-01,4.977162902033389303e-13,9.999999999998306910e-01,7.186989535350178926e-01,9.999999999998315792e-01,5.999999999999999778e-01,4.429759593234508519e-01,-7.618866901152873128e-01
9.999999999998717692e-01,9.750616250990167266e-13,3.618996077138080247e-01,9.999999987829051307e-01,9.999999999999331646e-01,5.999999999999999778e-01,4.429759502549593941e-01,-4.686854143815338825e-01
9.999999999996412869e-01,1.006586183573406626e-12,6.002843062763896231e-02,9.999999980555059897e-01,9.999999999999561462e-01,5.999999999999999778e-01,4.429759469632032487e-01,-3.403129271131292155e-01
9.999999999938565809e-01,7.745846389514353714e-13,9.999999999999925615e-01,1.278428836569403537e-02,9.999999999997856159e-01,5.999999999999999778e-01,4.429759646192257816e-01,-8.167067803997757336e-01
9.999999999993914868e-01,1.564778366069063802e-13,9.061753624216959402e-01,9.999999973820700161e-01,9.999999999995710098e-01,5.999999999999999778e-01,4.429759561900178388e-01,-7.001418691842539177e-01
9.999999999985196286e-01,2.045464516583931876e-12,6.395379441047399638e-02,9.999999996840115424e-01,9.999999999999971134e-01,5.999999999999999778e-01,4.429759470060073978e-01,-3.419822109420994627e-01
9.999999999978574916e-01,3.812525123162963101e-14,1.543242965402586431e-01,9.999999980866352001e-01,9.999999999996899147e-01,5.999999999999999778e-01,4.429759479914531228e-01,-3.804127967594957971e-01
9.999999999976545428e-01,3.338414715689717094e-13,6.310052915141002305e-01,9.999999952576458240e-01,9.999999999999968914e-01,5.999999999999999778e-01,4.429759531894240654e-01,-5.831241839224811097e-01
9.999999999998215872e-01,6.084502602932456004e-14,9.999999999998366862e-01,3.457393765464715774e-01,9.999999999995915489e-01,5.999999999999999778e-01,4.429759621213952281e-01,-7.908500743490326501e-01
9.999999999985140775e-01,5.981378379497990245e-13,2.809339295715518880e-01,9.999999966257019368e-01,9.999999999998873124e-01,5.999999999999999778e-01,4.429759493720686891e-01,-4.342542853789740365e-01
9.999999999999601430e-01,4.898041205827542027e-13,5.722469286309104231e-01,9.999999986498567806e-01,9.999999999999861222e-01,5.999999999999999778e-01,4.429759525486930971e-01,-5.581368454588543360e-01
9.999999999991726618e-01,1.266629487218613929e-12,9.999999999960847985e-01,3.546798518816363099e-02,9.999999999999797939e-01,5.999999999999999778e-01,4.429759644490525727e-01,-8.149452044323534095e-01
9.999999999999559241e-01,9.395373442097214755e-15,2.659116832857526536e-01,9.999999987280244751e-01,9.999999999999007461e-01,5.999999999999999778e-01,4.429759492082585015e-01,-4.278659869379096703e-01
9.999999999996749267e-01,2.807572381471027549e-13,4.557751952087194525e-01,9.999999953365918959e-01,9.999999999997005729e-01,5.999999999999999778e-01,4.429759512786263786e-01,-5.086065584365732084e-01
9.999999999999579225e-01,1.903999771039230961e-13,4.017131227626683510e-01,9.999999980211607964e-01,9.999999999992374988e-01,5.999999999999999778e-01,4.429759506891061682e-01,-4.856163450630560652e-01
9.999999999990516475e-01,9.510965937293270824e-14,6.565893000843399108e-01,9.999999969493488239e-01,9.999999999987139176e-01,5.999999999999999778e-01,4.429759534684050148e-01,-5.940039333830539059e-01
9.999999999993756106e-01,7.364641868182166438e-15,3.809546819123585948e-01,9.999999984145437892e-01,9.999999999999991118e-01,5.999999999999999778e-01,4.429759504627455713e-01,-4.767886963952213675e-01
9.999999999956390440e-01,2.148014735083149665e-13,9.999999999995889954e-01,2.978017214557135972e-01,9.999999999999843459e-01,5.999999999999999778e-01,4.429759624810237217e-01,-7.945728282588740976e-01
9.999999999991872057e-01,4.831566083754971223e-13,3.574949396820714664e-01,9.999999979272099493e-01,9.999999999999855671e-01,5.999999999999999778e-01,4.429759502069287036e-01,-4.668123035520280739e-01
9.999999999999876765e-01,1.310666148749064773e-13,8.022413470347313780e-01,9.999999979052064392e-01,9.999999999999364952e-01,5.999999999999999778e-01,4.429759550566687021e-01,-6.559433199421268457e-01
9.999999999987092547e-01,6.431190298935818768e-12,8.609213609908399345e-01,9.999999944070998570e-01,9.999999999997689626e-01,5.999999999999999778e-01,4.429759556965452982e-01,-6.808973400725889524e-01
9.999999999944091389e-01,6.802459064229170119e-14,5.284017778782689190e-01,9.999999986401101326e-01,9.999999999999793499e-01,5.999999999999999778e-01,4.429759520705833786e-01,-5.394914381251466606e-01
9.999999999976157961e-01,5.168077359166517081e-13,8.375357099426974927e-02,9.999999995741614134e-01,9.999999999999451550e-01,5.999999999999999778e-01,4.429759472219141903e-01,-3.504021819896782075e-01
9.999999999986824983e-01,7.010889737299792886e-15,7.430128898949834859e-01,9.999999964119581364e-01,9.999999999995440314e-01,5.999999999999999778e-01,4.429759544108116120e-01,-6.307560715208387903e-01
9.999999999999856781e-01,7.332990956205821906e-14,4.828089953549092872e-01,9.999999954759105636e-01,9.999999999999736877e-01,5.999999999999999778e-01,4.429759515734166264e-01,-5.201028403833770630e-01
9.999999999941828754e-01,1.477414084131109651e-13,3.985069498431321189e-01,9.999999973311990420e-01,9.999999999988349320e-01,5.999999999999999778e-01,4.429759506541444125e-01,-4.842529012912030195e-01
9.999999999959681141e-01,1.289045459521715910e-13,5.896374138231080808e-01,9.999999979298168640e-01,9.999999999999353850e-01,5.999999999999999778e-01,4.429759527383277384e-01,-5.655322512689143766e-01
9.999999999987227994e-01,8.898268879162559004e-15,8.133740221434828666e-01,9.999999975626989723e-01,9.999999999996800337e-01,5.999999999999999778e-01,4.429759551780650395e-01,-6.606775553077431917e-01
9.999999999998571143e-01,1.360266216910050482e-12,5.328635989912444693e-01,9.999999995765265215e-01,9.999999999999826805e-01,5.999999999999999778e-01,4.429759521192373484e-01,-5.413888536310668131e-01
9.999999999999569233e-01,8.603811572781787122e-13,9.999999999999805711e-01,2.441125594817263045e-02,9.999999999996718181e-01,5.999999999999999778e-01,4.429759645320002215e-01,-8.158038505642596361e-01
9.999999999997247757e-01,2.044018276283439405e-14,4.133211922804874150e-01,9.999999977180035193e-01,9.999999999995173861e-01,5.999999999999999778e-01,4.429759508156864145e-01,-4.905527446839784700e-01
9.999999999999497069e-01,4.999306486901653029e-11,9.999999999999775735e-01,4.255177315023366269e-01,9.999999999996340705e-01,5.999999999999999778e-01,4.429759615228976433e-01,-7.846546277358407151e-01
9.999999999994853006e-01,1.673299390090790918e-13,9.999999999999962252e-01,6.168104699969685356e-01,9.999999999980091481e-01,5.999999999999999778e-01,4.429759600878186987e-01,-7.697991703941226005e-01
9.999999999987594368e-01,8.982262307741031834e-15,3.356155732026788741e-01,9.999999979528462202e-01,9.999999999995744515e-01,5.999999999999999778e-01,4.429759499683449953e-01,-4.575079747201954428e-01
9.999999999940478723e-01,3.882001220696613582e-13,8.496931760123159760e-01,9.999999980552825019e-01,9.999999999999875655e-01,5.999999999999999778e-01,4.429759555741074606e-01,-6.761224883187874068e-01
9.999999999985537125e-01,1.430590826001175649e-14,2.762500516251046312e-01,9.999999961270553683e-01,9.999999999998647748e-01,5.999999999999999778e-01,4.429759493209933230e-01,-4.322624388686461261e-01
9.999999999999250599e-01,1.409879864341849878e-13,9.308705194508365421e-01,9.999999970269942695e-01,9.999999999999014122e-01,5.999999999999999778e-01,4.429759564593063192e-01,-7.106436294765406947e-01
9.999999999994904076e-01,3.806274937855172513e-15,9.999999999999891198e-01,3.551578769011614067e-01,9.999999999999797939e-01,5.999999999999999778e-01,4.429759620507375817e-01,-7.901186501904119419e-01
9.999999999999716893e-01,5.951037118673832648e-14,9.999999999999809042e-01,5.357175353448981880e-01,9.999999999999594769e-01,5.999999999999999778e-01,4.429759606961782281e-01,-7.760967049527761619e-01
9.999999999997802869e-01,1.254217963692121225e-11,5.040814254534429217e-01,9.999999943716847417e-01,9.999999999999674705e-01,5.999999999999999778e-01,4.429759518053819622e-01,-5.291490660463319395e-01
9.999999999985731414e-01,1.434865134154020035e-14,3.482242939514123004e-01,9.999999999583319976e-01,9.999999999997002398e-01,5.999999999999999778e-01,4.429759501058368465e-01,-4.628699069623934959e-01
9.999999999938565809e-01,2.222486842004199926e-13,9.999999999999803491e-01,1.387445118900846874e-01,9.999999999998028244e-01,5.999999999999999778e-01,4.429759636742716111e-01,-8.069249311669236535e-01
9.999999999999604761e-01,3.839041036760728896e-13,9.351239036997773812e-01,9.999999975985456313e-01,9.999999999999965583e-01,5.999999999999999778e-01,4.429759565056873849e-01,-7.124524060131879333e-01
9.999999999955064833e-01,4.313217834858407636e-12,7.233724478767665778e-01,9.999999952684537341e-01,9.999999999996915800e-01,5.999999999999999778e-01,4.429759541966423186e-01,-6.224038585289567438e-01
9.999999999998671063e-01,1.939271272353145637e-14,2.711929295490032588e-01,9.999999992838587426e-01,9.999999999999992228e-01,5.999999999999999778e-01,4.429759492658478792e-01,-4.301118678205114731e-01
9.999999999999116262e-01,1.637259694165730715e-13,9.119127081807026913e-01,9.999999996043320571e-01,9.999999999999990008e-01,5.999999999999999778e-01,4.429759562525807381e-01,-7.025817089217188949e-01
9.999999999992155164e-01,4.167755719519283379e-13,9.999999999998809841e-01,3.213076040018408852e-01,9.999999999999696909e-01,5.999999999999999778e-01,4.429759623046825023e-01,-7.927474027969937387e-01
9.999999999998050448e-01,9.307142588825689048e-14,7.483805687150233421e-01,9.999999964271220065e-01,9.999999999995492495e-01,5.999999999999999778e-01,4.429759544693435136e-01,-6.330387083980998364e-01
9.999999999991795452e-01,9.852180345341160393e-14,9.249511128955035799e-01,9.999999995204972292e-01,9.999999999999846789e-01,5.999999999999999778e-01,4.429759563947581191e-01,-7.081263669517340320e-01
9.999999999955124785e-01,1.969852107582759155e-12,8.744867881789968322e-01,9.999999999306822263e-01,9.999999999995410338e-01,5.999999999999999778e-01,4.429759558444695267e-01,-6.866661170626050525e-01
9.999999999999805711e-01,1.064295430214107549e-12,2.594354301652732619e-01,9.999999988647708671e-01,9.999999999999876765e-01,5.999999999999999778e-01,4.429759491376381586e-01,-4.251119223297529226e-01
9.999999999976694198e-01,1.837805028058339339e-12,4.996802944439417971e-01,9.999999965720106632e-01,9.999999999999441558e-01,5.999999999999999778e-01,4.429759517573897964e-01,-5.272774591190413362e-01
9.999999999998215872e-01,6.084502602932456004e-14,9.999999999998366862e-01,3.336455184384382600e-01,9.999999999995915489e-01,5.999999999999999778e-01,4.429759622121233753e-01,-7.917892620803154147e-01
9.999999999999261702e-01,2.187185493472724269e-13,6.153895031446727781e-01,9.999999981494968049e-01,9.999999999996170841e-01,5.999999999999999778e-01,4.429759530191415551e-01,-5.764834781682693921e-01
9.999999999999631406e-01,1.969852107582759155e-12,9.278429527357134887e-02,9.999999969422681545e-01,9.999999999999331646e-01,5.999999999999999778e-01,4.429759473203898068e-01,-3.542425506230003629e-01
9.999999999986544097e-01,1.162161674506415740e-13,6.859310421886987141e-01,9.999999952580879148e-01,9.999999999999210631e-01,5.999999999999999778e-01,4.429759537883622422e-01,-6.064816813163643738e-01
9.999999999998934186e-01,3.748046565711432200e-13,4.696259049599073032e-01,9.999999953365918959e-01,9.999999999997005729e-01,5.999999999999999778e-01,4.429759514296615075e-01,-5.144966539381811144e-01
9.999999999999996669e-01,6.697229017133879969e-01,9.999999999999914513e-01,4.235825579179675060e-11,9.999999999999948930e-01,5.999999999999999778e-01,4.429759700229538577e-01,-8.177980927183389204e-01
9.999999999999987788e-01,2.841737105735083817e-14,8.789697881985208960e-01,9.999999950458330344e-01,9.999999999999426015e-01,5.999999999999999778e-01,4.429759558933544783e-01,-6.885725394752412187e-01
9.999999999999807931e-01,7.452851797318237766e-14,2.487493289843746291e-01,9.999999988409286056e-01,9.999999999999882316e-01,5.999999999999999778e-01,4.429759490211114814e-01,-4.205675951732642526e-01
9.999999999999648059e-01,1.873065120014761604e-12,6.753733416589271510e-01,9.999999976853893857e-01,9.999999999999816813e-01,5.999999999999999778e-01,4.429759536732357228e-01,-6.019919570989727964e-01
9.999999999987525534e-01,3.776665954013475472e-13,8.934165113911131106e-01,9.999999954413537617e-01,9.999999999997760680e-01,5.999999999999999778e-01,4.429759560508888527e-01,-6.947160931543437945e-01
9.999999999985196286e-01,2.045464516583931876e-12,9.811520798139417021e-01,9.999999996840115424e-01,9.999999999999971134e-01,5.999999999999999778e-01,4.429759570076018949e-01,-7.320261575146563837e-01
9.999999999995038413e-01,3.501359784426348674e-14,9.398855812115705644e-03,9.999999975275093433e-01,9.999999999998254729e-01,5.999999999999999778e-01,4.429759464111127643e-01,-3.187824037239320729e-01
9.999999999996366240e-01,1.100860344875139019e-14,7.374455652425575547e-01,9.999999987450584049e-01,9.999999999995754507e-01,5.999999999999999778e-01,4.429759543501026742e-01,-6.283885339020561789e-01
9.999999999999856781e-01,7.332990956205821906e-14,8.661627106998870396e-01,9.999999954759105636e-01,9.999999999999736877e-01,5.999999999999999778e-01,4.429759557536996351e-01,-6.831262546726409868e-01
9.999999999994382271e-01,4.937833739247428647e-12,5.677607650710633225e-01,9.999999994747688081e-01,9.999999999999974465e-01,5.999999999999999778e-01,4.429759524997736730e-01,-5.562290780476831786e-01
9.999999999997858380e-01,9.711261182649406668e-13,9.999999999999809042e-01,5.095554228947904996e-01,9.999999999999595879e-01,5.999999999999999778e-01,4.429759608924465075e-01,-7.781284085524075023e-01
9.999999999995030642e-01,1.239146619625891163e-13,9.999999999614529456e-01,8.480921846364365413e-01,9.999999999999638067e-01,5.999999999999999778e-01,4.429759583527422273e-01,-7.518382395407995356e-01
9.999999999998294697e-01,7.321482830242812929e-14,1.366032188232342848e-01,9.999999971581478020e-01,9.999999999998941957e-01,5.999999999999999778e-01,4.429759477982135318e-01,-3.728768046685059234e-01
9.999999999999319433e-01,4.954230349713570926e-13,4.330126652946136856e-01,9.999999998205855167e-01,9.999999999999856781e-01,5.999999999999999778e-01,4.429759510304122072e-01,-4.989266588315496298e-01
9.999999999999916733e-01,2.167715682016345787e-12,9.999999999999696909e-01,9.029176165537584620e-01,9.999999999999303890e-01,5.999999999999999778e-01,4.429759579414416226e-01,-7.475805930227205076e-01
9.999999999986243227e-01,7.475712445296162383e-14,9.999999999995375921e-01,2.367634008158558401e-01,9.999999999999564793e-01,5.999999999999999778e-01,4.429759629389334874e-01,-7.993129567942555136e-01
9.999999999993657296e-01,6.480650732458767425e-13,9.456232519427378858e-01,9.999999971260961074e-01,9.999999999997326583e-01,5.999999999999999778e-01,4.429759566201775800e-01,-7.169173154277271864e-01
9.999999999986867172e-01,5.152783555702314603e-11,9.999999999998531175e-01,6.045475138182387909e-01,9.999999999999231726e-01,5.999999999999999778e-01,4.429759601798154423e-01,-7.707514899841095835e-01
9.999999999999228395e-01,2.348212701859517457e-14,8.457953963305915313e-01,9.999999980179432590e-01,9.999999999999805711e-01,5.999999999999999778e-01,4.429759555316040709e-01,-6.744649346672516588e-01
9.999999999999109601e-01,4.979824320378685859e-13,6.790570651428627924e-01,9.999999976774669452e-01,9.999999999998853140e-01,5.999999999999999778e-01,4.429759537134049241e-01,-6.035584821010050449e-01
9.999999999768675041e-01,3.660137504474911468e-14,4.100382548120673487e-02,9.999999991915750064e-01,9.999999999997383204e-01,5.999999999999999778e-01,4.429759467557493613e-01,-3.322226021836570675e-01
9.999999999999980016e-01,1.064295430214107549e-12,2.239038126376182714e-01,9.999999988647708671e-01,9.999999999999876765e-01,5.999999999999999778e-01,4.429759487501834236e-01,-4.100018937246615591e-01
9.999999999995266009e-01,7.227963923872537148e-13,1.168218240611355041e-01,9.999999987519800904e-01,9.999999999997287725e-01,5.999999999999999778e-01,4.429759475825071902e-01,-3.644646504829199829e-01
9.999999999995735633e-01,6.725642392458388346e-14,9.999999999998985256e-01,4.112382907636266682e-01,9.999999999999958922e-01,5.999999999999999778e-01,4.429759616300220637e-01,-7.857635439676556866e-01
9.999999999993794964e-01,1.641824108873948284e-13,3.314729646932599305e-01,9.999999988758589975e-01,9.999999999999713562e-01,5.999999999999999778e-01,4.429759499231719078e-01,-4.557463060998380167e-01
9.999999999706641329e-01,4.509434448913755796e-12,9.647575492080937565e-01,9.999999978651673560e-01,9.999999999999947820e-01,5.999999999999999778e-01,4.429759568288276217e-01,-7.250542874274784610e-01
9.999999999999961142e-01,9.587848344924941234e-14,5.610588696895918437e-01,9.999999980065128469e-01,9.999999999996478373e-01,5.999999999999999778e-01,4.429759524266928539e-01,-5.533790578710747754e-01
9.999999999996814770e-01,3.297264721680989419e-14,2.853153430869929674e-01,9.999999988647708671e-01,9.999999999999876765e-01,5.999999999999999778e-01,4.429759494198458047e-01,-4.361175069817387895e-01
9.999999999976378895e-01,9.852180345341160393e-14,7.662943116445828373e-01,9.999999995567192546e-01,9.999999999999543698e-01,5.999999999999999778e-01,4.429759546646839796e-01,-6.406566323286849718e-01
9.999999999950165419e-01,2.098529106645706599e-12,1.726121391229933633e-01,9.999999997791250150e-01,9.999999999995408118e-01,5.999999999999999778e-01,4.429759481908729923e-01,-3.881898088711156491e-01
9.999999999999468203e-01,1.173637726470561667e-12,5.120989156879662829e-01,9.999999995771855499e-01,9.999999999997101208e-01,5.999999999999999778e-01,4.429759518928086948e-01,-5.325585503552020539e-01
9.999999999939593875e-01,3.668201768725048137e-14,9.999999999999559241e-01,8.909495575916762666e-01,9.999999999997837286e-01,5.999999999999999778e-01,4.429759580312260248e-01,-7.485100114152879458e-01
9.999999999999847899e-01,3.740629236403151490e-13,8.409212143492822422e-01,9.999999971570150414e-01,9.999999999997455369e-01,5.999999999999999778e-01,4.429759554784535314e-01,-6.723921602784762586e-01
9.999999999999681366e-01,1.661774132201620766e-13,6.613952340947353292e-01,9.999999973877830017e-01,9.999999999999443778e-01,5.999999999999999778e-01,4.429759535208113719e-01,-5.960476849546422207e-01
9.999999999985196286e-01,2.087086187583730192e-12,9.779356046593237206e-01,9.999999999102312520e-01,9.999999999999971134e-01,5.999999999999999778e-01,4.429759569725278401e-01,-7.306583325859737910e-01
9.999999999999772404e-01,7.877000845412359535e-15,9.999999999998246958e-01,5.917629174708010087e-01,9.999999999996737055e-01,5.999999999999999778e-01,4.429759602757255554e-01,-7.717443192319474177e-01
9.999999999999192868e-01,5.490495326847991976e-13,1.279746089657947672e-01,9.999999999866110434e-01,9.999999999999855671e-01,5.999999999999999778e-01,4.429759477041227966e-01,-3.692074375349297943e-01
9.999999999997786215e-01,2.320570402775134314e-12,7.274198560698958982e-01,9.999999995935167085e-01,9.999999999999771294e-01,5.999999999999999778e-01,4.429759542407772366e-01,-6.241250422479335258e-01
9.999999999977242648e-01,3.622610029447055112e-13,2.440162987556533103e-01,9.999999945213989827e-01,9.999999999997399858e-01,5.999999999999999778e-01,4.429759489695001551e-01,-4.185548466633074449e-01
9.999999999998970823e-01,2.077556640842781009e-12,7.153674845619483191e-01,9.999999952884931487e-01,9.999999999997034594e-01,5.999999999999999778e-01,4.429759541093521436e-01,-6.189997009605109346e-01
9.999999999941828754e-01,1.477414084131109651e-13,4.656955505874297851e-01,9.999999989967279790e-01,9.999999999988349320e-01,5.999999999999999778e-01,4.429759513868029019e-01,-5.128252474203444100e-01
9.999999999955815344e-01,2.208346046662906343e-12,5.983709820244517141e-01,9.999999996645355660e-01,9.999999999999593658e-01,5.999999999999999778e-01,4.429759528335630026e-01,-5.692462521992075475e-01
9.999999999982717158e-01,2.352976896972123305e-13,9.950336673890747274e-01,9.999999996017748805e-01,9.999999999999255040e-01,5.999999999999999778e-01,4.429759571589737543e-01,-7.379293839978636749e-01
9.999999999998548939e-01,1.355252713168010400e-13,1.213183832799435979e-01,9.999999978408267154e-01,9.999999999999713562e-01,5.999999999999999778e-01,4.429759476315399680e-01,-3.663768387162101847e-01
9.999999999976555420e-01,3.387696630603129078e-12,5.173789764191994989e-01,9.999999997744140057e-01,9.999999999999705791e-01,5.999999999999999778e-01,4.429759519503851384e-01,-5.348039271123138372e-01
9.999999999976157961e-01,9.957769197628594990e-13,7.623841352755619249e-01,9.999999973908195727e-01,9.999999999999410472e-01,5.999999999999999778e-01,4.429759546220454758e-01,-6.389938070787261060e-01
9.999999999986243227e-01,9.018084523600109972e-14,9.999999999995375921e-01,9.771288079887968658e-01,9.999999999999652500e-01,5.999999999999999778e-01,4.429759573847089071e-01,-7.418174825295035246e-01
9.999999999993453015e-01,3.826204269225387760e-13,5.500187743929407791e-01,9.999999984794485375e-01,9.999999999997253308e-01,5.999999999999999778e-01,4.429759523063060422e-01,-5.486841926035513906e-01
9.999999999999390488e-01,5.120387908191530988e-13,8.574695220932839757e-01,9.999999980552825019e-01,9.999999999999648059e-01,5.999999999999999778e-01,4.429759556589046854e-01,-6.794294250667732848e-01
9.999999999993688382e-01,6.688478363420265952e-13,1.328005034492625580e-01,9.999999986957602838e-01,9.999999999995472511e-01,5.999999999999999778e-01,4.429759477567468129e-01,-3.712596775485018652e-01
9.999999999986243227e-01,7.475712445296162383e-14,9.999999999995375921e-01,9.426308407230549191e-01,9.999999999999010791e-01,5.999999999999999778e-01,4.429759576435128299e-01,-7.444965339404142624e-01
9.999999999986275423e-01,1.801918568445123200e-12,9.999999999999803491e-01,9.625988453460718741e-01,9.999999999992169597e-01,5.999999999999999778e-01,4.429759574937127686e-01,-7.429458538519294608e-01
9.999999999997792877e-01,9.587848344924941234e-14,5.083257891279309160e-01,9.999999980065128469e-01,9.999999999996478373e-01,5.999999999999999778e-01,4.429759518516646621e-01,-5.309540062928924664e-01
9.999999999985553778e-01,1.903999771039230961e-13,3.265790226208865610e-01,9.999999961377930013e-01,9.999999999992221777e-01,5.999999999999999778e-01,4.429759498698058739e-01,-4.536651287623053586e-01
9.999999999982460697e-01,9.421456735556907059e-14,8.249261712404235558e-01,9.999999996017748805e-01,9.999999999995295985e-01,5.999999999999999778e-01,4.429759553040354958e-01,-6.655901742598672177e-01
9.999999999991442401e-01,3.139774849757808173e-12,6.659534936954916162e-01,9.999969408964316520e-01,9.999999999998860911e-01,5.999999999999999778e-01,4.429759535705398710e-01,-5.979863489278144373e-01
9.999999999967276176e-01,4.495503289133831337e-14,9.999999999883792956e-01,3.832848380795410570e-01,9.999999999996772582e-01,5.999999999999999778e-01,4.429759618397289822e-01,-7.879343598917566416e-01
9.999999999985341725e-01,9.024567004588472308e-14,8.877905621189399188e-01,9.996974847234454398e-01,9.999999999998664402e-01,5.999999999999999778e-01,4.429759559918101108e-01,-6.923471177021810474e-01
9.999999999994840794e-01,1.191155218811137262e-13,6.341850325183693293e-01,9.999999975816558084e-01,9.999999999995937694e-01,5.999999999999999778e-01,4.429759532240975517e-01,-5.844763872401969040e-01
9.999999999941155959e-01,3.580395600422130558e-14,4.737342021896202571e-01,9.999999986173143673e-01,9.999999999999984457e-01,5.999999999999999778e-01,4.429759514744604498e-01,-5.162437311590984956e-01
9.999999999984845456e-01,6.588465893269239183e-13,2.908328189884229475e-01,9.999999986913974404e-01,9.999999999998224753e-01,5.999999999999999778e-01,4.429759494800111774e-01,-4.384638459605197935e-01
9.999999999997390976e-01,9.100827849519805778e-14,9.999999999999817923e-01,8.780525329782038479e-01,9.999999999997273292e-01,5.999999999999999778e-01,4.429759581279795744e-01,-7.495115716440011733e-01
9.999999999997679634e-01,1.030090047574515537e-13,9.999999999996701527e-01,1.790023284575598117e-01,9.999999999996060929e-01,5.999999999999999778e-01,4.429759633722573087e-01,-8.037985799977199752e-01
9.999999999999088507e-01,3.271596159389984185e-13,9.867457770803278461e-01,9.999999975569492383e-01,9.999999999999699130e-01,5.999999999999999778e-01,4.429759570685984360e-01,-7.344049102275550522e-01
9.999999999999622524e-01,5.294952421188085122e-13,5.452084877968363941e-01,9.999999980552825019e-01,9.999999999996882494e-01,5.999999999999999778e-01,4.429759522538522787e-01,-5.466385900682256826e-01
9.999999999997239986e-01,1.061919450278280308e-13,2.336471241769745577e-01,9.999999992685525418e-01,9.999999999997450928e-01,5.999999999999999778e-01,4.429759488564293801e-01,-4.141452940311790565e-01
9.999999999999923395e-01,1.135012838903037082e-13,9.204878817883440645e-01,9.999999973364167571e-01,9.999999999998593347e-01,5.999999999999999778e-01,4.429759563460887728e-01,-7.062283519335884607e-01
9.999999999777035020e-01,2.741570570827484127e-13,4.528150825932450441e-02,9.999999976533959778e-01,9.999999999999884537e-01,5.999999999999999778e-01,4.429759468023953817e-01,-3.340417119757669306e-01
9.999999999985196286e-01,2.114051951014861531e-12,6.521275930304530899e-01,9.999999999102312520e-01,9.999999999998114841e-01,5.999999999999999778e-01,4.429759534197523219e-01,-5.921065660784027296e-01
9.999999999990721866e-01,3.415772693364552853e-14,9.999999999999933387e-01,5.631331350630823795e-01,9.999999999996737055e-01,5.999999999999999778e-01,4.429759604905063042e-01,-7.739676577375768085e-01
9.999999999967422726e-01,1.469380607171797768e-14,7.864784640976191232e-01,9.999999969843154091e-01,9.999999999999077405e-01,5.999999999999999778e-01,4.429759548847822526e-01,-6.492400616574708350e-01
9.999999999994853006e-01,1.892082786944071464e-13,9.999999999999962252e-01,2.708663812352746225e-01,9.999999999980091481e-01,5.999999999999999778e-01,4.429759626830927499e-01,-7.966645793665593223e-01
9.999999999987594368e-01,2.351912406118654177e-13,6.393026569484041577e-01,9.999999995477166781e-01,9.999999999999660272e-01,5.999999999999999778e-01,4.429759532799026900e-01,-5.866526868705120856e-01
9.999999999999319433e-01,2.164708062109482262e-13,3.659115358029996212e-01,9.999999980784878284e-01,9.999999999999810152e-01,5.999999999999999778e-01,4.429759502987075104e-01,-4.703915103699142231e-01
9.999999999976679765e-01,5.376640307696378387e-13,6.961523550314240305e-01,9.999999995567192546e-01,9.999999999999452660e-01,5.999999999999999778e-01,4.429759538998205848e-01,-6.108283541758782187e-01
9.999999999997271072e-01,1.704069066639185069e-14,9.999999999996674882e-01,2.570664758137214401e-01,9.999999999999632516e-01,5.999999999999999778e-01,4.429759627866197147e-01,-7.977362557292851930e-01
9.999999999993671729e-01,1.568059268669313557e-13,9.999999999999852340e-01,7.956672835237070807e-01,9.999999999999903411e-01,5.999999999999999778e-01,4.429759587460340708e-01,-7.559094650950427541e-01
9.999999999986838306e-01,5.067233323590292212e-11,9.999999999028038600e-01,2.024798841866410903e-01,9.999999999997888356e-01,5.999999999999999778e-01,4.429759631961285860e-01,-8.019753543056006295e-01
9.999999999982717158e-01,2.352976896972123305e-13,9.997022812827991434e-01,9.999999996017748805e-01,9.999999999999715783e-01,5.999999999999999778e-01,4.429759572098826981e-01,-7.399147394199053762e-01
9.999999999998063771e-01,1.263542438295671857e-11,3.707084563809613931e-01,9.999999994344301868e-01,9.999999999999673594e-01,5.999999999999999778e-01,4.429759503510155572e-01,-4.724314288551697549e-01
9.999999999999992228e-01,9.864931653299847823e-13,3.944147278874259865e-01,9.999999950569630203e-01,9.999999999999983347e-01,5.999999999999999778e-01,4.429759506095207744e-01,-4.825126600971038071e-01
9.999999999999927836e-01,2.587874237031245856e-12,9.701951483053649072e-01,9.999999978982431204e-01,9.999999999999823475e-01,5.999999999999999778e-01,4.429759568881219689e-01,-7.273666583108487904e-01
9.999999999987525534e-01,3.776665954013475472e-13,8.975867215564006241e-01,9.999999954110477818e-01,9.999999999999884537e-01,5.999999999999999778e-01,4.429759560963629217e-01,-6.964894994710201237e-01
9.999999999999078515e-01,3.842883361159317741e-13,7.812344652390743605e-01,9.999999975907143401e-01,9.999999999999965583e-01,5.999999999999999778e-01,4.429759548275989944e-01,-6.470100203617320522e-01
9.999999999999210631e-01,4.452816586149950417e-13,9.999999999999965583e-01,5.753386395998676406e-01,9.999999999999826805e-01,5.999999999999999778e-01,4.429759603989405492e-01,-7.730197997406172972e-01
9.999999999999804601e-01,7.024393934168978784e-13,4.786238113475454470e-01,9.999999982725333858e-01,9.999999999999991118e-01,5.999999999999999778e-01,4.429759515277792437e-01,-5.183230661387808746e-01
9.999999999985537125e-01,3.634514495747009256e-14,1.619301185204921611e-01,9.999999961270553683e-01,9.999999999996249667e-01,5.999999999999999778e-01,4.429759480743908906e-01,-3.836472172862862573e-01
9.999999999996412869e-01,7.678977641953863445e-13,5.701453267358974619e-02,9.999999980202101124e-01,9.999999999999950040e-01,5.999999999999999778e-01,4.429759469303382047e-01,-3.390312493468615740e-01
9.999999999998790967e-01,8.883538546100708913e-14,4.227280397414130420e-01,9.999999951432154699e-01,9.999999999996219691e-01,5.999999999999999778e-01,4.429759509182634725e-01,-4.945530618993697614e-01
9.999999999986691757e-01,2.834319225800653318e-13,4.489147944576049598e-01,9.999999953301009770e-01,9.999999999997760680e-01,5.999999999999999778e-01,4.429759512038171088e-01,-5.056891328094469396e-01
9.999999999998671063e-01,1.566424818253383317e-12,3.259671092720888008e-02,9.999999992855074238e-01,9.999999999999992228e-01,5.999999999999999778e-01,4.429759466640739163e-01,-3.286474274378324845e-01
9.999999999768675041e-01,1.723571355911303841e-13,3.858459384428369887e-01,9.999999999312677579e-01,9.999999999997383204e-01,5.999999999999999778e-01,4.429759505160823507e-01,-4.788687317848189240e-01
9.999999999996098676e-01,1.904329209646365398e-13,9.999999999999962252e-01,8.199242567194107156e-01,9.999999999992225108e-01,5.999999999999999778e-01,4.429759585640581920e-01,-7.540257112557983143e-01
9.999999999999604761e-01,2.602676870768037041e-14,4.096342776617907244e-01,9.999999981830682838e-01,9.999999999991620037e-01,5.999999999999999778e-01,4.429759507754824077e-01,-4.889848625970912854e-01
9.999999999999608091e-01,4.853156919183014390e-14,2.047652694711723231e-01,9.999999974039267547e-01,9.999999999995913269e-01,5.999999999999999778e-01,4.429759485414870301e-01,-4.018631161863918111e-01
9.999999999945515805e-01,4.259769420420386639e-14,1.488773185114954933e-01,9.999999969826258717e-01,9.999999999995408118e-01,5.999999999999999778e-01,4.429759479320565241e-01,-3.780964375132517263e-01
9.999999999958822938e-01,6.840911889995247730e-12,2.036464688558176084e-02,9.999999973028015354e-01,9.999999999992016386e-01,5.999999999999999778e-01,4.429759465306892796e-01,-3.234456706659684100e-01
9.999999999999485967e-01,7.012829486003571933e-13,9.999999999960847985e-01,9.911388605753626013e-01,9.999999999999797939e-01,5.999999999999999778e-01,4.429759572796054812e-01,-7.407294865054278032e-01
9.999999999992355004e-01,5.391935154246541390e-11,9.999999999998545608e-01,6.725773745547694027e-01,9.999999999999231726e-01,5.999999999999999778e-01,4.429759596694551327e-01,-7.654684107515467018e-01
9.999999999999579225e-01,2.208723302515734921e-13,3.398426563137564860e-01,9.999999980267985089e-01,9.999999999991693311e-01,5.999999999999999778e-01,4.429759500144392348e-01,-4.593055665818682742e-01
9.999999999963251618e-01,2.148014735083149665e-13,9.999999999995889954e-01,2.451159558162725460e-01,9.999999999999843459e-01,5.999999999999999778e-01,4.429759628762725554e-01,-7.986643120760908987e-01
9.999999999959681141e-01,5.329835797519843059e-14,5.149330395852053099e-02,9.999999972424907790e-01,9.999999999999353850e-01,5.999999999999999778e-01,4.429759468701319203e-01,-3.366833145361828317e-01
9.999999999987595478e-01,8.982262307741031834e-15,3.132518464551966031e-01,9.999999979670878281e-01,9.999999999995480282e-01,5.999999999999999778e-01,4.429759497244796229e-01,-4.479976688449603950e-01
9.999999999998739897e-01,3.084326532900816892e-12,1.779249259549998408e-01,9.999999999201775180e-01,9.999999999999957812e-01,5.999999999999999778e-01,4.429759482488063171e-01,-3.904491025986115416e-01
9.999999999999681366e-01,2.384109415901677771e-12,6.214032436180821906e-01,9.999999976853893857e-01,9.999999999999816813e-01,5.999999999999999778e-01,4.429759530847184323e-01,-5.790408565881127734e-01
9.999999999970434761e-01,9.062685690079504139e-14,1.988555960419053914e-01,9.999999953951131948e-01,9.999999999997455369e-01,5.999999999999999778e-01,4.429759484770449673e-01,-3.993499930792522301e-01
9.999999999976378895e-01,1.179616427740338835e-13,7.692654456941874219e-01,9.999999995646132733e-01,9.999999999999563682e-01,5.999999999999999778e-01,4.429759546970827300e-01,-6.419201244956364016e-01
9.999999999997581934e-01,3.749919109683850208e-13,9.002488591762320969e-01,9.999999954478447917e-01,9.999999999997005729e-01,5.999999999999999778e-01,4.429759561253922562e-01,-6.976215890941678266e-01
9.999999999999544809e-01,1.924640372612794699e-12,7.194987155599539275e-01,9.999999999042743504e-01,9.999999999999445999e-01,5.999999999999999778e-01,4.429759541544011081e-01,-6.207565307969599155e-01
9.999999999999766853e-01,3.939061475876435848e-12,3.092840371660637855e-01,9.999999989151522328e-01,9.999999999999861222e-01,5.999999999999999778e-01,4.429759496812126218e-01,-4.463103346158369122e-01
9.999999999998949729e-01,2.776944783748799199e-15,6.068276878869753865e-01,9.999999981202262189e-01,9.999999999999891198e-01,5.999999999999999778e-01,4.429759529257792372e-01,-5.728425160527198523e-01
9.999999999987593258e-01,7.012091799088451096e-12,8.695619973098964728e-01,9.999999958803730271e-01,9.999999999991711075e-01,5.999999999999999778e-01,4.429759557907671508e-01,-6.845718211953951693e-01
9.999999999999542588e-01,2.560688269348179292e-13,9.549919053488781229e-01,9.999999991470471805e-01,9.999999999999890088e-01,5.999999999999999778e-01,4.429759567223380823e-01,-7.209013900414963372e-01
9.999999999993677280e-01,1.641824108873948284e-13,9.907893146930752959e-01,9.999999988497234593e-01,9.999999999999713562e-01,5.999999999999999778e-01,4.429759571126911655e-01,-7.361244481955740993e-01
9.999999999977666754e-01,1.488859033677940115e-13,7.103143901519677339e-01,9.999999996567543459e-01,9.999999999999990008e-01,5.999999999999999778e-01,4.429759540542506091e-01,-6.168508426078002094e-01
9.999999999994003685e-01,7.781129612604401022e-12,5.769981782803335069e-01,9.999999987098087129e-01,9.999999999995722311e-01,5.999999999999999778e-01,4.429759526005031534e-01,-5.601573422154410009e-01
9.999999999957459584e-01,7.716141436535794373e-14,6.719374852239599072e-01,9.999999990540383576e-01,9.999999999995528022e-01,5.999999999999999778e-01,4.429759536357694150e-01,-6.005308389059641483e-01
9.999999999940619722e-01,3.784590603370631017e-13,3.002154802160800218e-01,9.999999961270553683e-01,9.999999999999935607e-01,5.999999999999999778e-01,4.429759495823245019e-01,-4.424538778390448845e-01
9.999999999995264899e-01,4.147941583652384226e-13,1.043969347670195003e-01,9.999999996995190266e-01,9.999999999999997780e-01,5.999999999999999778e-01,4.429759474470199021e-01,-3.591808934152457278e-01
9.999999999975742737e-01,2.461864214224099843e-12,5.248580642471902813e-01,9.999999998440011195e-01,9.999999999999338307e-01,5.999999999999999778e-01,4.429759520319409005e-01,-5.379844530406329151e-01
9.999999999996100897e-01,2.964266860416084707e-13,9.999999999999559241e-01,7.060761304871773225e-01,9.999999999996873612e-01,5.999999999999999778e-01,4.429759594181473248e-01,-7.628669563336899495e-01
9.999999999999568123e-01,1.969852107582759155e-12,7.059900046027044462e-01,9.999999997635209414e-01,9.999999999999622524e-01,5.999999999999999778e-01,4.429759540070953294e-01,-6.150118722985592479e-01
9.999999999996781463e-01,1.969852107582759155e-12,9.690049875051945372e-02,9.999999999299281628e-01,9.999999999999451550e-01,5.999999999999999778e-01,4.429759473652749580e-01,-3.559929900452395435e-01
9.999999999998290257e-01,3.706454822436795466e-13,9.384640928634061519e-01,9.999999999897581926e-01,9.999999999998883116e-01,5.999999999999999778e-01,4.429759565421104717e-01,-7.138728408456832542e-01
9.999999999999306111e-01,4.871771860175809094e-13,3.220999099302208069e-01,9.999999959665542004e-01,9.999999999997446487e-01,5.999999999999999778e-01,4.429759498209633883e-01,-4.517603598519993602e-01
9.999999999999035216e-01,4.175807646634737263e-12,7.321510079511452940e-01,9.999999964332576541e-01,9.999999999998936406e-01,5.999999999999999778e-01,4.429759542923681348e-01,-6.261369925610101861e-01
9.999999999986242116e-01,5.863522180590780963e-12,9.999999999998425704e-01,2.844999016030468897e-01,9.999999999998389066e-01,5.999999999999999778e-01,4.429759625808140089e-01,-7.956058241735436409e-01
9.999999999755734281e-01,6.661127449063779932e-14,3.910191012875440242e-01,9.999999990805209515e-01,9.999999999996271871e-01,5.999999999999999778e-01,4.429759505724931157e-01,-4.810686496704331683e-01
9.999999999999954481e-01,8.535965383132142035e-15,4.456727969093943198e-01,9.999999979031539699e-01,9.999999999999736877e-01,5.999999999999999778e-01,4.429759511684647211e-01,-5.043104541507666960e-01
9.999999999999804601e-01,8.110856026064052810e-15,4.178189895092343509e-01,9.999999959911274328e-01,9.999999999999078515e-01,5.999999999999999778e-01,4.429759508647326816e-01,-4.924654594510725625e-01
9.999999999998124833e-01,5.061696814802153815e-13,1.946853489241385793e-01,9.999999978760442110e-01,9.999999999998873124e-01,5.999999999999999778e-01,4.429759484315705098e-01,-3.975765708581598945e-01
9.999999999977089438e-01,5.131393971440695019e-13,1.486833629984568583e-02,9.999999984821967836e-01,9.999999999996973532e-01,5.999999999999999778e-01,4.429759464707547223e-01,-3.211083322837674503e-01
