9.999999999992261746e-01,9.701187593385676427e-12,5.184510043498846699e-10,9.999999989477669216e-01,9.999999999996982414e-01,1.000000000000000000e+00,4.429759504481914356e-01,-3.557653945666089390e-01
9.999999999986778354e-01,3.223886476568381832e-11,9.999999999999975575e-01,6.970734753308782672e-12,9.999999999999439337e-01,1.000000000000000000e+00,4.429759688547021401e-01,-8.586794949831796364e-01
9.999999999840455400e-01,9.996056835672934016e-01,9.999999999999770184e-01,9.582994172502301566e-10,9.999999999997827294e-01,1.000000000000000000e+00,4.429759767769746448e-01,-8.588265231030586255e-01
9.999999999943410822e-01,5.838215592836636112e-13,9.999999999999890088e-01,4.907557205608827910e-01,9.999999999999709122e-01,1.000000000000000000e+00,4.429759651730505454e-01,-8.205682695964774398e-01
9.999999999894121361e-01,7.015720578822958228e-15,9.999999999999761302e-01,2.644290265936783957e-01,9.999999999999016342e-01,1.000000000000000000e+00,4.429759668709544185e-01,-8.381444022493146351e-01
9.999999999991482369e-01,2.128410733291823078e-12,9.999999999997444267e-01,2.773348402983043526e-01,9.999999999999998890e-01,1.000000000000000000e+00,4.429759667741349216e-01,-8.371421594748259531e-01
9.999999999999430456e-01,7.427650518975468167e-13,9.999999999999938938e-01,5.393483808368704224e-02,9.999999999999646949e-01,1.000000000000000000e+00,4.429759684500827466e-01,-8.544910103989667993e-01
9.999999999993499644e-01,1.364273870055008171e-11,9.999999999999852340e-01,2.242528722986265044e-01,9.999999999999976685e-01,1.000000000000000000e+00,4.429759671723560999e-01,-8.412644116703601460e-01
9.999999999974636955e-01,2.876607925743204223e-12,9.999999999999252820e-01,5.996610482980364587e-01,9.999999999999937828e-01,1.000000000000000000e+00,4.429759643560423066e-01,-8.121108735488479224e-01
9.999999999989298560e-01,1.397446848250334550e-15,9.999999999999925615e-01,1.298292802053530592e-01,9.999999999999455991e-01,1.000000000000000000e+00,4.429759678807222989e-01,-8.485971816193899064e-01
9.999999999984809929e-01,7.047162154085375638e-13,9.999999999999852340e-01,3.059304892663055608e-01,9.999999999999502620e-01,1.000000000000000000e+00,4.429759665596102458e-01,-8.349214717130829522e-01
9.999999999998657740e-01,9.295131670982380083e-13,9.999999999999921174e-01,7.683623471001117533e-01,9.999999999999906741e-01,1.000000000000000000e+00,4.429759630904444578e-01,-7.990098276469478344e-01
9.999999999987051469e-01,1.213417721697139297e-12,1.534672847127760975e-01,9.999999995407965470e-01,9.999999999999953371e-01,1.000000000000000000e+00,4.429759521216763973e-01,-4.210282565968049839e-01
9.999999999954150010e-01,1.084737407935816755e-13,9.999999999998020472e-01,5.869463458706914993e-01,9.999999999999857891e-01,1.000000000000000000e+00,4.429759644514280614e-01,-8.130982749577585489e-01
9.999999999973768761e-01,3.760819698234984538e-13,8.622710104076122262e-01,9.999999995744839332e-01,9.999999999999926725e-01,1.000000000000000000e+00,4.429759598508311025e-01,-7.224511952495901168e-01
9.999999999982276400e-01,4.148100234738258607e-14,6.312428721751462968e-01,9.999999982231768669e-01,9.999999999999401590e-01,1.000000000000000000e+00,4.429759573315833476e-01,-6.242051255133779231e-01
9.999999999980875298e-01,1.060244135747269157e-13,9.999999999999512612e-01,2.653932050667984210e-02,9.999999999999328315e-01,1.000000000000000000e+00,4.429759686556040132e-01,-8.566184980701722074e-01
9.999999999997701838e-01,1.718644985655705794e-13,7.749917938855372945e-01,9.999999980702469760e-01,9.999999999999927836e-01,1.000000000000000000e+00,4.429759588990943575e-01,-6.853351969962212520e-01
9.999999999982468468e-01,5.203135224844066308e-15,9.568671915493591751e-01,9.999999986756791248e-01,9.999999999999827915e-01,1.000000000000000000e+00,4.429759608823557460e-01,-7.626787757793155320e-01
9.999999999995760058e-01,1.293697807088906722e-12,9.999999999999282796e-01,1.223608661991404389e-02,9.999999999994321209e-01,1.000000000000000000e+00,4.429759687629069576e-01,-8.577292620358117903e-01
9.999999999989548360e-01,1.397446848250334550e-15,9.999999999999925615e-01,6.822868810662036099e-02,9.999999999999458211e-01,1.000000000000000000e+00,4.429759683428502459e-01,-8.533809751666986410e-01
9.999999999954325425e-01,4.509070468856776738e-13,9.999999999998123723e-01,4.770880300904040139e-01,9.999999999999620304e-01,1.000000000000000000e+00,4.429759652755856369e-01,-8.216296783788973324e-01
9.999999999995237143e-01,3.574903552424417376e-13,4.226483568619841535e-01,9.999999975429367804e-01,9.999999999999892308e-01,1.000000000000000000e+00,4.429759550569631332e-01,-5.354990853552002994e-01
9.999999999999678035e-01,2.182933354608014564e-15,2.963108130340739721e-01,9.999999970853337139e-01,9.999999999999839018e-01,1.000000000000000000e+00,4.429759536793145824e-01,-4.817733044126267794e-01
9.999999999998686606e-01,7.858602546829188425e-13,9.999999999999998890e-01,5.047235529631192152e-01,9.999999999999403810e-01,1.000000000000000000e+00,4.429759650682638106e-01,-8.194835523191649207e-01
9.999999999999509281e-01,2.843658333296583037e-12,1.000000000000000000e+00,2.374340845905259234e-01,9.999999999999743538e-01,1.000000000000000000e+00,4.429759670734705890e-01,-8.402407819264118283e-01
9.999999999996485034e-01,2.184262206178569224e-13,9.999999999999912292e-01,4.057523400630604904e-01,9.999999999999088507e-01,1.000000000000000000e+00,4.429759658107462750e-01,-8.271694824949341607e-01
9.999999999996435074e-01,2.412011505342442514e-14,2.163235143497707624e-02,9.999999972555054795e-01,9.999999999999472644e-01,1.000000000000000000e+00,4.429759506840815764e-01,-3.649646787126884506e-01
9.999999999985285104e-01,2.517515552664374215e-13,3.328225209894880576e-01,9.999999981940304039e-01,9.999999999999510392e-01,1.000000000000000000e+00,4.429759540774567128e-01,-4.973001221307497000e-01
9.999999999986890487e-01,3.063285097993484688e-11,9.999999999999975575e-01,6.369628692828763761e-01,9.999999999999439337e-01,1.000000000000000000e+00,4.429759640762038764e-01,-8.092140797932266816e-01
9.999999999973784304e-01,1.815233008076219155e-14,4.935787447475520895e-01,9.999999978482555507e-01,9.999999999999171774e-01,1.000000000000000000e+00,4.429759558304239841e-01,-5.656626485027779205e-01
9.999999999999165112e-01,1.702224429004172854e-12,9.999999999999998890e-01,3.190068432453954106e-01,9.999999999997147837e-01,1.000000000000000000e+00,4.429759664615113834e-01,-8.339059850813798080e-01
9.999999999982125409e-01,2.634760128319453225e-12,8.088639554159519074e-01,9.999999990657867377e-01,9.999999999999666933e-01,1.000000000000000000e+00,4.429759592684535674e-01,-6.997395321344769270e-01
9.999999999967140729e-01,6.259551559652592516e-14,9.999999999999825695e-01,4.335050273555588474e-01,9.999999999999606981e-01,1.000000000000000000e+00,4.429759656025455405e-01,-8.250142576522762061e-01
9.999999999998258060e-01,1.829111027732518002e-15,5.698005479878894830e-01,9.999999974547263415e-01,9.999999999999933387e-01,1.000000000000000000e+00,4.429759566615851241e-01,-5.980764170988367434e-01
9.999999999992712496e-01,1.244048282239115104e-12,9.999999999997210010e-01,5.199202111280633032e-01,9.999999999999864553e-01,1.000000000000000000e+00,4.429759649542584499e-01,-8.183034065953916913e-01
9.999999999989301891e-01,3.366816451809269128e-14,5.646393520438103275e-01,9.999999980716309800e-01,9.999999999999557021e-01,1.000000000000000000e+00,4.429759566053048103e-01,-5.958815882259346219e-01
9.999999999999403810e-01,1.070737552988547956e-14,3.963700182010230777e-01,9.999999972221202960e-01,9.999999999999976685e-01,1.000000000000000000e+00,4.429759547704108513e-01,-5.243240678472377292e-01
9.999999999967666975e-01,1.077361084561238913e-13,9.999999998018239689e-01,7.275330343038802772e-01,9.999999999999973355e-01,1.000000000000000000e+00,4.429759633967461085e-01,-8.021805601228152449e-01
9.999999999999517053e-01,2.608514551830772799e-12,8.929940935933154966e-01,9.999999969096062813e-01,9.999999999999981126e-01,1.000000000000000000e+00,4.429759601858511697e-01,-7.355163666491203456e-01
9.999999999997984945e-01,5.433051105222759961e-14,3.820232146819401708e-01,9.999999994887333044e-01,9.999999999999937828e-01,1.000000000000000000e+00,4.429759546139659943e-01,-5.182230053878488230e-01
9.999999999976815213e-01,2.438743551549374109e-15,6.400917944835698981e-02,9.999999973814719390e-01,9.999999999999177325e-01,1.000000000000000000e+00,4.429759511461799915e-01,-3.829856731864761388e-01
9.999999999973469000e-01,3.430193432476784538e-14,9.350186428198747901e-01,9.999999992171016983e-01,9.999999999999985567e-01,1.000000000000000000e+00,4.429759606441081021e-01,-7.533875523351966086e-01
9.999999999986474153e-01,1.163298473567001101e-15,9.212150235382851604e-02,9.999999982253586772e-01,9.999999999999932276e-01,1.000000000000000000e+00,4.429759514527309427e-01,-3.949406032028880409e-01
9.999999999993425259e-01,5.776864606925542329e-13,4.668035213234894565e-01,9.999999980198597260e-01,9.999999999999991118e-01,1.000000000000000000e+00,4.429759555384534253e-01,-5.542763277992909243e-01
9.999999999998737676e-01,7.577299990939898863e-16,8.134623917194069298e-01,9.999999980167942892e-01,9.999999999999974465e-01,1.000000000000000000e+00,4.429759593185972344e-01,-7.016950442050723380e-01
9.999999999997961631e-01,2.206002818835699125e-14,9.999999999999367173e-01,7.136687196805246991e-01,9.999999999999937828e-01,1.000000000000000000e+00,4.429759635007562424e-01,-8.032572384755413131e-01
9.999999999997266631e-01,1.244048282239115104e-12,9.999999999999898970e-01,8.494954788931112777e-01,9.999999999999864553e-01,1.000000000000000000e+00,4.429759624817833363e-01,-7.927091714487745078e-01
9.999999999999474865e-01,1.547557060673756704e-12,6.190802467299927336e-01,9.999999982012749422e-01,9.999999999999981126e-01,1.000000000000000000e+00,4.429759571989558831e-01,-6.190328977592901571e-01
9.999999999968460784e-01,3.188267490231727590e-15,6.506642407442314591e-01,9.999999979555341811e-01,9.999999999999991118e-01,1.000000000000000000e+00,4.429759575433637742e-01,-6.324641763472053091e-01
9.999999999945818896e-01,5.838215592836636112e-13,9.999999999999890088e-01,1.694703680412052160e-01,9.999999999999956701e-01,1.000000000000000000e+00,4.429759675833346844e-01,-8.455187245181626787e-01
9.999999999989805932e-01,2.291213562742167550e-13,7.800674887780016942e-01,9.999999974515098033e-01,9.999999999999940048e-01,1.000000000000000000e+00,4.429759589544423060e-01,-6.874936660460425619e-01
9.999999999998057110e-01,2.123553901767873390e-14,6.936230423517086852e-01,9.999999972489660438e-01,9.999999999999976685e-01,1.000000000000000000e+00,4.429759580118082796e-01,-6.507326585675893282e-01
9.999999999996007638e-01,1.839243259835719921e-12,1.813971532778248519e-01,9.999999974914880463e-01,9.999999999999608091e-01,1.000000000000000000e+00,4.429759524262378845e-01,-4.329055970601488612e-01
9.999999999998887557e-01,4.769973418108754559e-13,9.999999999999252820e-01,5.727378349116130085e-01,9.999999999999048539e-01,1.000000000000000000e+00,4.429759645580204075e-01,-8.142016829075372497e-01
9.999999999987451149e-01,4.882683397732488819e-16,7.011008931405277034e-01,9.999999969154278467e-01,9.999999999999172884e-01,1.000000000000000000e+00,4.429759580933505525e-01,-6.539126584686655308e-01
9.999999999977803311e-01,1.509355720364417898e-13,4.218511120739010245e-03,9.999999959697375429e-01,9.999999999999179545e-01,1.000000000000000000e+00,4.429759504941922499e-01,-3.575593411563208202e-01
9.999999999989857002e-01,1.223455906566099295e-13,4.887649388846799781e-01,9.999999969296401447e-01,9.999999999999926725e-01,1.000000000000000000e+00,4.429759557779318069e-01,-5.636155494181253056e-01
9.999999999980095922e-01,6.990868357400954915e-13,9.999999999999569233e-01,9.331603154696966884e-01,9.999999999999237277e-01,1.000000000000000000e+00,4.429759618541293520e-01,-7.862119075136825286e-01
9.999999999999267253e-01,7.315625263677593072e-13,9.999999999999914513e-01,4.631536127474062958e-01,9.999999999999561462e-01,1.000000000000000000e+00,4.429759653801216834e-01,-8.227118007011539058e-01
9.999999999996516120e-01,5.194603271827959222e-13,4.044817296728662748e-01,9.999999968661305028e-01,9.999999999999099609e-01,1.000000000000000000e+00,4.429759548588650397e-01,-5.277736207212554431e-01
9.999999999998493427e-01,6.710090068106852913e-14,4.725675205306311688e-01,9.999999983064087328e-01,9.999999999999531486e-01,1.000000000000000000e+00,4.429759556013069810e-01,-5.567275022228302950e-01
9.999999999967897901e-01,4.067683489749933169e-13,9.999999998403152901e-01,6.474785110729235349e-01,9.999999999999433786e-01,1.000000000000000000e+00,4.429759639973154806e-01,-8.083974534933581202e-01
9.999999999996744826e-01,1.400659738008318906e-14,9.999999999999830136e-01,7.828717266709819267e-01,9.999999999999836797e-01,1.000000000000000000e+00,4.429759629815950284e-01,-7.978830547693488429e-01
9.999999999992137401e-01,3.223247288836327236e-11,9.999999999997383204e-01,1.214256709779709398e-01,9.999999999999079625e-01,1.000000000000000000e+00,4.429759679437662023e-01,-8.492497911199471394e-01
9.999999999980471177e-01,8.851752956869304239e-13,2.836898424312207512e-01,9.999999976937602453e-01,9.999999999999806821e-01,1.000000000000000000e+00,4.429759535416891159e-01,-4.764061626453818254e-01
9.999999999999142908e-01,7.918598935909738302e-14,7.375902385165914454e-01,9.999999969264599109e-01,9.999999999999563682e-01,1.000000000000000000e+00,4.429759584912488779e-01,-6.694299664534383298e-01
9.999999999996458389e-01,1.951840519992251188e-12,2.150692387937687688e-01,9.999999974840877437e-01,9.999999999999954481e-01,1.000000000000000000e+00,4.429759527934153396e-01,-4.472248487785849269e-01
9.999999999965401010e-01,2.912561393786983271e-12,2.671132780780909877e-01,9.999999959746538325e-01,9.999999999996165290e-01,1.000000000000000000e+00,4.429759533609298749e-01,-4.693568816324710236e-01
9.999999999999639178e-01,1.090556142576294875e-13,6.972510394680740964e-01,9.999999953406233377e-01,9.999999999999672484e-01,1.000000000000000000e+00,4.429759580513698558e-01,-6.522754857531215533e-01
9.999999999999509281e-01,2.843588152651670984e-12,9.999999999999265032e-01,2.094635803159891896e-01,9.999999999999907851e-01,1.000000000000000000e+00,4.429759672833054607e-01,-8.424129220523831618e-01
9.999999999998810951e-01,2.887421635539814558e-12,3.915609780713901755e-01,9.999999992178207897e-01,9.999999999999157341e-01,1.000000000000000000e+00,4.429759547179705770e-01,-5.222789951912273354e-01
9.999999999997625233e-01,2.958369587732259037e-12,9.999999999999876765e-01,6.655913146336251973e-01,9.999999999999937828e-01,1.000000000000000000e+00,4.429759638614331752e-01,-8.069908451200319410e-01
9.999999999997538636e-01,4.690287370809530986e-13,9.999999999999911182e-01,7.028333712826821955e-01,9.999999999999620304e-01,1.000000000000000000e+00,4.429759635820431085e-01,-8.040986925579981515e-01
9.999999999992137401e-01,1.328680451022824384e-12,9.999999999997383204e-01,1.566130130503486650e-01,9.999999999999079625e-01,1.000000000000000000e+00,4.429759676797906387e-01,-8.465172040737002357e-01
9.999999999998876454e-01,6.022291741966851213e-13,1.915295380640132938e-01,9.999999971919174557e-01,9.999999999999896749e-01,1.000000000000000000e+00,4.429759525367265027e-01,-4.372144530995717426e-01
9.999999999996410649e-01,1.236364575493111131e-12,2.453307398553135066e-01,9.999999968828934271e-01,9.999999999999718003e-01,1.000000000000000000e+00,4.429759531234020442e-01,-4.600937295144590378e-01
9.999999999997577493e-01,2.918364452374509029e-12,1.017525941935358974e-01,9.999999974176793094e-01,9.999999999999971134e-01,1.000000000000000000e+00,4.429759515577532669e-01,-3.990362815186568879e-01
9.999999999996252997e-01,1.991116587346178082e-12,5.750894542558259159e-01,9.999999999647928295e-01,9.999999999999557021e-01,1.000000000000000000e+00,4.429759567192580461e-01,-6.003255552923466576e-01
9.999999999986636245e-01,2.820502981059335123e-12,9.999999999999923395e-01,1.822998598189632391e-01,9.999999999999331646e-01,1.000000000000000000e+00,4.429759674870877850e-01,-8.445224087699024773e-01
9.999999999997041256e-01,1.295807147386776380e-14,9.712722409569121140e-01,9.999999972899323852e-01,9.999999999999482636e-01,1.000000000000000000e+00,4.429759610394357061e-01,-7.688046075747733132e-01
9.999999999999893419e-01,2.356846558663339252e-13,6.537087614793286594e-01,9.999999969797620514e-01,9.999999999999925615e-01,1.000000000000000000e+00,4.429759575765627733e-01,-6.337588767091087982e-01
9.999999999999852340e-01,6.481586758869170522e-15,2.313384253537393853e-01,9.999999969148261059e-01,9.999999999994015898e-01,1.000000000000000000e+00,4.429759529708227617e-01,-4.541434157611737854e-01
9.999999999989929167e-01,1.254883612495794239e-14,4.194189415398389409e-01,9.999999969296401447e-01,9.999999999999868994e-01,1.000000000000000000e+00,4.429759550217479691e-01,-5.341257576098540349e-01
9.999999999993930411e-01,1.379943395184453174e-12,9.999999999999927836e-01,3.886687397140273226e-01,9.999999999999307221e-01,1.000000000000000000e+00,4.429759659389075344e-01,-8.284961648258689637e-01
9.999999999999096278e-01,1.300293177819973158e-14,3.867020945930335629e-01,9.999999995831834187e-01,9.999999999999795719e-01,1.000000000000000000e+00,4.429759546649868485e-01,-5.202127264866936995e-01
9.999999999987108090e-01,1.090556142576294875e-13,1.863406045714016690e-01,9.999999955969375298e-01,9.999999999998807620e-01,1.000000000000000000e+00,4.429759524801437642e-01,-4.350078288430304640e-01
9.999999999994937383e-01,1.532581048896922865e-11,1.000000000000000000e+00,5.307928992307161531e-01,9.999999999999998890e-01,1.000000000000000000e+00,4.429759648726914745e-01,-8.174590527771842252e-01
9.999999999999367173e-01,1.506912771497565496e-13,9.999999999999912292e-01,3.324879547506390809e-01,9.999999999999299449e-01,1.000000000000000000e+00,4.429759663603760611e-01,-8.328590656917987944e-01
9.999999999998887557e-01,2.214276632990270481e-14,8.039067167855850071e-01,9.999999971189409420e-01,9.999999999999186207e-01,1.000000000000000000e+00,4.429759592143973079e-01,-6.976314375034750048e-01
9.999999999999257261e-01,1.628187724815835539e-13,2.581648393701546640e-01,9.999999972198410081e-01,9.999999999996409539e-01,1.000000000000000000e+00,4.429759532633515962e-01,-4.655515055277718028e-01
9.999999999981794563e-01,6.651522885727830792e-01,9.999999999999988898e-01,2.557274357550820554e-11,9.999999999999471534e-01,1.000000000000000000e+00,4.429759741262985218e-01,-8.587773296988899796e-01
9.999999999894121361e-01,7.015720578822958228e-15,9.999999999999761302e-01,4.208180134567265362e-01,9.999999999999016342e-01,1.000000000000000000e+00,4.429759656977235727e-01,-8.259995088183874623e-01
9.999999999982871479e-01,6.709570817051197126e-14,1.389079541963213482e-01,9.999999971168966884e-01,9.999999999999603650e-01,1.000000000000000000e+00,4.429759519629141162e-01,-4.148368161502770102e-01
9.999999999987126964e-01,1.213417721697139297e-12,1.966174877532627652e-01,9.999999995407965470e-01,9.999999999999944489e-01,1.000000000000000000e+00,4.429759525922080665e-01,-4.393781333433143255e-01
9.999999999999137357e-01,2.876607925743204223e-12,9.999999999999555911e-01,6.117412440020515429e-01,9.999999999999943379e-01,1.000000000000000000e+00,4.429759642654166329e-01,-8.111727468146724407e-01
9.999999999996411759e-01,1.295807147386776380e-14,3.090712313358609520e-02,9.999999971286278599e-01,9.999999999998446798e-01,1.000000000000000000e+00,4.429759507852183975e-01,-3.689088297461812216e-01
9.999999999982128740e-01,7.020486344916322055e-14,2.626803566047776761e-01,9.999999974176793094e-01,9.999999999999971134e-01,1.000000000000000000e+00,4.429759533125910975e-01,-4.674717556824855569e-01
9.999999999999358291e-01,3.708828595117446234e-13,7.702842471089120790e-01,9.999999984335213865e-01,1.000000000000000000e+00,1.000000000000000000e+00,4.429759588477608645e-01,-6.833332851096399763e-01
9.999999999996443956e-01,1.244048282239115104e-12,9.999999999998905320e-01,8.629055033546959574e-01,9.999999999999730216e-01,1.000000000000000000e+00,4.429759623811812541e-01,-7.916677725548767475e-01
9.999999999987044808e-01,2.495671886948513651e-14,4.614872120981991510e-01,9.999999968903169334e-01,9.999999999999966693e-01,1.000000000000000000e+00,4.429759554804816868e-01,-5.520155362304005608e-01
9.999999999998905320e-01,3.334558213568544341e-14,3.372032325745851766e-01,9.999999982169905932e-01,9.999999999999326095e-01,1.000000000000000000e+00,4.429759541252262234e-01,-4.991630454052734533e-01
9.999999999986606269e-01,7.382780961477428181e-14,4.003229179019217598e-01,9.999999995271979802e-01,9.999999999998846478e-01,1.000000000000000000e+00,4.429759548135152047e-01,-5.260050614338728225e-01
9.999999999986932675e-01,2.673199319643364927e-12,9.608086060119032101e-01,9.999999972967263950e-01,9.999999999999947820e-01,1.000000000000000000e+00,4.429759609253349772e-01,-7.643548854861393904e-01
9.999999999894121361e-01,7.015720578822958228e-15,9.999999999999761302e-01,2.919165613335407139e-01,9.999999999999901190e-01,1.000000000000000000e+00,4.429759666647428151e-01,-8.360097686876545309e-01
9.999999999999926725e-01,5.570159551240232837e-13,6.275299000961842566e-01,9.999999982002678589e-01,9.999999999999972244e-01,1.000000000000000000e+00,4.429759572910951793e-01,-6.226261623765406705e-01
9.999999999998419042e-01,3.223886476568381832e-11,9.999999999997397637e-01,1.973095971805930715e-01,9.999999999999079625e-01,1.000000000000000000e+00,4.429759673744846915e-01,-8.433567789874619747e-01
9.999999999986860511e-01,2.482355734970243690e-12,4.844177990687694724e-01,9.999999992189859688e-01,9.999999999999651390e-01,1.000000000000000000e+00,4.429759557305283924e-01,-5.617669025544328454e-01
9.999999999998763212e-01,3.669640609245753585e-13,4.990784877981570555e-01,9.999999987732424156e-01,9.999999999999966693e-01,1.000000000000000000e+00,4.429759558903959560e-01,-5.680014463977639538e-01
9.999999999983989474e-01,4.232395835676371732e-14,8.753992056373828268e-01,9.999999978683690172e-01,9.999999999999830136e-01,1.000000000000000000e+00,4.429759599939875891e-01,-7.280340373475183702e-01
9.999999999996674882e-01,5.081453732306513211e-15,3.056898337295699819e-01,9.999999969162968183e-01,9.999999999999563682e-01,1.000000000000000000e+00,4.429759537815881609e-01,-4.857617879473640210e-01
9.999999999998017142e-01,2.067773246056562707e-14,6.655760468090603510e-01,9.999999999309222565e-01,9.999999999999776845e-01,1.000000000000000000e+00,4.429759577059696474e-01,-6.388055091209462466e-01
9.999999999975104359e-01,4.003948347140141349e-13,6.148701591352681017e-01,9.999999982036730239e-01,9.999999999999926725e-01,1.000000000000000000e+00,4.429759571530469953e-01,-6.172425333347834053e-01
9.999999999993487432e-01,6.897525474841219094e-14,4.476042822593181980e-01,9.999999971336461790e-01,9.999999999999830136e-01,1.000000000000000000e+00,4.429759553290951724e-01,-5.461117389280730761e-01
9.999999999996059818e-01,2.655181630146322690e-13,6.768790787456199221e-01,9.999999989613443940e-01,9.999999999999263922e-01,1.000000000000000000e+00,4.429759578292236100e-01,-6.436121897745988862e-01
9.999999999998506750e-01,2.158213223913360833e-13,9.999999999999834577e-01,8.755288506735854348e-01,9.999999999999418243e-01,1.000000000000000000e+00,4.429759622864808399e-01,-7.906874656229944121e-01
9.999999999999991118e-01,1.680348659889089860e-12,5.560128408346290962e-01,9.999999959986364262e-01,9.999999999999453770e-01,1.000000000000000000e+00,4.429759565112370012e-01,-5.922131139347103224e-01
9.999999999999852340e-01,2.697354712059263293e-12,2.917024362829555573e-01,9.999999990514811810e-01,9.999999999997932765e-01,1.000000000000000000e+00,4.429759536290625022e-01,-4.798135650369795835e-01
9.999999999995284883e-01,5.150515909320839573e-13,4.013108869923842636e-02,9.999999989373399290e-01,9.999999999999324984e-01,1.000000000000000000e+00,4.429759508858011618e-01,-3.728313750247692626e-01
9.999999999999965583e-01,1.148004155093423518e-12,4.436882834084519001e-01,9.999999996984465511e-01,9.999999999999984457e-01,1.000000000000000000e+00,4.429759552863931082e-01,-5.444464372670129171e-01
9.999999999982256416e-01,4.439826704856092214e-14,2.111118642291915926e-01,9.999999979617529844e-01,9.999999999995909938e-01,1.000000000000000000e+00,4.429759527502621363e-01,-4.455419520140265766e-01
9.999999999999971134e-01,9.220902979408186161e-14,9.999999999999796829e-01,3.470989361705176246e-01,9.999999999999851230e-01,1.000000000000000000e+00,4.429759662507644080e-01,-8.317244025941760155e-01
9.999999999996679323e-01,8.856817244073308766e-14,8.572942655727733285e-01,9.999999990963811536e-01,9.999999999999671374e-01,1.000000000000000000e+00,4.429759597965621798e-01,-7.203348053763932723e-01
9.999999999999850120e-01,1.391938762505958605e-13,4.571787379749068791e-01,9.999999972343727173e-01,9.999999999999962252e-01,1.000000000000000000e+00,4.429759554334998795e-01,-5.501833323303159107e-01
9.999999999994676481e-01,1.128506580441639059e-13,8.184268395896463488e-01,9.999999971038155966e-01,9.999999999999404920e-01,1.000000000000000000e+00,4.429759593727320977e-01,-7.038062048289511763e-01
9.999999999993824940e-01,2.686835079438559961e-13,1.757329230956489186e-01,9.999999971919174557e-01,9.999999999999896749e-01,1.000000000000000000e+00,4.429759523644722363e-01,-4.304968499999978215e-01
9.999999999996410649e-01,1.236364575493111131e-12,2.698925784475383338e-01,9.999999968828934271e-01,9.999999999999941158e-01,1.000000000000000000e+00,4.429759533912367986e-01,-4.705387953331946482e-01
9.999999999999358291e-01,3.751628710187808048e-13,2.743170173285270907e-01,9.999999984335213865e-01,1.000000000000000000e+00,1.000000000000000000e+00,4.429759534394830944e-01,-4.724203137788246520e-01
9.999999999999354960e-01,1.300293177819973158e-14,4.536745877085160417e-01,9.999999973204847237e-01,9.999999999999000799e-01,1.000000000000000000e+00,4.429759553952888895e-01,-5.486931718851554285e-01
9.999999999989150901e-01,4.317997692251658912e-14,9.999999999998879785e-01,1.430429040843360922e-01,9.999999999999341638e-01,1.000000000000000000e+00,4.429759677815936492e-01,-8.475710348485580026e-01
9.999999999998874234e-01,2.631559631619014779e-12,5.329478682033770287e-01,9.999999988078012159e-01,9.999999999999910072e-01,1.000000000000000000e+00,4.429759562597248568e-01,-5.824045989205725027e-01
9.999999999998946398e-01,1.017683808896262798e-13,9.418133324738867662e-01,9.999999990436324593e-01,9.999999999999658051e-01,1.000000000000000000e+00,4.429759607182008896e-01,-7.562770339471790448e-01
9.999999999987050359e-01,1.217926508386221063e-14,2.881249465130214515e-01,9.999999982044532887e-01,9.999999999999914513e-01,1.000000000000000000e+00,4.429759535900517631e-01,-4.782922166107973494e-01
9.999999999993558486e-01,4.690287370809530986e-13,9.999999999999977796e-01,6.800764495652845687e-01,9.999999999999620304e-01,1.000000000000000000e+00,4.429759637527656002e-01,-8.058659550393126869e-01
9.999999999999952260e-01,7.766069116418523127e-15,9.999999999999925615e-01,2.508768944966692782e-01,9.999999999999967804e-01,1.000000000000000000e+00,4.429759669726225924e-01,-8.391968369727634824e-01
9.999999999998510081e-01,2.273139207243579263e-14,2.196669376808475516e-01,9.999999971174656777e-01,9.999999999999531486e-01,1.000000000000000000e+00,4.429759528435509575e-01,-4.491800472054948701e-01
9.999999999964270803e-01,9.823559932875096841e-13,9.999999999999361622e-01,9.046574741059748570e-01,9.999999999999708011e-01,1.000000000000000000e+00,4.429759620679578069e-01,-7.884253880013923910e-01
9.999999999998946398e-01,1.136099832299491339e-12,2.029911050512737125e-01,9.999999990598115174e-01,9.999999999999902300e-01,1.000000000000000000e+00,4.429759526617092491e-01,-4.420885514918796444e-01
9.999999999989716004e-01,5.565541680391984789e-14,7.473367100226440130e-01,9.999999971882509442e-01,9.999999999999995559e-01,1.000000000000000000e+00,4.429759585975293068e-01,-6.735747105641601840e-01
9.999999999989572785e-01,2.291213562742167550e-13,7.837132393548034148e-01,9.999999974515098033e-01,9.999999999999363842e-01,1.000000000000000000e+00,4.429759589941973941e-01,-6.890440428453442623e-01
9.999999999996316280e-01,4.439826704856092214e-14,3.505305782864658881e-01,9.999999979617529844e-01,9.999999999995823341e-01,1.000000000000000000e+00,4.429759542705543618e-01,-5.048305773003866070e-01
9.999999999999046318e-01,1.076881071534680674e-14,5.239753449379142003e-01,9.999999995114059459e-01,9.999999999999947820e-01,1.000000000000000000e+00,4.429759561618838992e-01,-5.785889807594458700e-01
9.999999999996340705e-01,8.196291050168875713e-14,3.730925732856721910e-01,9.999999969318718041e-01,9.999999999999759082e-01,1.000000000000000000e+00,4.429759545165817824e-01,-5.144251979904682637e-01
9.999999999998577804e-01,1.017489204652289424e-12,1.304451416921723061e-01,9.999999974101299038e-01,9.999999999999978906e-01,1.000000000000000000e+00,4.429759518706313237e-01,-4.112379555095350137e-01
9.999999999993482991e-01,5.156862877452116689e-13,1.442739949808569122e-02,9.999999971038552316e-01,9.999999999999176215e-01,1.000000000000000000e+00,4.429759506055151452e-01,-3.619007306846181438e-01
9.999999999999403810e-01,1.070737552988547956e-14,5.040443768973859040e-01,9.999999970551499695e-01,9.999999999999916733e-01,1.000000000000000000e+00,4.429759559445465289e-01,-5.701132199759794128e-01
9.999999999999215072e-01,1.619339072712036213e-13,7.050389958990215256e-01,9.999999971919684150e-01,9.999999999999669154e-01,1.000000000000000000e+00,4.429759581362936460e-01,-6.555873597270139852e-01
9.999999999998506750e-01,5.995188208048474701e-15,3.231439363482365712e-01,9.999999969129600430e-01,9.999999999999564793e-01,1.000000000000000000e+00,4.429759539719165806e-01,-4.931842473838242702e-01
9.999999999992114086e-01,1.175501652068141093e-12,9.999999999999975575e-01,4.047731389583517775e-02,9.999999999999176215e-01,1.000000000000000000e+00,4.429759685510411549e-01,-8.555360980381970792e-01
9.999999999992287281e-01,1.338813042736055462e-12,1.105723252673462276e-01,9.999999993481830662e-01,9.999999999999872324e-01,1.000000000000000000e+00,4.429759516539280573e-01,-4.027869237000528679e-01
9.999999999996131983e-01,2.050305337551146822e-13,6.356667907498593229e-01,9.999999968951552853e-01,9.999999999999950040e-01,1.000000000000000000e+00,4.429759573798239813e-01,-6.260864229191954733e-01
9.999999999999873435e-01,4.616472043598636839e-14,2.267657892422353938e-01,9.999999971578096281e-01,9.999999999999804601e-01,1.000000000000000000e+00,4.429759529209604252e-01,-4.521988754358422513e-01
9.999999999982273069e-01,4.978993736027201848e-14,5.196951082498963981e-01,9.999999994356478794e-01,9.999999999999956701e-01,1.000000000000000000e+00,4.429759561152100122e-01,-5.767687850272079642e-01
9.999999999993425259e-01,4.888763161698203361e-13,8.429468747427764086e-01,9.999999979992133525e-01,9.999999999999991118e-01,1.000000000000000000e+00,4.429759596401109389e-01,-7.142334934211204134e-01
9.999999999998845368e-01,1.503880353610035358e-13,7.996530128423703365e-01,9.999999989613443940e-01,9.999999999999854561e-01,1.000000000000000000e+00,4.429759591680127451e-01,-6.958225248271941998e-01
9.999999999997538636e-01,1.521710858529334220e-13,9.999999999999913403e-01,7.418603170144639769e-01,9.999999999999620304e-01,1.000000000000000000e+00,4.429759632892627530e-01,-8.010679286510292707e-01
9.999999999998874234e-01,2.591031078310223666e-12,3.143808171749982727e-01,9.999999984261422892e-01,9.999999999999897859e-01,1.000000000000000000e+00,4.429759538763590743e-01,-4.894576794775710171e-01
9.999999999998384625e-01,8.440044726426818907e-14,7.920849226360020534e-01,9.999999958934636668e-01,9.999999999999629186e-01,1.000000000000000000e+00,4.429759590854864815e-01,-6.926041503493144402e-01
9.999999999999431566e-01,3.520345404064023379e-14,4.346477147502880722e-01,9.999999994608501641e-01,9.999999999999937828e-01,1.000000000000000000e+00,4.429759551878101886e-01,-5.406018824771535725e-01
9.999999999998341327e-01,2.777191009563484574e-14,5.512807480426338280e-01,9.999999987312213623e-01,9.999999999999130695e-01,1.000000000000000000e+00,4.429759564596358334e-01,-5.902007635277769504e-01
9.999999999999991118e-01,1.678224536993452128e-12,4.091212984289730459e-01,9.999999958673216893e-01,9.999999999999454880e-01,1.000000000000000000e+00,4.429759549094572368e-01,-5.297466246042145110e-01
9.999999999999992228e-01,2.780805393414969747e-15,9.999999999999853451e-01,8.950756252465832952e-02,9.999999999999460432e-01,1.000000000000000000e+00,4.429759681832159957e-01,-8.517284952370335338e-01
9.999999999996035394e-01,5.063791673285682551e-14,8.357422231455016171e-01,9.999999980190327209e-01,9.999999999999550360e-01,1.000000000000000000e+00,4.429759595615477830e-01,-7.111696731009197192e-01
9.999999999999403810e-01,1.070737552988547956e-14,7.618448660853259780e-01,9.999999970551499695e-01,9.999999999999916733e-01,1.000000000000000000e+00,4.429759587557335898e-01,-6.797443889725837129e-01
9.999999999998860911e-01,2.619692489925072564e-12,3.416519870145596771e-01,9.999999970417243755e-01,9.999999999999914513e-01,1.000000000000000000e+00,4.429759541737376960e-01,-5.010549043959481308e-01
9.999999999993824940e-01,1.727104758656982997e-12,1.584652444349369249e-01,9.999999971919174557e-01,9.999999999999923395e-01,1.000000000000000000e+00,4.429759521761767460e-01,-4.231536684435664997e-01
9.999999999975348608e-01,1.041157964339444718e-13,9.387486451688049627e-01,9.999999971777140395e-01,9.999999999998865352e-01,1.000000000000000000e+00,4.429759606847819553e-01,-7.549737578530345550e-01
9.999999999989805932e-01,4.961037121902433263e-14,8.256913334505922020e-01,9.999999982656053721e-01,9.999999999999940048e-01,1.000000000000000000e+00,4.429759594519477872e-01,-7.068954733310642835e-01
9.999999999999905631e-01,1.197138944080643117e-15,6.891499732601883421e-01,9.999999972436420803e-01,9.999999999999500400e-01,1.000000000000000000e+00,4.429759579630316857e-01,-6.488304597196011825e-01
9.999999999996824762e-01,1.136099832299491339e-12,7.655670952171543808e-01,9.999999990436324593e-01,9.999999999999830136e-01,1.000000000000000000e+00,4.429759587963226775e-01,-6.813272885729247941e-01
9.999999999999753530e-01,2.155901236551307080e-14,9.999999999999874545e-01,6.932716186313570006e-01,9.999999999999944489e-01,1.000000000000000000e+00,4.429759636537753953e-01,-8.048412414376323598e-01
9.999999999999030775e-01,2.664310714700374031e-14,8.219491865322240409e-01,9.999999970848097997e-01,9.999999999999720224e-01,1.000000000000000000e+00,4.429759594111415399e-01,-7.053041035134376413e-01
9.999999999997633005e-01,5.838215592836636112e-13,9.999999999999890088e-01,4.486531681266742178e-01,9.999999999999924505e-01,1.000000000000000000e+00,4.429759654889041109e-01,-8.238378797055078140e-01
9.999999999914662707e-01,9.730253734287424574e-13,2.683389225415586110e-02,9.999999969873732963e-01,9.999999999999348299e-01,1.000000000000000000e+00,4.429759507408018160e-01,-3.671766644528559054e-01
9.999999999998311351e-01,1.145872881011880118e-13,1.058896019689631596e-01,9.999999988016083918e-01,9.999999999999991118e-01,1.000000000000000000e+00,4.429759516028652921e-01,-4.007955682139375808e-01
9.999999999989805932e-01,2.493968482607228757e-12,7.882119208304272373e-01,9.999999974465355601e-01,9.999999999999937828e-01,1.000000000000000000e+00,4.429759590432533201e-01,-6.909571335098231293e-01
9.999999999993648414e-01,1.680348659889089860e-12,5.604882813221907512e-01,9.999999987126266809e-01,9.999999999999453770e-01,1.000000000000000000e+00,4.429759565600394633e-01,-5.941163210223413538e-01
9.999999999999819034e-01,3.291591911230447529e-14,7.220827442645119110e-01,9.999999983686881366e-01,9.999999999999326095e-01,1.000000000000000000e+00,4.429759583221473118e-01,-6.628353135212606828e-01
9.999999999982688292e-01,4.029714736734564412e-14,2.539466345208952758e-01,9.999999997233626203e-01,9.999999999999935607e-01,1.000000000000000000e+00,4.429759532173541126e-01,-4.637576889986282369e-01
9.999999999995224931e-01,1.258992464347606528e-12,3.561837160702614746e-02,9.999999995440467249e-01,9.999999999999324984e-01,1.000000000000000000e+00,4.429759508365921916e-01,-3.709123155848669251e-01
9.999999999989560573e-01,3.747248861642764682e-16,9.999999999999927836e-01,3.743585830865439612e-01,9.999999999994111377e-01,1.000000000000000000e+00,4.429759660462623816e-01,-8.296074663998148635e-01
9.999999999995827782e-01,1.570124761583704915e-11,9.999999999999888978e-01,1.047924955353422422e-01,9.999999999999641398e-01,1.000000000000000000e+00,4.429759680685483869e-01,-8.505414942446395399e-01
9.999999999992114086e-01,2.193512398282843915e-13,9.999999999999975575e-01,7.826011212537725692e-02,9.999999999999155120e-01,1.000000000000000000e+00,4.429759682675944443e-01,-8.526019524366755808e-01
9.999999999994937383e-01,3.818419776703723139e-13,1.000000000000000000e+00,3.607669619937507455e-01,9.999999999999998890e-01,1.000000000000000000e+00,4.429759661482268185e-01,-8.306629677685507529e-01
9.999999999993510746e-01,1.071804055588862421e-13,5.433709241965212211e-01,9.999999977462206147e-01,9.999999999999169553e-01,1.000000000000000000e+00,4.429759563733831063e-01,-5.868370646536057444e-01
9.999999999999501510e-01,1.530632065928987858e-12,6.850102545191936176e-01,9.999999974222241184e-01,9.999999999999324984e-01,1.000000000000000000e+00,4.429759579178900730e-01,-6.470700200473850083e-01
9.999999999999104050e-01,8.385882421316154368e-13,6.234445018503192992e-01,9.999999990461164723e-01,9.999999999999915623e-01,1.000000000000000000e+00,4.429759572465459261e-01,-6.208888227617049838e-01
9.999999999999180655e-01,1.119858013905783657e-13,3.781814672201315175e-01,9.999999972805149184e-01,9.999999999999978906e-01,1.000000000000000000e+00,4.429759545720736713e-01,-5.165892799336974095e-01
9.999999999991947552e-01,7.011424278611559079e-14,6.808592244012797723e-01,9.999999970472104316e-01,9.999999999999615863e-01,1.000000000000000000e+00,4.429759578726251701e-01,-6.453047701905770817e-01
9.999999999997856159e-01,5.523424549983828081e-12,9.243168187928532120e-01,9.999999982062469650e-01,9.999999999999430456e-01,1.000000000000000000e+00,4.429759605274100065e-01,-7.488365390218224560e-01
9.999999999989097610e-01,1.397446848250334550e-15,9.999999999999925615e-01,9.810102802961311319e-01,9.999999999999458211e-01,1.000000000000000000e+00,4.429759614951587210e-01,-7.824959634746030401e-01
9.999999999986829424e-01,2.949590570737129545e-15,9.999999999997198907e-01,9.185731894954886068e-01,9.999999999999575895e-01,1.000000000000000000e+00,4.429759619635620371e-01,-7.873447180390863442e-01
9.999999999999639178e-01,1.090556142576294875e-13,5.811678284212428158e-01,9.999999953228473348e-01,9.999999880168441990e-01,1.000000000000000000e+00,4.429759567855398594e-01,-6.029104197911975271e-01
9.999999999998713252e-01,1.972451823036086206e-14,9.662546474482640591e-01,9.999999970476560751e-01,9.999999999999876765e-01,1.000000000000000000e+00,4.429759609847213619e-01,-7.666708465455925881e-01
9.999999999998946398e-01,1.159711389949605826e-12,6.578838097732111478e-01,9.999999997323719692e-01,9.999999999999336087e-01,1.000000000000000000e+00,4.429759576220895778e-01,-6.355343402512633189e-01
9.999999999954333196e-01,1.735061315426477291e-14,9.999999999999773515e-01,8.079479399941680295e-01,9.999999999999328315e-01,1.000000000000000000e+00,4.429759627934731214e-01,-7.959356801839366780e-01
9.999999999996672662e-01,1.254883612495794239e-14,4.408897654826106072e-01,9.999999991165419155e-01,9.999999999999868994e-01,1.000000000000000000e+00,4.429759552558766855e-01,-5.432563511616171903e-01
9.999999999986597388e-01,2.482355734970243690e-12,6.102535902143638724e-01,9.999999969881727679e-01,9.999999999999346079e-01,1.000000000000000000e+00,4.429759571027055975e-01,-6.152793104369914667e-01
9.999999999999323874e-01,5.307544894184456037e-17,9.153475105873416506e-01,9.999999984333147740e-01,9.999999999999932276e-01,1.000000000000000000e+00,4.429759604296041320e-01,-7.450222881207512193e-01
9.999999999996197486e-01,1.864922627982124236e-12,8.813083206596384889e-01,9.999999994916817236e-01,9.999999999999964473e-01,1.000000000000000000e+00,4.429759600584236012e-01,-7.305469230182611851e-01
9.999999999998880895e-01,2.591031078310223666e-12,7.564165382213293709e-01,9.999999984258487462e-01,9.999999999999897859e-01,1.000000000000000000e+00,4.429759586965403839e-01,-6.774359606273324674e-01
9.999999999993863797e-01,1.742574686225884368e-12,9.905293615315253763e-01,9.999999988099663728e-01,9.999999999999953371e-01,1.000000000000000000e+00,4.429759612494251209e-01,-7.769938108464938820e-01
9.999999999999301670e-01,1.420313990066245772e-12,8.242593578585899472e-02,9.999999970807215144e-01,9.999999999999363842e-01,1.000000000000000000e+00,4.429759513470056254e-01,-3.908175067818985271e-01
9.999999999998595568e-01,9.295131670982380083e-13,9.999999999999921174e-01,8.368967299285224870e-01,9.999999999999539257e-01,1.000000000000000000e+00,4.429759625762991759e-01,-7.936875681157685714e-01
9.999999999999965583e-01,1.444051148049168589e-13,4.807835757158596124e-01,9.999999996984465511e-01,9.999999999999984457e-01,1.000000000000000000e+00,4.429759556908989815e-01,-5.602214277370801687e-01
9.999999999982184251e-01,1.538463409036191879e-13,1.883677240527692476e-02,9.999999968810856510e-01,9.999999999999918954e-01,1.000000000000000000e+00,4.429759506535971836e-01,-3.637758423737819102e-01
9.999999999986874943e-01,2.686686977205389131e-12,6.901140402436217736e-02,9.999999976617549580e-01,9.999999999999350520e-01,1.000000000000000000e+00,4.429759512007267475e-01,-3.851128984832753455e-01
9.999999999999460432e-01,3.160409860383148465e-12,9.743922371311724007e-01,9.999999989116294952e-01,9.999999999999632516e-01,1.000000000000000000e+00,4.429759610734577135e-01,-7.701314041075523198e-01
9.999999999999051870e-01,9.136676233949969062e-14,9.815578611834849809e-01,9.999999979336301470e-01,9.999999999999592548e-01,1.000000000000000000e+00,4.429759611515953210e-01,-7.731786278097961818e-01
9.999999999999661382e-01,3.177396694524795282e-14,9.948147608084599858e-01,9.999999826466166031e-01,9.999999999998845368e-01,1.000000000000000000e+00,4.429759612961554072e-01,-7.788162032618547448e-01
9.999999999968365305e-01,5.415041818757163470e-13,6.030790274206913049e-01,9.999999993582494584e-01,9.999999999999751310e-01,1.000000000000000000e+00,4.429759570244705125e-01,-6.122282853750974363e-01
9.999999999989536148e-01,2.910332831897290638e-12,9.999999999999923395e-01,9.678362917388239062e-01,9.999999999999331646e-01,1.000000000000000000e+00,4.429759615939899975e-01,-7.835190322374295802e-01
9.999999999972667419e-01,1.295807147386776380e-14,9.191150435937303076e-01,9.999999996686865789e-01,9.999999999999774625e-01,1.000000000000000000e+00,4.429759604706872134e-01,-7.466244535168974350e-01
9.999999999998657740e-01,9.412693734679047225e-13,8.840733918811849446e-01,9.992284185435512667e-01,9.999999999999991118e-01,1.000000000000000000e+00,4.429759600943637410e-01,-7.317827053790332270e-01
9.999999999999066302e-01,4.571975511907102450e-14,2.343178748159432390e-01,9.999999971419086808e-01,9.999999999999986677e-01,1.000000000000000000e+00,4.429759530033122172e-01,-4.554104440900229589e-01
9.999999999999517053e-01,1.751073735551052684e-12,8.884781962433067060e-01,9.999999996167570071e-01,9.999999999999983347e-01,1.000000000000000000e+00,4.429759601366075050e-01,-7.335959546230975681e-01
9.999999999999815703e-01,1.084737407935816755e-13,9.999999999998020472e-01,5.416722365793376071e-01,9.999999999999966693e-01,1.000000000000000000e+00,4.429759647910746501e-01,-8.166141825895604223e-01
9.999999999999532596e-01,2.944584949147715577e-15,9.110586670450510072e-01,9.999996467513351250e-01,9.999999999999444888e-01,1.000000000000000000e+00,4.429759603828390402e-01,-7.431984595782145098e-01
9.999999999999258371e-01,2.819069678206407960e-12,7.278273214747119635e-01,9.999999972024461448e-01,9.999999999999996669e-01,1.000000000000000000e+00,4.429759583847890925e-01,-6.652782287395332395e-01
9.999999999999558131e-01,1.255938110020365241e-11,9.467554373511336552e-01,9.999999979934397487e-01,9.999999999999971134e-01,1.000000000000000000e+00,4.429759607720921144e-01,-7.583786930928168024e-01
9.999999999997442046e-01,3.140238097561624298e-13,5.477784327461603375e-01,9.999999980989974224e-01,9.999999999999723554e-01,1.000000000000000000e+00,4.429759564214448275e-01,-5.887113834702769610e-01
9.999999999998090416e-01,2.526146886789947489e-16,7.516369602198604838e-01,9.999999970780684144e-01,9.999999999999558131e-01,1.000000000000000000e+00,4.429759586444214081e-01,-6.754034171739570214e-01
9.999999999989035437e-01,5.920353534784541274e-13,5.898309084834054694e-01,9.999999971873535509e-01,9.999999999999973355e-01,1.000000000000000000e+00,4.429759568800063496e-01,-6.065944453180586171e-01
9.999999999993816058e-01,4.563255107613025717e-14,8.978922649086384933e-01,9.999999971929053322e-01,9.999999999996146416e-01,1.000000000000000000e+00,4.429759602392633333e-01,-7.375993426874857262e-01
9.999999999995473621e-01,2.285542022704266526e-11,9.999999999999983347e-01,5.596330383028191857e-01,9.999999999999222844e-01,1.000000000000000000e+00,4.429759646563325992e-01,-8.152193783442188701e-01
9.999999999998299138e-01,8.127561755977572562e-15,2.494929528254399287e-01,9.999999996855620799e-01,9.999999999999992228e-01,1.000000000000000000e+00,4.429759531687889051e-01,-4.618637347576702856e-01
9.999999999999172884e-01,6.778053368916503125e-14,6.057647956326496219e-01,9.999999967741941553e-01,9.999999999997398747e-01,1.000000000000000000e+00,4.429759570537574742e-01,-6.133704242485727987e-01
9.999999999996563860e-01,3.159997267986035397e-12,9.999999999998502309e-01,8.901279642551401805e-01,9.999999999999170663e-01,1.000000000000000000e+00,4.429759621769582267e-01,-7.895537241596150002e-01
9.999999999973798737e-01,1.159261056714926450e-13,8.656429536975503991e-01,9.999999971777140395e-01,9.999999999998865352e-01,1.000000000000000000e+00,4.429759598876005233e-01,-7.238851340816808699e-01
9.999999999984614529e-01,1.631284588317583232e-13,1.630756291340607622e-01,9.999999977704042697e-01,9.999999999999139577e-01,1.000000000000000000e+00,4.429759522264506977e-01,-4.251142615143740366e-01
9.999999999998501199e-01,2.491106968253992073e-12,5.145948408245664130e-01,9.999999975274757036e-01,9.999999999999914513e-01,1.000000000000000000e+00,4.429759560595941670e-01,-5.745998665604498123e-01
9.999999999997577493e-01,2.918364452374509029e-12,1.159334482485322448e-01,9.999999974176793094e-01,9.999999999999971134e-01,1.000000000000000000e+00,4.429759517123884605e-01,-4.050667728185793903e-01
9.999999999996701527e-01,8.856817244073308766e-14,9.011324569986555177e-01,9.999999990963811536e-01,9.999999999999671374e-01,1.000000000000000000e+00,4.429759602745960145e-01,-7.389772532159327723e-01
9.999999999996410649e-01,1.696349111771146271e-12,5.376098964115695322e-01,9.999999968925462612e-01,9.999999999999473754e-01,1.000000000000000000e+00,4.429759563105619691e-01,-5.843871538891446393e-01
9.999999999993863797e-01,1.555823973281399800e-13,9.860166160024504967e-01,9.999999971741585503e-01,9.999999999999953371e-01,1.000000000000000000e+00,4.429759612002158731e-01,-7.750747394881546404e-01
9.999999999997625233e-01,2.958369587732259037e-12,9.999999999999883427e-01,9.615347508929849019e-01,9.999999999999357181e-01,1.000000000000000000e+00,4.429759616412641821e-01,-7.840083988066636200e-01
9.999999999999323874e-01,3.528752878008336716e-14,9.049033780586117626e-01,9.999999982263236831e-01,9.999999999999277245e-01,1.000000000000000000e+00,4.429759603157160663e-01,-7.405808595656567794e-01
9.999999999999543698e-01,3.228510837194279641e-15,4.306656362939619287e-01,9.999999968974359055e-01,9.999999999999946709e-01,1.000000000000000000e+00,4.429759551443875898e-01,-5.389084804729650235e-01
9.999999999999598099e-01,1.685368285241930959e-13,1.472851205438384381e-01,9.999999982193737980e-01,9.999999999999755751e-01,1.000000000000000000e+00,4.429759520542629891e-01,-4.183992551531708903e-01
9.999999999997625233e-01,2.943353721964943171e-12,9.999999999999248379e-01,7.549097941257982836e-01,9.999999999999998890e-01,1.000000000000000000e+00,4.429759631913655626e-01,-8.000545292290514032e-01
9.999999999999825695e-01,6.349408298308494742e-13,2.234267450653650844e-01,9.999999971578096281e-01,9.999999999999805711e-01,1.000000000000000000e+00,4.429759528845498284e-01,-4.507789273296075594e-01
9.999999999998645528e-01,5.531523558805472493e-14,8.384231163559020539e-01,9.999999970202714250e-01,9.999999999999891198e-01,1.000000000000000000e+00,4.429759595907816205e-01,-7.123097387295710403e-01
9.999999999998860911e-01,2.619692489925072564e-12,2.397030514153301040e-01,9.999999970412110084e-01,9.999999999999914513e-01,1.000000000000000000e+00,4.429759530620349106e-01,-4.577005220091917570e-01
9.999999999995587974e-01,5.058770142484571126e-13,7.849901171537335132e-02,9.999999973873043846e-01,9.999999999999344968e-01,1.000000000000000000e+00,4.429759513041844343e-01,-3.891475592814769291e-01
9.999999999986606269e-01,7.382780961477428181e-14,5.861658177456798846e-01,9.999999995280461906e-01,9.999999999999900080e-01,1.000000000000000000e+00,4.429759568400403191e-01,-6.050358438179045395e-01
9.999999999982184251e-01,1.538463409036191879e-13,6.715658825146650912e-01,9.999999968951431839e-01,9.999999999999918954e-01,1.000000000000000000e+00,4.429759577712858443e-01,-6.413527220965070663e-01
9.999999999985285104e-01,2.517515552664374215e-13,9.783838452101616401e-01,9.999999981940304039e-01,9.999999999999510392e-01,1.000000000000000000e+00,4.429759611169842848e-01,-7.718288588937197714e-01
9.999999999998004929e-01,1.617900507913659628e-13,6.458393787980991618e-01,9.999998475803900666e-01,9.999999999999856781e-01,1.000000000000000000e+00,4.429759574907521369e-01,-6.304123872030166220e-01
9.999999999998506750e-01,5.995188208048474701e-15,3.184093713881392951e-01,9.999999998833338788e-01,9.999999999999610312e-01,1.000000000000000000e+00,4.429759539202884344e-01,-4.911708456554645386e-01
9.999999999999817923e-01,4.163252474458794387e-14,3.453121334444131385e-01,9.999999986440090138e-01,9.999999999999970024e-01,1.000000000000000000e+00,4.429759542136497696e-01,-5.026114029931324501e-01
9.999999999999639178e-01,1.235878889829636202e-12,9.999999999997210010e-01,9.940447751356833450e-01,9.999999999999864553e-01,1.000000000000000000e+00,4.429759613973738852e-01,-7.814837275504066261e-01
9.999999999989082067e-01,4.957765844453528179e-14,4.935159320304595421e-02,9.999999976930400436e-01,9.999999999999332756e-01,1.000000000000000000e+00,4.429759509863462341e-01,-3.767524487029850766e-01
9.999999999998131495e-01,4.760766065639021044e-14,9.999999999999761302e-01,7.906003426156884561e-01,9.999999999999871214e-01,1.000000000000000000e+00,4.429759629236149077e-01,-7.972828640599455285e-01
9.999999999997162270e-01,1.124027899738310529e-14,3.013221339720565384e-01,9.999999995222442761e-01,9.999999999997987166e-01,1.000000000000000000e+00,4.429759537339605369e-01,-4.839043978242455468e-01
9.999999999995614619e-01,1.614938485830608885e-12,5.932725256147349802e-01,9.999999969322166393e-01,9.999999999999927836e-01,1.000000000000000000e+00,4.429759569175354406e-01,-6.080580131938594368e-01
9.999999999996272981e-01,1.213417721697139297e-12,1.347044985560637842e-01,9.999999962868276748e-01,9.999999999999987788e-01,1.000000000000000000e+00,4.429759519170775039e-01,-4.130492720671882223e-01
9.999999999994639843e-01,3.778019612123820905e-15,8.521234666866243090e-01,9.999999970555488726e-01,9.999999999999896749e-01,1.000000000000000000e+00,4.429759597401771720e-01,-7.181358930023454823e-01
9.999999999982023269e-01,4.718846708875434635e-14,8.715581427881152754e-02,9.999999959866532340e-01,9.999999999999338307e-01,1.000000000000000000e+00,4.429759513985825903e-01,-3.928289154183949305e-01
9.999999999999396039e-01,3.478627790707345957e-01,9.999999999999966693e-01,9.766498373919851872e-12,9.999999999996813660e-01,1.000000000000000000e+00,4.429759716116529744e-01,-8.587306607944608094e-01
9.999999999992261746e-01,9.701187593385676427e-12,8.280144209694167978e-03,9.999999993759201011e-01,9.999999999996982414e-01,1.000000000000000000e+00,4.429759505384823215e-01,-3.592865741674710067e-01
9.999999999999134026e-01,2.526146886789947489e-16,7.328387862835878952e-01,9.999999973763390448e-01,9.999999999999558131e-01,1.000000000000000000e+00,4.429759584394366012e-01,-6.674093835083837467e-01
9.999999999985390575e-01,1.038811653446434402e-14,5.092471156531617194e-01,9.999999984142581289e-01,9.999999999999267253e-01,1.000000000000000000e+00,4.429759560012798136e-01,-5.723257150196298104e-01
9.999999999997398747e-01,1.146785113298378528e-14,3.100860139179151820e-01,9.999999971832478352e-01,9.999999999999799050e-01,1.000000000000000000e+00,4.429759538295263699e-01,-4.876312893171580454e-01
9.999999999993899324e-01,6.283962025719360136e-14,7.167830114524152973e-01,9.999999982796535791e-01,9.999999999999317213e-01,1.000000000000000000e+00,4.429759582643563176e-01,-6.605815710881143277e-01
9.999999999986127763e-01,7.793791981801118763e-13,4.501732193098373358e-02,9.999999989693739710e-01,9.999999999999921174e-01,1.000000000000000000e+00,4.429759509390831518e-01,-3.749092743420859852e-01
9.999999999980956344e-01,1.165024342566012426e-14,5.972926112910175167e-01,9.999999985144865100e-01,9.999999999999114042e-01,1.000000000000000000e+00,4.429759569613724857e-01,-6.097675780674253199e-01
9.999999999846580501e-01,4.651190014430178226e-14,1.260630136379712607e-01,9.999998276019930188e-01,9.999999999999844569e-01,1.000000000000000000e+00,4.429759518228476578e-01,-4.093744430581675031e-01
9.999999999994878541e-01,6.743170470356046184e-13,5.932636743541799818e-02,9.999999970942956562e-01,9.999999999999472644e-01,1.000000000000000000e+00,4.429759510951162271e-01,-3.809942799542193059e-01
9.999999999999460432e-01,8.040147418996194225e-13,4.766885403488456685e-01,9.999999989116294952e-01,9.999999999999907851e-01,1.000000000000000000e+00,4.429759556462446457e-01,-5.584799900068032619e-01
9.999999999975994758e-01,5.905721531682952187e-13,7.353604880696629209e-02,9.999999974367214106e-01,9.999999999999996669e-01,1.000000000000000000e+00,4.429759512500657803e-01,-3.870370302133055995e-01
9.999999999999723554e-01,2.491106968253992073e-12,9.811006764986443529e-02,9.999999972601032461e-01,9.999999999999211742e-01,1.000000000000000000e+00,4.429759515180333174e-01,-3.974872757687456515e-01
9.999999999980037080e-01,1.393601830984013330e-15,5.532319324323003995e-02,9.999999971680981758e-01,9.999999999999995559e-01,1.000000000000000000e+00,4.429759510514635901e-01,-3.792919066599932387e-01
9.999999999996059818e-01,2.655181630146322690e-13,6.410038734742086186e-01,9.999999985991647744e-01,9.999999999999263922e-01,1.000000000000000000e+00,4.429759574380222054e-01,-6.283560484956206560e-01
9.999999999998510081e-01,2.560316243702590411e-14,2.058584195664425742e-01,9.999999971174656777e-01,9.999999999999531486e-01,1.000000000000000000e+00,4.429759526929759050e-01,-4.433078939462228307e-01
9.999999999999332756e-01,1.702065745134686414e-12,9.999999999999881206e-01,6.237735005626392493e-01,9.999999999999996669e-01,1.000000000000000000e+00,4.429759641751506161e-01,-8.102383429509724122e-01
9.999999999968217645e-01,1.989569393989223851e-13,1.208503841360733522e-01,9.999999950881827138e-01,9.999999999999752420e-01,1.000000000000000000e+00,4.429759517660052381e-01,-4.071577288043267684e-01
9.999999999999060751e-01,3.692088410239593837e-14,1.686772903506627008e-01,9.999999971419086808e-01,9.999999999999986677e-01,1.000000000000000000e+00,4.429759522875340583e-01,-4.274964008262819304e-01
9.999999999996165290e-01,3.577192966281691966e-13,1.426797715245846088e-01,9.999999969040320735e-01,9.999999999999370504e-01,1.000000000000000000e+00,4.429759520040439380e-01,-4.164408035920902362e-01
9.999999999996522781e-01,2.629808621399784225e-13,7.967940652392279111e-01,9.999999972052625585e-01,9.999999999999341638e-01,1.000000000000000000e+00,4.429759591368373495e-01,-6.946067407391754989e-01
9.999999999998945288e-01,1.136099832299491339e-12,8.482862415275993495e-01,9.999999990436324593e-01,9.999999999999856781e-01,1.000000000000000000e+00,4.429759596983340875e-01,-7.165040903594322996e-01
9.999999999998714362e-01,8.170246001310805773e-13,2.793053937656594932e-01,9.999999990586088128e-01,9.999999999999918954e-01,1.000000000000000000e+00,4.429759534938788601e-01,-4.745416500471001386e-01
9.999999999965136777e-01,6.153518185220903731e-13,9.999865319537386554e-01,9.999999994545156756e-01,9.999999999999996669e-01,1.000000000000000000e+00,4.429759613525509065e-01,-7.810155279473279810e-01
9.999999999999323874e-01,1.093184229128599961e-13,9.521194820341634113e-01,9.999999984495983041e-01,9.999999999999932276e-01,1.000000000000000000e+00,4.429759608305843255e-01,-7.606597844983732370e-01
9.999999999998983036e-01,1.264121286820052695e-12,3.692559295451192103e-01,9.999999980986439274e-01,9.999999999999584777e-01,1.000000000000000000e+00,4.429759544747450817e-01,-5.127936426630409494e-01
9.999999999987040367e-01,5.495902963514537962e-14,3.558457947757092121e-01,9.999999968906105874e-01,9.999999999999965583e-01,1.000000000000000000e+00,4.429759543285141654e-01,-5.070909043482713097e-01
9.999999999982090992e-01,3.417247030138778426e-14,6.616288044333048513e-01,9.999999978720924831e-01,9.999999999999972244e-01,1.000000000000000000e+00,4.429759576629269113e-01,-6.371269213255793540e-01
9.999999999997901678e-01,1.777503136264497352e-12,4.265528658699733744e-01,9.999999994887333044e-01,9.999999999999937828e-01,1.000000000000000000e+00,4.429759550995398532e-01,-5.371595005439183668e-01
9.999999999999333866e-01,2.575437309631666552e-13,9.999999999999512612e-01,9.487343688262490637e-01,9.999999999999781286e-01,1.000000000000000000e+00,4.429759617372927560e-01,-7.850024539458878570e-01
9.999999999993959277e-01,3.669640259338863911e-13,8.702564041012879059e-01,9.999999995744839332e-01,9.999999999999926725e-01,1.000000000000000000e+00,4.429759599379078927e-01,-7.258470307188561454e-01
9.999999999996134203e-01,1.346951425512513687e-14,9.296727713616231847e-01,9.999999980040867875e-01,9.999999999999513722e-01,1.000000000000000000e+00,4.429759605858140659e-01,-7.511141892587310798e-01
9.999999999987051469e-01,1.190979712585445047e-12,1.724653588505188906e-01,9.999999994837077688e-01,9.999999999999941158e-01,1.000000000000000000e+00,4.429759523288410716e-01,-4.291072989755008171e-01
9.999999999999850120e-01,1.410789994228468636e-13,4.135490498448461949e-01,9.999999999838492526e-01,9.999999999999964473e-01,1.000000000000000000e+00,4.429759549577396704e-01,-5.316295515253685044e-01
9.999999999987050359e-01,1.217926508386221063e-14,3.608631055975538016e-01,9.999999982044324165e-01,9.999999999999914513e-01,1.000000000000000000e+00,4.429759543832254565e-01,-5.092245450793205785e-01
9.999999999999870104e-01,1.198002310754578293e-12,9.999999999999727995e-01,8.220395088531655681e-01,9.999999999999363842e-01,1.000000000000000000e+00,4.429759626877581291e-01,-7.948413537519593008e-01
9.999999999999427125e-01,4.961037121902433263e-14,8.307863675372085810e-01,9.999999976945056490e-01,9.999999999999954481e-01,1.000000000000000000e+00,4.429759595075066225e-01,-7.090621664824706682e-01
9.999999999999639178e-01,1.061852904808216292e-13,7.110604016559559648e-01,9.999999953406233377e-01,9.999999999999672484e-01,1.000000000000000000e+00,4.429759582019541231e-01,-6.581479979598431340e-01
9.999999999993854916e-01,1.048994359323192310e-13,7.429559967296561762e-01,9.999999998286466241e-01,9.999999999999886757e-01,1.000000000000000000e+00,4.429759585497597962e-01,-6.717117863565057467e-01
9.999999999981838972e-01,9.197062612282415915e-15,3.279409593145893309e-01,9.999999971913807739e-01,9.999999999999993339e-01,1.000000000000000000e+00,4.429759540242257376e-01,-4.952242094949460549e-01
9.999999999999460432e-01,2.018753702574032254e-13,5.276959896266745220e-01,9.999999989526674460e-01,9.999999999999633626e-01,1.000000000000000000e+00,4.429759562024557229e-01,-5.801712067637448955e-01
9.999999999996340705e-01,7.695382154930235458e-14,3.658563931880830511e-01,9.999999998332446127e-01,9.999999999999757971e-01,1.000000000000000000e+00,4.429759544376747904e-01,-5.113479697663566581e-01
