9.999999999999634737e-01,2.645426766787231592e-12,5.468352437532075783e-10,9.999999940672239518e-01,9.999999999999835687e-01,6.999999999999999556e-01,4.429759473435150308e-01,-3.250304630179331467e-01
9.999999999956347141e-01,1.089137586321819918e-12,9.999999999999777955e-01,5.388540753122046389e-01,9.999999999999942268e-01,6.999999999999999556e-01,4.429759617075400557e-01,-7.860981040937010667e-01
9.999999999993263167e-01,2.337698202178238169e-12,9.999999999999994449e-01,2.637711018609168456e-01,9.999999999999774625e-01,6.999999999999999556e-01,4.429759637712137321e-01,-8.074605635863837394e-01
9.999999999998442357e-01,2.530868927738248015e-12,9.999999999999990008e-01,7.645053128773130480e-01,9.999999999998611111e-01,6.999999999999999556e-01,4.429759600147034626e-01,-7.685744261948269651e-01
9.999999999972116749e-01,3.122274635216021482e-12,9.999999999999908962e-01,5.040493322895455153e-01,9.999999999995882183e-01,6.999999999999999556e-01,4.429759619686454153e-01,-7.888009791703153306e-01
9.999999999983453236e-01,2.413191303756665586e-10,9.999999999999745759e-01,8.516371721777324932e-01,9.999999999999740208e-01,6.999999999999999556e-01,4.429759593610398949e-01,-7.618079193790737724e-01
9.999999999981711296e-01,5.050460906218778564e-12,7.518976585323497996e-01,9.999999976895023179e-01,9.999999999999825695e-01,6.999999999999999556e-01,4.429759555425877848e-01,-6.447793486719620715e-01
9.999999999985486054e-01,1.693230577272650838e-14,9.999999999999961142e-01,1.233922132384585035e-02,9.999999999999881206e-01,6.999999999999999556e-01,4.429759656574567828e-01,-8.269863208366700080e-01
9.999999998994149042e-01,2.444028105376221204e-11,9.999999999999860112e-01,8.625224295703525224e-01,9.999999999995268229e-01,6.999999999999999556e-01,4.429759592793786616e-01,-7.609625894511077293e-01
9.999999999991628918e-01,7.015043590930388295e-13,5.635943087445272059e-01,9.999999996074869779e-01,9.999999999998645528e-01,6.999999999999999556e-01,4.429759534892326878e-01,-5.647022453785831564e-01
9.999999999999764633e-01,1.855851355558237849e-11,9.999999999999646949e-01,7.231512948450758982e-01,9.999999999996211919e-01,6.999999999999999556e-01,4.429759603249415201e-01,-7.717859064403614910e-01
9.999999999999078515e-01,9.292481525619042174e-13,4.888132308820313243e-01,9.999999985834148175e-01,9.999999999999935607e-01,6.999999999999999556e-01,4.429759526737819808e-01,-5.329011538048932239e-01
9.999999999998394618e-01,2.152805878586000454e-12,4.512606944582622237e-01,9.999999996093468235e-01,9.999999999997464251e-01,6.999999999999999556e-01,4.429759522642900960e-01,-5.169317175152098320e-01
9.999999999993373079e-01,8.762660547578889662e-13,2.955467060069888463e-01,9.999999971829101053e-01,9.999999999999515943e-01,6.999999999999999556e-01,4.429759505663059538e-01,-4.507134314741115810e-01
9.999999999998365752e-01,8.745796281689696001e-15,9.999999999999993339e-01,1.534425902553488985e-01,9.999999999997561950e-01,6.999999999999999556e-01,4.429759645988987082e-01,-8.160284815874124797e-01
9.999999999994099165e-01,1.122226353500354176e-13,9.999999999999993339e-01,1.652810559713624450e-01,9.999999999999180655e-01,6.999999999999999556e-01,4.429759645100864729e-01,-8.151091271793856619e-01
9.999999999934660044e-01,7.577953493570836672e-13,1.730810476241901874e-01,9.999999980340481542e-01,9.999999999997535305e-01,6.999999999999999556e-01,4.429759492308784075e-01,-3.986341924083119936e-01
9.999999999940961670e-01,4.420052428642465108e-13,1.634593657322092330e-01,9.999999972057145303e-01,9.999999999999631406e-01,6.999999999999999556e-01,4.429759491259587234e-01,-3.945425158559793255e-01
9.999999999994039213e-01,3.073888345963450495e-12,9.999999999999972244e-01,6.798828099451512674e-01,9.999999999995911049e-01,6.999999999999999556e-01,4.429759606495418667e-01,-7.751460608124675078e-01
9.999999999976079135e-01,2.075635331975336584e-12,9.999999999999857891e-01,1.420266959511863047e-01,9.999999999999569233e-01,6.999999999999999556e-01,4.429759646845408128e-01,-8.169150198439975030e-01
9.999999999977000620e-01,4.159985942378933200e-13,9.999999999999938938e-01,3.930876634179002876e-02,9.999999999997634115e-01,6.999999999999999556e-01,4.429759654551311820e-01,-8.248919134444233636e-01
9.999999999998682165e-01,7.930594835978170236e-15,9.999999999999984457e-01,9.118652395127757604e-02,9.999999999999961142e-01,6.999999999999999556e-01,4.429759650659439996e-01,-8.208631781077592171e-01
9.999999999999145128e-01,4.968396363262949346e-12,3.077644340383253185e-01,9.999999976930650236e-01,9.999999999999555911e-01,6.999999999999999556e-01,4.429759506995342155e-01,-4.559090918882949817e-01
9.999999999998000488e-01,7.827558471442686096e-13,1.002917742772884702e-01,9.999999994858179697e-01,9.999999999997393196e-01,6.999999999999999556e-01,4.429759484371472711e-01,-3.676801271864763576e-01
9.999999999955294649e-01,1.557960384001601743e-12,9.999999999999459321e-01,5.783134967375468394e-01,9.999999999999880096e-01,6.999999999999999556e-01,4.429759614115152955e-01,-7.830337548849765072e-01
9.999999999963625763e-01,4.776183150429805704e-13,8.503144243201068431e-01,9.999999983682703597e-01,9.999999999998147038e-01,6.999999999999999556e-01,4.429759566157739914e-01,-6.866316550920131823e-01
9.999999983758626199e-01,5.215139429351732985e-13,9.999999999999992228e-01,8.954712880815985931e-01,9.999999999996217470e-01,6.999999999999999556e-01,4.429759590321961649e-01,-7.584038390982940081e-01
9.999999999940608619e-01,1.532404675039096892e-13,7.005909559821790200e-01,9.999999938595057758e-01,9.999999999999987788e-01,6.999999999999999556e-01,4.429759549831135401e-01,-6.229608730008998618e-01
9.999999999959391372e-01,2.205978936790348656e-14,8.647359043620018726e-01,9.999999966249649708e-01,9.999999999998894218e-01,6.999999999999999556e-01,4.429759567730331415e-01,-6.927644741393984562e-01
9.999999999996216360e-01,3.122912941970656779e-14,9.999999999999755751e-01,2.517759720663278467e-01,9.999999999998622213e-01,6.999999999999999556e-01,4.429759638612012496e-01,-8.083920842512343219e-01
9.999999999998206990e-01,1.886469865750243103e-12,9.999999999999688027e-01,1.805882041128192839e-10,9.999999999999868994e-01,6.999999999999999556e-01,4.429759657500256798e-01,-8.279445630297598280e-01
9.999999999991679989e-01,6.567646668730029006e-12,9.999999999999992228e-01,4.298291838222809691e-01,9.999999999998674394e-01,6.999999999999999556e-01,4.429759625254452438e-01,-7.945647852511453779e-01
9.999999999973084863e-01,1.010695404589985127e-12,9.999999999999670264e-01,1.043270989461760334e-01,9.999999999995772271e-01,6.999999999999999556e-01,4.429759649673633559e-01,-8.198427041853005859e-01
9.999999999999881206e-01,1.500631541892992572e-12,9.999999999999693578e-01,6.181381004246258026e-01,9.999999999999732436e-01,6.999999999999999556e-01,4.429759611127509489e-01,-7.799410462651689135e-01
9.999999999997793987e-01,2.997390282040587135e-12,6.722219994743040550e-01,9.999999985744177922e-01,9.999999999999830136e-01,6.999999999999999556e-01,4.429759546737640497e-01,-6.108968076093063138e-01
9.999999999999698019e-01,4.440820813244714299e-12,4.459511910105549148e-01,9.999999985388678958e-01,9.999999999999433786e-01,6.999999999999999556e-01,4.429759522063925758e-01,-5.146738201380723909e-01
9.999999999999688027e-01,5.641882353298261858e-12,7.299095808324129742e-01,9.999999989060839312e-01,9.999999999998152589e-01,6.999999999999999556e-01,4.429759553028186359e-01,-6.354287896633555865e-01
9.999999999963224973e-01,5.050460906218778564e-12,2.347200376885180684e-01,9.999999976895023179e-01,9.999999999997416511e-01,6.999999999999999556e-01,4.429759499030211378e-01,-4.248465342267978562e-01
9.999999999999417133e-01,1.664151481891252766e-12,9.567287006289746376e-01,9.999999987844228055e-01,9.999999999996728173e-01,6.999999999999999556e-01,4.429759577761691602e-01,-7.318849497545886207e-01
9.999999999926614258e-01,4.159985942378933200e-13,9.999999999999948930e-01,9.415696597055817074e-01,9.999999999999221734e-01,6.999999999999999556e-01,4.429759586863659671e-01,-7.548239207037955589e-01
9.999999999996049826e-01,2.265238038148456192e-11,9.999999999999934497e-01,3.888689844825219399e-01,9.999999999999978906e-01,6.999999999999999556e-01,4.429759628327288867e-01,-7.977456822302882999e-01
9.999999999998160360e-01,1.926858091062924824e-12,9.999999999999985567e-01,5.147710679508408216e-01,9.999999999999594769e-01,6.999999999999999556e-01,4.429759618882108674e-01,-7.879683480520788263e-01
9.999999999981434851e-01,2.068958193259072819e-12,9.999999999999836797e-01,6.303754513371847557e-01,9.999999999998427924e-01,6.999999999999999556e-01,4.429759610209462739e-01,-7.789907151352998271e-01
9.999999999985559329e-01,2.120248314049127345e-12,3.613782430936795520e-01,9.999999960265377741e-01,9.999999999998654410e-01,6.999999999999999556e-01,4.429759512841663360e-01,-4.787086785489490515e-01
9.999999999982148724e-01,1.073721278996488114e-13,5.754733356664648580e-02,9.999999994369751510e-01,9.999999999999097389e-01,6.999999999999999556e-01,4.429759479710402847e-01,-3.495028032527863759e-01
9.999999999942311701e-01,3.870882435651694764e-13,6.775769446778586724e-01,9.999999965895547405e-01,9.999999999996200817e-01,6.999999999999999556e-01,4.429759547321570623e-01,-6.131740295963016285e-01
9.999999999449302734e-01,2.325278739952857146e-10,9.999999999999916733e-01,6.935716946850691844e-01,9.999999999999885647e-01,6.999999999999999556e-01,4.429759605468477912e-01,-7.740830061201758872e-01
9.999999999986529664e-01,7.517166070270249237e-13,9.999999999999759082e-01,7.512683885214062052e-01,9.999999999999956701e-01,6.999999999999999556e-01,4.429759601140069170e-01,-7.696023824397922874e-01
9.999999999983618659e-01,3.881071083104125908e-14,7.092062110391793572e-01,9.999999964227450633e-01,9.999999999997528644e-01,6.999999999999999556e-01,4.429759550770586141e-01,-6.266245605087280568e-01
9.999999999985632604e-01,6.117063333304089686e-12,7.977893189497341497e-01,9.999999989896917185e-01,9.999999999999045208e-01,6.999999999999999556e-01,4.429759560430136522e-01,-6.642950461343838375e-01
9.999999999943992579e-01,4.201731772036067598e-11,9.999999999999967804e-01,7.380332552931232470e-01,9.999999999999543698e-01,6.999999999999999556e-01,4.429759602132969931e-01,-7.706301995887508971e-01
9.999999999971849185e-01,1.447060441017938304e-13,9.999999999999995559e-01,4.809443766965549871e-01,9.999999999998812061e-01,6.999999999999999556e-01,4.429759621419788740e-01,-7.905952693498558004e-01
9.999999999990352162e-01,5.633649631489556757e-16,8.145192707574350210e-02,9.999999999547746210e-01,9.999999999993747224e-01,6.999999999999999556e-01,4.429759482317080499e-01,-3.596683717073786424e-01
9.999999999943404161e-01,1.487250637783264723e-11,9.999999999999996669e-01,7.086129004867014469e-01,9.999999999999533706e-01,6.999999999999999556e-01,4.429759604340086088e-01,-7.729149325539731441e-01
9.999999999993532951e-01,1.074648225799437281e-11,9.999999999999992228e-01,7.779429237522246243e-01,9.999999999999982236e-01,6.999999999999999556e-01,4.429759599138944348e-01,-7.675308849887377827e-01
9.999999999998451239e-01,5.573838453622967800e-13,8.023312382751794924e-01,9.999999976511194655e-01,9.999999999999914513e-01,6.999999999999999556e-01,4.429759560925410344e-01,-6.662265240516463960e-01
9.999999999993738342e-01,5.074709842590817446e-13,1.038845888508753978e-01,9.999999981570861785e-01,9.999999999999936717e-01,6.999999999999999556e-01,4.429759484763251542e-01,-3.692079927442263321e-01
9.999999999991023847e-01,3.059303654980911111e-14,9.323587999640755575e-01,9.999999997052729794e-01,9.999999999996869171e-01,6.999999999999999556e-01,4.429759575104273983e-01,-7.215215065932324423e-01
9.999999999985164090e-01,2.432048687011764127e-11,4.204933058506390431e-01,9.999999962874988046e-01,9.999999999999600320e-01,6.999999999999999556e-01,4.429759519287869152e-01,-5.038477054397122457e-01
9.999999999993270938e-01,6.158531508421852236e-15,5.350802091685027406e-01,9.999999983990133234e-01,9.999999999998629985e-01,6.999999999999999556e-01,4.429759531783005189e-01,-5.525764575061954398e-01
9.999999999999571454e-01,1.084913652845988968e-12,9.999999999999984457e-01,3.619079937326010743e-01,9.999999999999986677e-01,6.999999999999999556e-01,4.429759630349903166e-01,-7.998394253121728914e-01
9.999999999995788924e-01,2.472762623832797828e-13,9.999999999999842348e-01,3.754342604325220378e-01,9.999999999999993339e-01,6.999999999999999556e-01,4.429759629335162097e-01,-7.987889992507070103e-01
9.999999999999452660e-01,4.425734263236600904e-13,2.735098999962077282e-01,9.999999974132329772e-01,9.999999999997526423e-01,6.999999999999999556e-01,4.429759503260054521e-01,-4.413421505421647462e-01
9.999999999996567190e-01,5.589393009226392335e-12,1.075606751515528481e-01,9.999999940081341077e-01,9.999999999997372102e-01,6.999999999999999556e-01,4.429759485164110888e-01,-3.707712703115194630e-01
9.999999999981711296e-01,2.730465220437080139e-12,9.050222758609806073e-01,9.999999959282286355e-01,9.999999999999996669e-01,6.999999999999999556e-01,4.429759572123361244e-01,-7.098964897918479400e-01
9.999999999994820810e-01,1.519603593344978729e-12,5.165066731348922913e-01,9.999999997479515068e-01,9.999999999997933875e-01,6.999999999999999556e-01,4.429759529757652525e-01,-5.446779523430972381e-01
9.999999999930025973e-01,9.521441277398471374e-13,9.145219729010140020e-01,9.999999992437611507e-01,9.999999999999957812e-01,6.999999999999999556e-01,4.429759573159255948e-01,-7.139362913789292220e-01
9.999999999989944710e-01,2.665631923435792700e-12,3.459540204265209029e-01,9.999999982510145990e-01,9.999999999999910072e-01,6.999999999999999556e-01,4.429759511159728214e-01,-4.721494372853139998e-01
9.999999999997783995e-01,1.059988066146963693e-12,9.999999999999984457e-01,8.001714748779620301e-02,9.999999999999968914e-01,6.999999999999999556e-01,4.429759651497366946e-01,-8.217305722224331754e-01
9.999999999950415219e-01,1.770860074231508046e-12,4.259422449278861822e-01,9.999999976930650236e-01,9.999999999999560352e-01,6.999999999999999556e-01,4.429759519882049412e-01,-5.061648986096863867e-01
9.999999999927030592e-01,2.273154444469777231e-11,9.999999999999934497e-01,4.025990180149090492e-01,9.999999999999978906e-01,6.999999999999999556e-01,4.429759627297261138e-01,-7.966794319941529201e-01
9.999999999994180211e-01,3.955554096278128891e-13,6.951764195528843393e-01,9.999999954184470852e-01,9.999999999999675815e-01,6.999999999999999556e-01,4.429759549240706584e-01,-6.206583095289709417e-01
9.999999999983537613e-01,5.964338065853801473e-12,2.295669883280100909e-01,9.999999962733189252e-01,9.999999999997899458e-01,6.999999999999999556e-01,4.429759498468296974e-01,-4.226551698938582069e-01
9.999999999993628430e-01,8.985507879217111493e-15,7.564152715674690164e-01,9.999999989477696971e-01,9.999999999999991118e-01,6.999999999999999556e-01,4.429759555918501013e-01,-6.467004899948863850e-01
9.999999999946274087e-01,1.346731653021325252e-12,3.532709908906442320e-02,9.999999989500180098e-01,9.999999999997568612e-01,6.999999999999999556e-01,4.429759477287396052e-01,-3.400535183460550170e-01
9.999999999992290611e-01,4.678256537698648879e-13,9.525952287954648767e-01,9.999999993510058083e-01,9.999999999999947820e-01,6.999999999999999556e-01,4.429759577310956598e-01,-7.301271665868455107e-01
9.999999999985116350e-01,5.296511497003870712e-13,9.999999999999689138e-01,3.134106640490381124e-01,9.999999999999976685e-01,6.999999999999999556e-01,4.429759633988175072e-01,-8.036056425667063019e-01
9.999999999999634737e-01,9.365373030089654666e-12,5.121509059738323932e-01,9.999999996075119579e-01,9.999999999998548939e-01,6.999999999999999556e-01,4.429759529282678021e-01,-5.428256368403344689e-01
9.999999999985739185e-01,5.587113258692522249e-12,6.650360300114579459e-01,9.999999975096928173e-01,9.999999999999976685e-01,6.999999999999999556e-01,4.429759545954046196e-01,-6.078409320600396404e-01
9.999999999977365883e-01,7.033660718649301617e-13,2.067384109784008994e-01,9.999999981639225988e-01,9.999999999997535305e-01,6.999999999999999556e-01,4.429759495978953243e-01,-4.129471834308403588e-01
9.999999999996567190e-01,1.698473693523766954e-12,4.557540771491087606e-01,9.999999940081341077e-01,9.999999999999900080e-01,6.999999999999999556e-01,4.429759523132882348e-01,-5.188425552754661885e-01
9.999999999982975840e-01,1.716369889759309327e-11,1.274828293536128809e-01,9.999999986037367838e-01,9.999999999999983347e-01,6.999999999999999556e-01,4.429759487336523138e-01,-3.792432827931143668e-01
9.999999999981296073e-01,1.104859525812871285e-13,9.999999999999836797e-01,5.646188114870460684e-01,9.999999999998352429e-01,6.999999999999999556e-01,4.429759615142528917e-01,-7.840972600348360411e-01
9.999999999963197217e-01,2.265592191040079822e-13,6.671123191474792602e-02,9.999999964247285877e-01,9.999999999999982236e-01,6.999999999999999556e-01,4.429759480709680730e-01,-3.533998049688898968e-01
9.999999999994215738e-01,7.480423434654955614e-13,6.078372804068115087e-01,9.999999959733517629e-01,9.999999999997982725e-01,6.999999999999999556e-01,4.429759539716804917e-01,-5.835168286683721783e-01
9.999999999999845679e-01,4.496004201779686589e-13,5.587077224191077107e-01,9.999999982870670934e-01,9.999999999999962252e-01,6.999999999999999556e-01,4.429759534359468676e-01,-5.626241960052126290e-01
9.999999999996627142e-01,3.462133659214803028e-13,9.999999999999964473e-01,5.913027308781901858e-01,9.999999999999992228e-01,6.999999999999999556e-01,4.429759613140700214e-01,-7.820250338261277578e-01
9.999999999996268540e-01,1.240056155362595016e-12,9.999999999999998890e-01,8.042997221027881061e-01,9.999999999999888978e-01,6.999999999999999556e-01,4.429759597161656570e-01,-7.654840624239990232e-01
9.999999999993947064e-01,4.064825094972665390e-12,2.106633082178910321e-01,9.999999994137752646e-01,9.999999999999562572e-01,6.999999999999999556e-01,4.429759496406943664e-01,-4.146162688880065117e-01
9.999999999998572253e-01,7.820049047970419109e-13,1.487256212837667624e-01,9.999999997361437298e-01,9.999999999999948930e-01,6.999999999999999556e-01,4.429759489652944637e-01,-3.882769044774471157e-01
9.999999999963625763e-01,5.304912385428574578e-14,1.945768855527016949e-01,9.999999983682703597e-01,9.999999999998147038e-01,6.999999999999999556e-01,4.429759494652799057e-01,-4.077754234488547569e-01
9.999999999996627142e-01,7.889656858834493241e-13,9.999999999999646949e-01,6.050177688409296151e-01,9.999999999995260458e-01,6.999999999999999556e-01,4.429759612111797140e-01,-7.809599481206231930e-01
9.999999999983067989e-01,1.089137586321819918e-12,9.999999999999777955e-01,9.190328196850829912e-01,9.999999999999942268e-01,6.999999999999999556e-01,4.429759588554374461e-01,-7.565740920289655280e-01
9.999999999998860911e-01,6.934125459320632225e-12,8.410219160001309868e-01,9.999999970642562408e-01,9.999999999996160849e-01,6.999999999999999556e-01,4.429759565144438249e-01,-6.826799615667692445e-01
9.999999999898842029e-01,5.411476265748417574e-12,2.490231496998077665e-01,9.999999951411485677e-01,9.999999999999047429e-01,6.999999999999999556e-01,4.429759500589895427e-01,-4.309290166377607312e-01
9.999999999985559329e-01,8.484090490523019123e-13,3.171434265819340070e-01,9.999999959771602720e-01,9.999999999995893285e-01,6.999999999999999556e-01,4.429759508018075165e-01,-4.598975635704442011e-01
9.999999999998322453e-01,9.994947127661419182e-12,9.999999999999984457e-01,1.786286769926999085e-01,9.999999999996361799e-01,6.999999999999999556e-01,4.429759644099525717e-01,-8.140725744258264784e-01
9.999999999978973486e-01,2.509845051618337493e-12,4.790061431447339979e-02,9.999999985815627435e-01,9.999999999999683586e-01,6.999999999999999556e-01,4.429759478658475413e-01,-3.454004794184858396e-01
9.999999999940342166e-01,7.281042219943972520e-13,9.999999999999986677e-01,3.229213075643961872e-01,9.999999999999364952e-01,6.999999999999999556e-01,4.429759633274686359e-01,-8.028670627318282849e-01
9.999999999997165601e-01,2.597477165576673179e-13,9.999999999999757971e-01,2.160417641479319140e-01,9.999999999999998890e-01,6.999999999999999556e-01,4.429759641292794203e-01,-8.111671399356389367e-01
9.999999999996991296e-01,2.428678702493064290e-10,9.089778943353642449e-01,9.999999999398198058e-01,9.999999999998711031e-01,6.999999999999999556e-01,4.429759572554701763e-01,-7.115786394206627952e-01
9.999999999982114307e-01,3.740251084654695555e-13,4.151306395392566628e-01,9.999999996373486466e-01,9.999999999999816813e-01,6.999999999999999556e-01,4.429759518703096921e-01,-5.015671999002725423e-01
9.999999999985244026e-01,2.590680049268336990e-12,9.999999999999997780e-01,3.480977167165451025e-01,9.999999999998894218e-01,6.999999999999999556e-01,4.429759631385951080e-01,-8.009119071152627223e-01
9.999999999997348787e-01,4.671319119242468953e-13,7.606526212100147566e-01,9.999999967989774419e-01,9.999999999999900080e-01,6.999999999999999556e-01,4.429759556380563068e-01,-6.485024479322457625e-01
9.999999999999774625e-01,1.307248888234398930e-12,4.057882341946102978e-01,9.999999977639770776e-01,9.999999999999692468e-01,6.999999999999999556e-01,4.429759517684353498e-01,-4.975942874170565799e-01
9.999999999991650013e-01,4.607555997099256035e-13,7.682201614841964732e-01,9.999999975786276751e-01,9.999999999999942268e-01,6.999999999999999556e-01,4.429759557205766307e-01,-6.517205887264309050e-01
9.999999999955341279e-01,1.613083094447292453e-12,4.921511069059981702e-01,9.999999995186742430e-01,9.999999999999954481e-01,6.999999999999999556e-01,4.429759527101798655e-01,-5.343206050746321933e-01
9.999999999942478235e-01,4.085170853105737797e-13,8.899929417470322512e-01,9.999999973575878220e-01,9.999999999999685807e-01,6.999999999999999556e-01,4.429759570484486653e-01,-7.035051772616615073e-01
9.999999999997853939e-01,3.256266996882712612e-13,8.518748223806577036e-03,9.999999984817244947e-01,9.999999999999727995e-01,6.999999999999999556e-01,4.429759474364077798e-01,-3.286531100531414618e-01
9.999999999988492538e-01,9.945665359956019070e-13,9.999999999999986677e-01,2.758007876899857269e-01,9.999999999999340528e-01,6.999999999999999556e-01,4.429759636809669776e-01,-8.065263593601669223e-01
9.999999999998624434e-01,6.624507672947214271e-13,5.988115419937545258e-01,9.999999992484031042e-01,9.999999999999876765e-01,6.999999999999999556e-01,4.429759538732592206e-01,-5.796785802546132738e-01
9.999999999995509148e-01,5.050460906218778564e-12,2.247869854643666510e-01,9.999999976895023179e-01,9.999999999997395417e-01,6.999999999999999556e-01,4.429759497947061142e-01,-4.206224455500465753e-01
9.999999999996627142e-01,1.693230577272650838e-14,9.999999999999961142e-01,5.333905596228633028e-02,9.999999999997495337e-01,6.999999999999999556e-01,4.429759653498758776e-01,-8.238023458501279039e-01
9.999999999987752020e-01,1.416699745012510931e-12,1.360718218555906356e-01,9.999999943742812203e-01,9.999999999998853140e-01,6.999999999999999556e-01,4.429759488273110613e-01,-3.828958025223078154e-01
9.999999999962410069e-01,5.064457619717439071e-13,9.999999999999983347e-01,8.147878478636961797e-01,9.999999999999948930e-01,6.999999999999999556e-01,4.429759596374836517e-01,-7.646695730393154866e-01
9.999999999998225864e-01,2.605537873792487970e-13,9.999999999999930056e-01,2.877681206180697782e-01,9.999999999999980016e-01,6.999999999999999556e-01,4.429759635911880156e-01,-8.055969973512863147e-01
9.999999999993073319e-01,1.345429321151498647e-13,6.275096184793866883e-01,9.999999971522164355e-01,9.999999999999598099e-01,6.999999999999999556e-01,4.429759541861976180e-01,-5.918826056423397430e-01
9.999999999990836219e-01,2.369670344444101202e-13,5.215646080217348213e-02,9.999999985641402356e-01,9.999999999999972244e-01,6.999999999999999556e-01,4.429759479122554744e-01,-3.472103030812462299e-01
9.999999999998849809e-01,2.556449345290874612e-12,6.494082123688214025e-01,9.999999982510145990e-01,9.999999999999904521e-01,6.999999999999999556e-01,4.429759544249909364e-01,-6.011951109552667871e-01
9.999999999944851892e-01,1.872881201983597566e-13,1.399517599117183209e-01,9.999999992949178962e-01,9.999999999999259481e-01,6.999999999999999556e-01,4.429759488696198844e-01,-3.845457685392542624e-01
9.999999999999971134e-01,2.414634956660626527e-12,8.700270789355390999e-01,9.999999994281302262e-01,9.999999999999955591e-01,6.999999999999999556e-01,4.429759568307307660e-01,-6.950145769200802848e-01
9.999999999981940002e-01,3.967607304222838564e-13,2.815258366514156174e-01,9.999999995297992328e-01,9.999999999999515943e-01,6.999999999999999556e-01,4.429759504134152537e-01,-4.447509744210741411e-01
9.999999999999260591e-01,8.522291166282069987e-13,7.359734482499407093e-01,9.999999985834148175e-01,9.999999999999960032e-01,6.999999999999999556e-01,4.429759553689421314e-01,-6.380074848476201543e-01
9.999999999980929699e-01,1.162521044073202422e-12,5.540749118782931637e-01,9.999999977145245245e-01,9.999999999997569722e-01,6.999999999999999556e-01,4.429759533854283893e-01,-5.606540662148783438e-01
9.999999999999972244e-01,3.221330306873687661e-12,5.490584813857992685e-01,9.999999936389625255e-01,9.999999999999955591e-01,6.999999999999999556e-01,4.429759533307267017e-01,-5.585208000635438763e-01
9.999999999942501550e-01,6.961123748205822403e-14,3.829653219360092953e-01,9.999999965005438307e-01,9.999999999999586997e-01,6.999999999999999556e-01,4.429759515195628161e-01,-4.878887103117720558e-01
9.999999999999792388e-01,1.203880547314770823e-13,7.651782659559374089e-01,9.999999976914006883e-01,9.999999999998685496e-01,6.999999999999999556e-01,4.429759556874062199e-01,-6.504270048152355210e-01
9.999999999998624434e-01,1.324352546329226456e-12,5.900493615348644250e-01,9.999999992484031042e-01,9.999999999996421751e-01,6.999999999999999556e-01,4.429759537777119838e-01,-5.759524116587569909e-01
9.999999999999760192e-01,2.075635331975336584e-12,9.999999999999857891e-01,9.835303184708714674e-01,9.999999999999988898e-01,6.999999999999999556e-01,4.429759583715769389e-01,-7.515653298069192578e-01
9.999999999998651079e-01,4.818655171535413003e-14,3.716967233296312734e-01,9.999999976646980482e-01,9.999999999998898659e-01,6.999999999999999556e-01,4.429759513966842754e-01,-4.830966726192124083e-01
9.999999999994646505e-01,1.363116045744264895e-14,4.980310668535120611e-01,9.999999976069906538e-01,9.999999999998657740e-01,6.999999999999999556e-01,4.429759527742979097e-01,-5.368210926527349214e-01
9.999999999999963363e-01,6.961671206608993004e-13,3.362950775967803452e-01,9.999999984842197209e-01,9.999999999996432853e-01,6.999999999999999556e-01,4.429759510106467957e-01,-4.680419152180196329e-01
9.999999999982788212e-01,7.304999635516467002e-13,4.606543886365131457e-01,9.999999996375223965e-01,9.999999999999816813e-01,6.999999999999999556e-01,4.429759523667237131e-01,-5.209264410185238114e-01
9.999999999994667599e-01,2.329922800611235930e-10,8.634127864678026176e-02,9.999999987200302032e-01,9.999999999999936717e-01,6.999999999999999556e-01,4.429759482850240127e-01,-3.617475972155067554e-01
9.999999999965304420e-01,1.331200929820403856e-12,3.932373816366080410e-02,9.999999989500180098e-01,9.999999999997671862e-01,6.999999999999999556e-01,4.429759477723209660e-01,-3.417531125368599154e-01
9.999999999963345987e-01,5.073478438416210988e-12,2.525128005698356604e-01,9.999999976895023179e-01,9.999999999999373834e-01,6.999999999999999556e-01,4.429759500970424368e-01,-4.324130109259370913e-01
9.999999999939271911e-01,9.351928369175693259e-13,9.999999999999992228e-01,6.439843483847247363e-01,9.999999999995911049e-01,6.999999999999999556e-01,4.429759609188522740e-01,-7.779338721457268457e-01
9.999999999995983213e-01,5.409095596938729285e-12,8.845917038042323544e-01,9.999999935498710135e-01,9.999999999999998890e-01,6.999999999999999556e-01,4.429759569895508342e-01,-7.012082694657556514e-01
9.999999999993546274e-01,8.762660547578889662e-13,2.994433005018766192e-01,9.999999971471755789e-01,9.999999999999977796e-01,6.999999999999999556e-01,4.429759506087964094e-01,-4.523704811238192791e-01
9.999999999999846789e-01,1.532773696724099269e-12,9.234181397025313931e-01,9.999999987951820879e-01,9.999999999997014610e-01,6.999999999999999556e-01,4.429759574129339406e-01,-7.177194384863029297e-01
9.999999999986017851e-01,8.801907582408124368e-14,6.123281732174488123e-01,9.999999982894473005e-01,9.999999999999059641e-01,6.999999999999999556e-01,4.429759540206514301e-01,-5.854266069768817582e-01
9.999999999985494936e-01,2.846608605365934290e-13,9.999999999999984457e-01,3.354075100976425805e-01,9.999999999999894529e-01,6.999999999999999556e-01,4.429759632337970654e-01,-8.018974062236220446e-01
9.999999999993328670e-01,4.761928726065170085e-13,9.640678384264694811e-02,9.999999981570861785e-01,9.999999999999962252e-01,6.999999999999999556e-01,4.429759483947833809e-01,-3.660280123371756344e-01
9.999999998989494987e-01,7.204739688782179705e-14,5.029822330623414661e-01,9.999999955420972864e-01,9.999999999999442668e-01,6.999999999999999556e-01,4.429759528282879444e-01,-5.389266052626798809e-01
9.999999999998615552e-01,5.024761786763952547e-12,1.128485321814672870e-01,9.999999976895023179e-01,9.999999999997684075e-01,6.999999999999999556e-01,4.429759485740725755e-01,-3.730199622191844311e-01
9.999999999994284572e-01,2.581689094910798710e-12,9.999999999999995559e-01,4.168280168961626675e-01,9.999999999999839018e-01,6.999999999999999556e-01,4.429759626229800573e-01,-7.955744329890094280e-01
9.999999999996963540e-01,7.771024849751759901e-13,2.392791327346422414e-01,9.999999969056857507e-01,9.999999999999990008e-01,6.999999999999999556e-01,4.429759499527358146e-01,-4.267853161764930681e-01
9.999999999999715783e-01,8.625615142236460598e-13,9.999999999999981126e-01,4.413212748201034707e-01,9.999999999995115019e-01,6.999999999999999556e-01,4.429759624392315409e-01,-7.936723296937252536e-01
9.999999999998451239e-01,6.116984649645496472e-12,8.168378548519219517e-01,9.999999979627935964e-01,9.999999999999901190e-01,6.999999999999999556e-01,4.429759562507285531e-01,-6.723955477499178324e-01
9.999999999940608619e-01,1.532404675039096892e-13,2.651149722566402689e-01,9.999999994212256382e-01,9.999999999999987788e-01,6.999999999999999556e-01,4.429759502344629007e-01,-4.377721581616819124e-01
9.999999999986760590e-01,3.317850478554824753e-13,3.031241202663430001e-01,9.999999972132549431e-01,9.999999999999960032e-01,6.999999999999999556e-01,4.429759506489339138e-01,-4.539357712968105085e-01
9.999999999998352429e-01,2.847427182640640358e-12,9.999999999999982236e-01,5.496345277983313293e-01,9.999999999996608269e-01,6.999999999999999556e-01,4.429759616266650268e-01,-7.852609131298479150e-01
9.999999999999354960e-01,1.698201530791665799e-10,3.520448981326604887e-01,9.999999994495757383e-01,9.999999999999568123e-01,6.999999999999999556e-01,4.429759511823908036e-01,-4.747396186353233238e-01
9.999999999999713562e-01,2.288543669449865640e-12,9.999999999999986677e-01,7.910004780770949484e-01,9.999999999997541966e-01,6.999999999999999556e-01,4.429759598159366263e-01,-7.665168583045375295e-01
9.999999999933891770e-01,3.159076662653292559e-13,1.583789200072683867e-01,9.999999980069376182e-01,9.999999999999983347e-01,6.999999999999999556e-01,4.429759490705589275e-01,-3.923820264722698292e-01
9.999999999935034189e-01,2.306599860910381410e-10,9.999999999999971134e-01,6.566108173171483209e-01,9.999999999998105960e-01,6.999999999999999556e-01,4.429759608241284341e-01,-7.769533227939228182e-01
9.999999999994872990e-01,1.447060441017938304e-13,9.999999999999995559e-01,4.549662620342068697e-01,9.999999999998809841e-01,6.999999999999999556e-01,4.429759623368668131e-01,-7.926126840055870426e-01
9.999999999940085704e-01,3.505248599873101318e-14,4.359036912582601175e-01,9.999999984734158076e-01,9.999999999997624123e-01,6.999999999999999556e-01,4.429759520968295505e-01,-5.104010619847417773e-01
9.999999999950395235e-01,5.284722266865761749e-15,2.442878982646126684e-01,9.999999984402105913e-01,9.999999999997616351e-01,6.999999999999999556e-01,4.429759500073539580e-01,-4.289153229552208346e-01
9.999999999449302734e-01,3.043800111365826409e-12,9.999999999999916733e-01,4.937321783186564561e-01,9.999999999999885647e-01,6.999999999999999556e-01,4.429759620460447245e-01,-7.896021911853084996e-01
9.999999999997647437e-01,1.073721278996488114e-13,7.610977155758399948e-02,9.999999994382078317e-01,9.999999999999097389e-01,6.999999999999999556e-01,4.429759481734544813e-01,-3.573965888023397097e-01
9.999999999981702414e-01,7.467960977912480092e-13,3.274000395105258754e-01,9.999999974364264244e-01,9.999999999999491518e-01,6.999999999999999556e-01,4.429759509136508289e-01,-4.642592482196991055e-01
9.999999999998617772e-01,7.598326762886262393e-12,3.564310180274411488e-01,9.999999994495757383e-01,9.999999999999928946e-01,6.999999999999999556e-01,4.429759512302192670e-01,-4.766048418280356413e-01
9.999999999991497912e-01,2.411019588690441264e-13,1.988696522185778859e-01,9.999999971861589509e-01,9.999999999997708500e-01,6.999999999999999556e-01,4.429759495120904056e-01,-4.096009477253040876e-01
9.999999999984512389e-01,5.803433283149308183e-12,7.868896942901448810e-01,9.999999981835655527e-01,9.999999999997497557e-01,6.999999999999999556e-01,4.429759559241586153e-01,-6.596599169277089780e-01
9.999999999996768141e-01,1.655073567841079135e-13,9.999999999999789058e-01,1.162484153760070249e-01,9.999999999999996669e-01,6.999999999999999556e-01,4.429759648779295622e-01,-8.189169157356145368e-01
9.999999999959391372e-01,2.205978936790348656e-14,8.551914246649268136e-01,9.999999986385370576e-01,9.999999999999431566e-01,6.999999999999999556e-01,4.429759566689552841e-01,-6.887056280515607698e-01
9.999999999959253705e-01,5.073377091138591488e-15,9.444221938878171185e-01,9.999999988485680502e-01,9.999999999995877742e-01,6.999999999999999556e-01,4.429759576419727840e-01,-7.266515356291657346e-01
9.999999999983434362e-01,4.209030121991191874e-13,1.689146818242872605e-01,9.999999963245069790e-01,9.999999999997910560e-01,6.999999999999999556e-01,4.429759491854462494e-01,-3.968624210652264006e-01
9.999999999991161515e-01,7.331908782120108691e-12,4.709200961621140546e-01,9.999999994422610339e-01,9.999999999999548139e-01,6.999999999999999556e-01,4.429759524786661684e-01,-5.252919933262399921e-01
9.999999999983537613e-01,4.209030121991191874e-13,2.150557482103007123e-01,9.999999962374709339e-01,9.999999999997905009e-01,6.999999999999999556e-01,4.429759496885917747e-01,-4.164841799859982929e-01
9.999999999979157783e-01,1.922662301313973498e-12,9.914267597948211996e-01,9.999999985365110033e-01,9.999999999999140687e-01,6.999999999999999556e-01,4.429759581545343328e-01,-7.466405027995387522e-01
9.999999999986716182e-01,2.113467723758868987e-12,3.318555378280899637e-01,9.999999993169689239e-01,9.999999999998667732e-01,6.999999999999999556e-01,4.429759509622357982e-01,-4.661539748469206712e-01
9.999999999994112487e-01,3.317850478554824753e-13,7.208247542070368441e-01,9.999999986577610134e-01,9.999999999999952260e-01,6.999999999999999556e-01,4.429759552037531023e-01,-6.315654139141652079e-01
9.999999999941056039e-01,2.658111649138443746e-11,9.999999999999773515e-01,9.532811515714121331e-01,9.999999999999952260e-01,6.999999999999999556e-01,4.429759585985063031e-01,-7.539144268611827071e-01
9.999999999998534506e-01,1.613260059881953136e-13,3.754449286271444031e-01,9.999999994572721373e-01,9.999999999999127365e-01,6.999999999999999556e-01,4.429759514375565810e-01,-4.846906187503484675e-01
9.999999999998833156e-01,1.780691660609171252e-07,1.897611234012038794e-01,9.999999993990160707e-01,9.999999999997449818e-01,6.999999999999999556e-01,4.429759494127677999e-01,-4.057274923145893775e-01
9.999999999992964517e-01,6.126353152932976710e-13,2.857483604287014423e-01,9.999999969180612958e-01,9.999999999999610312e-01,6.999999999999999556e-01,4.429759504594598107e-01,-4.465466276093442710e-01
9.999999999994350075e-01,2.337995890633715976e-13,6.905519678769652669e-01,9.999999986182646072e-01,9.999999999999992228e-01,6.999999999999999556e-01,4.429759548736432739e-01,-6.186917341015781835e-01
9.999999999996641575e-01,7.181037353404382929e-13,7.443735050970082812e-01,9.999999957610257173e-01,9.999999999998920863e-01,6.999999999999999556e-01,4.429759554605405825e-01,-6.415796584740994790e-01
9.999999999998100408e-01,1.342042211823631740e-13,9.017105197337945688e-01,9.999999991229082674e-01,9.999999999999857891e-01,6.999999999999999556e-01,4.429759571762230674e-01,-7.084881458404576060e-01
9.999999999999162892e-01,1.138896858409271551e-11,5.403256585908079446e-01,9.999999990940436900e-01,9.999999999999892308e-01,6.999999999999999556e-01,4.429759532354995422e-01,-5.548071155622446016e-01
9.999999999998309130e-01,7.929595388426108890e-13,8.985706404351969656e-01,9.999999994894039901e-01,9.999999999997748468e-01,6.999999999999999556e-01,4.429759571419842334e-01,-7.071528937378898094e-01
9.999999999995794475e-01,3.203598944529876017e-13,2.567135023127615767e-01,9.999999984065264247e-01,9.999999999999994449e-01,6.999999999999999556e-01,4.429759501428490176e-01,-4.341993839056040860e-01
9.999999999999801270e-01,5.326175654098201866e-12,8.763838771990082321e-01,9.999999997467869939e-01,9.999999999999603650e-01,6.999999999999999556e-01,4.429759569000484842e-01,-6.977178426147429002e-01
9.999999999996015410e-01,3.211055202848984218e-13,9.999999999999986677e-01,8.792382338773161443e-01,9.999999999999727995e-01,6.999999999999999556e-01,4.429759591539765839e-01,-7.596644695130373437e-01
9.999999999941056039e-01,2.658111649138443746e-11,9.999999999999773515e-01,2.027466727652963430e-01,9.999999999999953371e-01,6.999999999999999556e-01,4.429759642290192478e-01,-8.121996133291705666e-01
9.999999999983654186e-01,2.587834397733396285e-12,5.740100975896057500e-01,9.999999979992825194e-01,9.999999999997456479e-01,6.999999999999999556e-01,4.429759536028117228e-01,-5.691316207565836338e-01
9.999999999981502574e-01,2.067581009528985889e-12,1.159526877816570156e-01,9.999999964212032966e-01,9.999999999997504219e-01,6.999999999999999556e-01,4.429759486079218322e-01,-3.743400226811189890e-01
9.999999999999802380e-01,2.690601627957002664e-14,5.074139961525689912e-01,9.999999977080833435e-01,1.000000000000000000e+00,6.999999999999999556e-01,4.429759528766141208e-01,-5.408112383230946341e-01
9.999999999999202860e-01,1.539562299209479150e-12,5.308566256252177373e-01,9.999999977711234722e-01,9.999999999999086286e-01,6.999999999999999556e-01,4.429759531322444155e-01,-5.507803538990029280e-01
9.999999999999293898e-01,1.478144481707360563e-12,8.217367851744540319e-01,9.999999994845055751e-01,9.999999999999737987e-01,6.999999999999999556e-01,4.429759563041489323e-01,-6.744788464650223192e-01
9.999999998989494987e-01,1.782593068129778861e-13,6.353024634154526007e-01,9.999999957816481100e-01,9.999999999997980504e-01,6.999999999999999556e-01,4.429759542711747544e-01,-5.951965587304638428e-01
9.999999999993738342e-01,6.159051062234516122e-13,9.738023308663139588e-01,9.999999981352981626e-01,9.999999999999927836e-01,6.999999999999999556e-01,4.429759579623486765e-01,-7.391456111322906031e-01
9.999950156597432471e-01,2.426221269325454678e-10,2.894064833957153970e-01,9.999999986122053430e-01,9.999999999999608091e-01,6.999999999999999556e-01,4.429759504994420505e-01,-4.481022638906507760e-01
9.999999999941056039e-01,2.764104361108861701e-11,9.999999999999773515e-01,2.381766270019032294e-01,9.999999999999951150e-01,6.999999999999999556e-01,4.429759639632235846e-01,-8.094481854505329865e-01
9.999999999921106442e-01,1.624688429674337377e-12,6.545414639508780885e-01,9.999999998009513336e-01,9.999999999997569722e-01,6.999999999999999556e-01,4.429759544809664940e-01,-6.033780561569378476e-01
9.999999999221889091e-01,2.547748000837695339e-15,6.166897492771171718e-01,9.999999955783981376e-01,9.999999999997376543e-01,6.999999999999999556e-01,4.429759540682122743e-01,-5.872813929705457126e-01
9.999999999991652233e-01,7.581332526565054610e-13,7.729996338549181001e-01,9.999999976988884764e-01,9.999999999998726574e-01,6.999999999999999556e-01,4.429759557726943853e-01,-6.537530873559896927e-01
9.999999999979186649e-01,1.066751948158983842e-11,4.406183817929670843e-02,9.999999977081711622e-01,9.999999999999995559e-01,6.999999999999999556e-01,4.429759478239876369e-01,-3.437680174346749995e-01
9.999999999997124522e-01,7.442945570002272256e-13,3.800603454445962148e-01,9.999999975429394450e-01,9.999999999999977796e-01,6.999999999999999556e-01,4.429759514878854332e-01,-4.866533519515029438e-01
9.999999999997276623e-01,1.491486671318402299e-12,9.999999999999997780e-01,3.011445704397345269e-01,9.999999999999639178e-01,6.999999999999999556e-01,4.429759634908377874e-01,-8.045582058046693019e-01
9.999999999994848565e-01,5.589393009226392335e-12,9.170998522675921638e-02,9.999999945425742665e-01,9.999999999997872813e-01,6.999999999999999556e-01,4.429759483435671830e-01,-3.640306714780056074e-01
9.999999999978976817e-01,3.207336845295088908e-14,5.943161534231589105e-01,9.999999964135548591e-01,9.999999999997218891e-01,6.999999999999999556e-01,4.429759538242392658e-01,-5.777668901371538768e-01
9.999999999993572919e-01,4.766224922220000479e-14,2.918556924016757481e-02,9.999999951232002582e-01,9.999999999996341815e-01,6.999999999999999556e-01,4.429759476617692870e-01,-3.374417970792743526e-01
9.999999999999757971e-01,3.654920989123090834e-15,1.241383448100217973e-01,9.999999993948507360e-01,9.999999999993747224e-01,6.999999999999999556e-01,4.429759486971823756e-01,-3.778210210777196432e-01
9.999999999934985340e-01,2.674859444186766364e-11,2.773309872954083932e-01,9.999999963426555727e-01,9.999999999999978906e-01,6.999999999999999556e-01,4.429759503676725108e-01,-4.429670903942334315e-01
9.999999999944312323e-01,8.948452430569959686e-13,9.999999999999998890e-01,9.087214374118843807e-01,9.999999999999974465e-01,6.999999999999999556e-01,4.429759589327934566e-01,-7.573748558257876740e-01
9.999999999995419220e-01,1.086282406078592332e-14,8.361408634865066247e-01,9.999999976904658805e-01,9.999999999998931965e-01,6.999999999999999556e-01,4.429759564612183453e-01,-6.806042653275873322e-01
9.999999999999931166e-01,3.622635977727311515e-13,5.207693685365999414e-03,9.999999999773958592e-01,9.999999999999736877e-01,6.999999999999999556e-01,4.429759474003023278e-01,-3.272450645885806031e-01
9.999999999998983036e-01,1.527414517867690702e-11,9.999999999999931166e-01,9.654529843047523485e-01,9.999999999999609201e-01,6.999999999999999556e-01,4.429759585071931793e-01,-7.529691837571855784e-01
9.999999999981645793e-01,4.977305411218206598e-13,2.028406437567867870e-01,9.999999962381740382e-01,9.999999999997788436e-01,6.999999999999999556e-01,4.429759495553921012e-01,-4.112896352243903264e-01
9.999999999989673816e-01,1.793025615465473168e-12,4.309637722488657285e-01,9.999999976930650236e-01,9.999999999999684697e-01,6.999999999999999556e-01,4.429759520429621955e-01,-5.083003325341340917e-01
9.999999999999996669e-01,3.337884184073275373e-13,7.049625250055072678e-01,9.999999966152047781e-01,9.999999999999491518e-01,6.999999999999999556e-01,4.429759550307832972e-01,-6.248199081359294693e-01
9.999999999942501550e-01,6.961123748205822403e-14,3.876830394265887159e-01,9.999999977346560875e-01,9.999999999997615241e-01,6.999999999999999556e-01,4.429759515710071649e-01,-4.898949472294243934e-01
9.999999999999198419e-01,3.493659733800869837e-13,8.070219436224997933e-01,9.999999986337675395e-01,9.999999999999548139e-01,6.999999999999999556e-01,4.429759561436908966e-01,-6.682212739169844928e-01
9.999999999983436583e-01,6.232066854467364108e-13,4.670825866346544064e-01,9.999999962374709339e-01,9.999999999997901678e-01,6.999999999999999556e-01,4.429759524368200307e-01,-5.236600701573635996e-01
9.999999999993105515e-01,1.919440497374815335e-13,4.004243990575360734e-01,9.999999970012636297e-01,9.999999999999976685e-01,6.999999999999999556e-01,4.429759517099454147e-01,-4.953132851461837793e-01
9.999999999999787947e-01,3.525455709958448545e-13,7.258149829459342728e-01,9.999999958437939540e-01,9.999999999999880096e-01,6.999999999999999556e-01,4.429759552581690740e-01,-6.336875381516567929e-01
9.999999999973506748e-01,4.496004201779686589e-13,9.876083598106729644e-01,9.999999999065685152e-01,9.999999999999743538e-01,6.999999999999999556e-01,4.429759581128965840e-01,-7.450167057203856968e-01
9.999999999900673897e-01,1.398833019202524920e-11,9.999999999999998890e-01,9.313455957459144674e-01,9.999999999999982236e-01,6.999999999999999556e-01,4.429759587630669460e-01,-7.556179035134754640e-01
9.999999999985326182e-01,9.587012107689998020e-13,3.125430431362017925e-01,9.999999975716085121e-01,9.999999999998662181e-01,6.999999999999999556e-01,4.429759507516425887e-01,-4.579412234231962087e-01
9.999999999981986631e-01,1.149047734795242730e-14,8.453679818512926936e-01,9.999999995804096375e-01,9.999999999999700240e-01,6.999999999999999556e-01,4.429759565618354711e-01,-6.845281513455813149e-01
9.999999999997619682e-01,2.412289205918050319e-12,1.356465858588318252e-02,9.999999992193281395e-01,9.999999999996861400e-01,6.999999999999999556e-01,4.429759474914309325e-01,-3.307989129510456872e-01
9.999999999984767740e-01,7.971329113192050497e-14,6.393186843257394614e-01,9.999999958136149836e-01,9.999999999995936584e-01,6.999999999999999556e-01,4.429759543149696666e-01,-5.969044802099275904e-01
9.999999999939744866e-01,1.532404675039096892e-13,6.210873833887423645e-01,9.999999977552581631e-01,9.999999999998726574e-01,6.999999999999999556e-01,4.429759541161663039e-01,-5.891515124817795490e-01
9.999999999994189093e-01,1.619248818916605723e-12,6.147923659900134119e-02,9.999999958059762051e-01,9.999999999999950040e-01,6.999999999999999556e-01,4.429759480139157657e-01,-3.511748683434888774e-01
9.999999998979982596e-01,2.263891443659070177e-11,4.793408279646738102e-01,9.999999999393796024e-01,9.999999999999998890e-01,6.999999999999999556e-01,4.429759525704901058e-01,-5.288729588404125215e-01
9.999999999993420818e-01,7.640465750993846628e-14,1.837162263773337856e-01,9.999999962228310890e-01,9.999999999999911182e-01,6.999999999999999556e-01,4.429759493468498066e-01,-4.031568646462960759e-01
9.999999999993628430e-01,3.240468520200818226e-12,7.146453659337289599e-01,9.999999977439546495e-01,9.999999999999991118e-01,6.999999999999999556e-01,4.429759551363698922e-01,-6.289375929040178503e-01
9.999999999999316103e-01,1.943851327542201278e-13,9.999999999999769074e-01,1.910327899022357112e-01,9.999999999999986677e-01,6.999999999999999556e-01,4.429759643168968419e-01,-8.131092928526374441e-01
9.999999999982840393e-01,1.089137586321819918e-12,9.999999999999777955e-01,9.759505110256844196e-01,9.999999999998362421e-01,6.999999999999999556e-01,4.429759584284406748e-01,-7.521539643103766215e-01
9.999999999998833156e-01,1.780691660609171252e-07,4.420649512950395321e-01,9.999999993990160707e-01,9.999999999997615241e-01,6.999999999999999556e-01,4.429759521640164732e-01,-5.130211738810200872e-01
9.999999999999275024e-01,2.555050836436272169e-15,8.307697103303226527e-01,9.999999992038471897e-01,9.999999999999837907e-01,6.999999999999999556e-01,4.429759564026485297e-01,-6.783201508506843114e-01
9.999999999983376631e-01,1.583143983893886669e-12,5.844543360831591094e-01,9.999999962782171181e-01,9.999999999999993339e-01,6.999999999999999556e-01,4.429759537167010097e-01,-5.735730945233031841e-01
9.999999999999430456e-01,4.275831378796825608e-12,7.924400779735402134e-01,9.999999997724465794e-01,9.999999999999298339e-01,6.999999999999999556e-01,4.429759559846828121e-01,-6.620202499969783938e-01
9.999999999999938938e-01,1.217769113569317807e-12,6.863356843958536846e-01,9.999999993742223481e-01,9.999999999999986677e-01,6.999999999999999556e-01,4.429759548276667736e-01,-6.168987347798488008e-01
9.999999999972138953e-01,2.153945996329881450e-12,9.999999999999670264e-01,6.686073756130192502e-02,9.999999999999996669e-01,6.999999999999999556e-01,4.429759652484361321e-01,-8.227522758590589680e-01
9.999999999992669197e-01,1.034174804291269805e-12,8.116475761239536624e-01,9.999999984401649611e-01,9.999999999997233324e-01,6.999999999999999556e-01,4.429759561941311041e-01,-6.701883512635423701e-01
9.999999999998290257e-01,1.362720802297365036e-12,7.157416096139414263e-02,9.999999998608718466e-01,9.999999999999097389e-01,6.999999999999999556e-01,4.429759481239958774e-01,-3.554677937807052546e-01
9.999999999988936628e-01,3.413703450108709785e-13,9.948088679822726377e-01,9.999999979190385968e-01,9.999999999999955591e-01,6.999999999999999556e-01,4.429759581914146094e-01,-7.480787641763207985e-01
9.999999999998403499e-01,1.122226353500354176e-13,9.999999999999993339e-01,1.297336403369582225e-01,9.999999999997603028e-01,6.999999999999999556e-01,4.429759647767633757e-01,-8.178696769035173064e-01
9.999950156597432471e-01,2.335653962708606075e-10,9.185075384015124467e-01,9.999977652754021840e-01,9.999999999999905631e-01,6.999999999999999556e-01,4.429759573594952426e-01,-7.156313481344810379e-01
9.999999999999993339e-01,1.864249776887258641e-13,5.444688014334092552e-01,9.999999976975896265e-01,9.999999999999971134e-01,6.999999999999999556e-01,4.429759532806785138e-01,-5.565690114477018779e-01
9.999999999999816813e-01,1.802932235804995805e-12,1.312204032567571566e-01,9.999999981261145088e-01,9.999999999997654099e-01,6.999999999999999556e-01,4.429759487744087121e-01,-3.808327080389967145e-01
9.999999999991161515e-01,7.346005591649379478e-12,4.109566807017098200e-01,9.999999994422610339e-01,9.999999999999549249e-01,6.999999999999999556e-01,4.429759518247947114e-01,-4.997921994560571290e-01
9.999999999958750774e-01,7.908447338642577724e-13,5.684784723879001689e-01,9.999999966321536649e-01,9.999999999999990008e-01,6.999999999999999556e-01,4.429759535424920847e-01,-5.667792648252177878e-01
9.999999999950415219e-01,1.770860074231508046e-12,3.923480750312328680e-01,9.999999976930650236e-01,9.999999999999560352e-01,6.999999999999999556e-01,4.429759516218770843e-01,-4.918787809650894127e-01
9.999999999994358957e-01,1.309809858758754957e-12,8.934751006467408496e-01,9.999999989359977803e-01,9.999999999999809042e-01,6.999999999999999556e-01,4.429759570864198470e-01,-7.049859856201149411e-01
9.999999999999541478e-01,2.594829001052252892e-12,7.820921704198711133e-01,9.999999997724465794e-01,9.999999999996893596e-01,6.999999999999999556e-01,4.429759558718440182e-01,-6.576197416605938928e-01
9.999999999998385736e-01,1.285320289811539444e-12,9.999999999999749090e-01,5.273487548938107228e-01,9.999999999999575895e-01,6.999999999999999556e-01,4.429759617938530125e-01,-7.869915870245295375e-01
9.999999999993546274e-01,8.714159405633501198e-13,2.207239001734804251e-01,9.999999971471755789e-01,9.999999999999985567e-01,6.999999999999999556e-01,4.429759497504001664e-01,-4.188945947589467478e-01
9.999999999942813522e-01,9.645631160586067875e-13,4.755349460535888140e-01,9.999999985834148175e-01,9.999999999999916733e-01,6.999999999999999556e-01,4.429759525289888034e-01,-5.272544853569373080e-01
9.999999999998394618e-01,1.082007368629901950e-04,1.527444353942726263e-01,9.999999993845520851e-01,9.999999999999920064e-01,6.999999999999999556e-01,4.429759490099752228e-01,-3.899859446744998737e-01
9.999991636823265528e-01,4.139467965616060452e-01,9.999999999999996669e-01,3.988918428997746766e-12,9.999969039800786774e-01,6.999999999999999556e-01,4.429759690307656372e-01,-8.280054226689453900e-01
9.999999999994099165e-01,4.372187473066325902e-14,9.999999999999993339e-01,2.262713686367548993e-01,9.999999999999180655e-01,6.999999999999999556e-01,4.429759640525369191e-01,-8.103727268573431841e-01
9.999999999999944489e-01,1.664151481891252766e-12,9.646209001644719949e-01,9.999999987844228055e-01,9.999999999996728173e-01,6.999999999999999556e-01,4.429759578622297078e-01,-7.352411538628881305e-01
9.999999999993750555e-01,8.862499301255057915e-01,9.999999999999682476e-01,2.895582645239187896e-11,9.999999999999911182e-01,6.999999999999999556e-01,4.429759727739088215e-01,-8.280749181698024985e-01
9.999999999999155120e-01,1.535935143017687310e-12,9.999999999999680256e-01,2.527515055359610963e-02,9.999999999995746736e-01,6.999999999999999556e-01,4.429759655604114110e-01,-8.259817393436256205e-01
9.999999999938958828e-01,9.642690172722975016e-13,3.673132146356382632e-01,9.999999959874823485e-01,9.999999999999916733e-01,6.999999999999999556e-01,4.429759513488842892e-01,-4.812325599848640278e-01
9.999999999945431428e-01,8.379440126645937765e-14,5.791126093341835146e-01,9.999999979108866732e-01,9.999999999997992717e-01,6.999999999999999556e-01,4.429759536584521040e-01,-5.713014937885508848e-01
9.999999999991545652e-01,5.704066439602873166e-12,7.775207940860732192e-01,9.999999998399943246e-01,9.999999999997394307e-01,6.999999999999999556e-01,4.429759558219953930e-01,-6.556757370760578629e-01
9.999999999999026334e-01,1.495594804996194766e-15,5.278479409842417036e-01,9.999999983990133234e-01,9.999999999998629985e-01,6.999999999999999556e-01,4.429759530994362149e-01,-5.495008930724200047e-01
9.999999999981938892e-01,5.050460906218778564e-12,7.481106515781018595e-01,9.999999958180332271e-01,9.999999999999825695e-01,6.999999999999999556e-01,4.429759555012923733e-01,-6.431689019146701325e-01
9.999999999995601296e-01,3.502288794544152280e-13,2.696615790382152489e-01,9.999999981570861785e-01,9.999999999999936717e-01,6.999999999999999556e-01,4.429759502840414087e-01,-4.397056294417777123e-01
9.999999999935301753e-01,1.009473137752653526e-12,9.999999999999653610e-01,6.679287459113522063e-01,9.999999999994965139e-01,6.999999999999999556e-01,4.429759607392212972e-01,-7.760743923818477219e-01
9.999999999999275024e-01,6.443065664354712458e-13,4.637064654282206377e-01,9.999999992038471897e-01,9.999999999997918332e-01,6.999999999999999556e-01,4.429759524000050908e-01,-5.222243545960244537e-01
9.999999999978856913e-01,7.066777088287289181e-12,1.196026535730376206e-01,9.999999977081711622e-01,9.999999999999740208e-01,6.999999999999999556e-01,4.429759486477229391e-01,-3.758921919262773192e-01
9.999999999994180211e-01,6.913954063198931632e-13,6.035462938383783227e-01,9.999999972236481849e-01,9.999999999999675815e-01,6.999999999999999556e-01,4.429759539248893652e-01,-5.816920613829233977e-01
9.999999999985602628e-01,1.268863046283895593e-12,9.999999999999998890e-01,8.269483612713258713e-01,9.999999999999888978e-01,6.999999999999999556e-01,4.429759595462554600e-01,-7.637252089733225224e-01
9.999999999997630784e-01,1.204415223039739369e-14,6.684135782376786628e-01,9.999999965301825666e-01,9.999999999999685807e-01,6.999999999999999556e-01,4.429759546322351027e-01,-6.092772543160042131e-01
9.999999999990352162e-01,3.227439786785890804e-14,1.734111394841709314e-02,9.999999999547746210e-01,9.999999999993675059e-01,6.999999999999999556e-01,4.429759475326112694e-01,-3.324048726711620327e-01
9.999999999944649831e-01,9.465635054884228901e-13,9.694412970878614200e-01,9.999999973615716353e-01,9.999999999999993339e-01,6.999999999999999556e-01,4.429759579147937720e-01,-7.372910560174629202e-01
9.999999999996850297e-01,2.515175915080255746e-10,8.260843548662722968e-01,9.999999752182839874e-01,9.999999999999760192e-01,6.999999999999999556e-01,4.429759563515572318e-01,-6.763276778415227009e-01
9.999999999997619682e-01,1.178206271735484816e-12,2.583473932114571658e-02,9.999999993731321091e-01,9.999999999999872324e-01,6.999999999999999556e-01,4.429759476252300709e-01,-3.360168366865107226e-01
9.999999999998439026e-01,2.152805878586000454e-12,4.832796591028569733e-01,9.999999996093468235e-01,9.999999999997464251e-01,6.999999999999999556e-01,4.429759526134410819e-01,-5.305479698930041232e-01
9.999999999997827294e-01,2.131298421492829646e-13,3.233153415929075347e-01,9.999999973131228348e-01,9.999999999997367661e-01,6.999999999999999556e-01,4.429759508691091807e-01,-4.625222064984900738e-01
9.999999999060950051e-01,2.263891443659070177e-11,9.490314643236025249e-01,9.999999999161011122e-01,9.999999999999998890e-01,6.999999999999999556e-01,4.429759576922345787e-01,-7.286116548138300564e-01
9.999999999999711342e-01,4.715135688705825946e-13,6.606652162164754483e-01,9.999999974398339209e-01,9.999999999997408739e-01,6.999999999999999556e-01,4.429759545477430227e-01,-6.059822178831243411e-01
9.999999999950395235e-01,5.284722266865761749e-15,2.145102773667928453e-02,9.999999984402105913e-01,9.999999999997616351e-01,6.999999999999999556e-01,4.429759475774278643e-01,-3.341526377154721006e-01
9.999999999999723554e-01,9.620876934868298169e-13,5.225118817220928413e-01,9.999999982870670934e-01,9.999999999999993339e-01,6.999999999999999556e-01,4.429759530412491486e-01,-5.472317026049126065e-01
9.999997846244778055e-01,2.320715801923922461e-10,8.818303815346060226e-01,9.999999997361437298e-01,9.999999999999948930e-01,6.999999999999999556e-01,4.429759569594439172e-01,-7.000340004276356387e-01
9.999999999981837862e-01,2.770643694407810139e-13,6.315549407834420981e-01,9.999999958136149836e-01,9.999999999998704370e-01,6.999999999999999556e-01,4.429759542303098874e-01,-5.936029027645545186e-01
9.999999999989790389e-01,2.556583845437635449e-13,9.780857790062933432e-01,9.999999979190385968e-01,9.999999999999955591e-01,6.999999999999999556e-01,4.429759580090575355e-01,-7.409671725758163463e-01
9.999999999978973486e-01,2.509845051618337493e-12,3.968632103631561936e-01,9.999999985815627435e-01,9.999999999999682476e-01,6.999999999999999556e-01,4.429759516711123668e-01,-4.937988686595012888e-01
9.999999999999367173e-01,7.421676036071954938e-15,3.410323528308332186e-01,9.999999993583402746e-01,9.999999999999996669e-01,6.999999999999999556e-01,4.429759510623044738e-01,-4.700564692077712214e-01
9.999999999993318678e-01,2.113467723758868987e-12,1.782620218684621283e-01,9.999999962693513211e-01,9.999999999998676614e-01,6.999999999999999556e-01,4.429759492873743820e-01,-4.008374322083009256e-01
9.999999999997718492e-01,1.163549955940103327e-12,9.278617857542044156e-01,9.999999985018755977e-01,9.999999999999851230e-01,6.999999999999999556e-01,4.429759574613896800e-01,-7.196091250365127534e-01
9.999999999984541255e-01,7.971329113192050497e-14,6.431056912799842928e-01,9.999999979413123352e-01,9.999999999995936584e-01,6.999999999999999556e-01,4.429759543562650781e-01,-5.985149269475303901e-01
9.999999999996015410e-01,1.879195103178109812e-12,9.999999999999994449e-01,9.991122485701935396e-01,9.999999999999932276e-01,6.999999999999999556e-01,4.429759582546812235e-01,-7.503552645431615931e-01
9.999999999994162447e-01,3.672343439533152235e-12,9.828347013665119647e-01,9.999358761238555937e-01,9.999999999998362421e-01,6.999999999999999556e-01,4.429759580613232273e-01,-7.429916592281234911e-01
9.999999999981986631e-01,1.308361484123978593e-12,8.601222740157303814e-01,9.999999995804096375e-01,9.999999999997388755e-01,6.999999999999999556e-01,4.429759567227237738e-01,-6.908025005645642702e-01
9.999999999999032996e-01,4.155036561997055476e-13,1.441927095686381111e-01,9.999999974132329772e-01,9.999999999997482014e-01,6.999999999999999556e-01,4.429759489158653363e-01,-3.863492573836669886e-01
9.999999999996859179e-01,1.157765684104875907e-12,9.999999999999636957e-01,4.679192215424042289e-01,9.999999999998829825e-01,6.999999999999999556e-01,4.429759622396936547e-01,-7.916067799712677155e-01
9.999999999988936628e-01,1.073985095710692849e-12,2.608752166901769365e-01,9.999999979270449701e-01,9.999999999999955591e-01,6.999999999999999556e-01,4.429759501882304384e-01,-4.359691773746293686e-01
9.999999999996140865e-01,5.641278693903546435e-13,9.602475096850003888e-01,9.999999981352981626e-01,9.999999999997659650e-01,6.999999999999999556e-01,4.429759578145400223e-01,-7.333813439792787880e-01
9.999999999990282218e-01,1.995698121873160952e-12,7.394816874759024827e-01,9.999999977440403587e-01,9.999999999999541478e-01,6.999999999999999556e-01,4.429759554071977523e-01,-6.394993842060839873e-01
9.999999999985277332e-01,5.587113258692522249e-12,6.827713218360298431e-01,9.999999975096928173e-01,9.999999999999976685e-01,6.999999999999999556e-01,4.429759547887991977e-01,-6.153829688555486621e-01
9.999999999994745314e-01,3.096029886233027107e-13,9.999999999999986677e-01,8.400412164021450190e-01,9.999999999997785105e-01,6.999999999999999556e-01,4.429759594480328078e-01,-7.627084408920511427e-01
9.999999999988936628e-01,5.523793453803923944e-12,9.376637439865233015e-01,9.999999979190385968e-01,9.999999999999160671e-01,6.999999999999999556e-01,4.429759575682752359e-01,-7.237774652699223710e-01
