9.999999999934786610e-01,1.383859332683947621e-13,9.999999999999571454e-01,4.839085544351184875e-02,9.999999999997573052e-01,5.000000000000000000e-01,4.429759633172130062e-01,-8.036966597655003097e-01
9.999999999992841282e-01,1.360304221883183033e-13,8.576151826291751323e-01,9.999999984109091411e-01,9.999999999999066302e-01,5.000000000000000000e-01,4.429759546256008540e-01,-6.692463907227671482e-01
9.999999999979175547e-01,7.559529336013712567e-14,9.999999999999853451e-01,3.276697256914536394e-01,9.999999999999942268e-01,5.000000000000000000e-01,4.429759612220616760e-01,-7.820083543132118065e-01
9.999999999994017008e-01,1.160530400952614729e-12,6.614647018794459488e-01,9.999999983895733191e-01,9.999999999999956701e-01,5.000000000000000000e-01,4.429759524866767051e-01,-5.858322491466118054e-01
9.999999999983707477e-01,9.046253002450889773e-14,5.453888709098219864e-03,9.999999974734349317e-01,9.999999999999974465e-01,5.000000000000000000e-01,4.429759453332026697e-01,-3.068598060331030331e-01
9.999999999996036504e-01,1.498115827902843437e-12,1.965839062584127661e-01,9.999999958474899975e-01,9.999999999999863443e-01,5.000000000000000000e-01,4.429759474173811662e-01,-3.881389663364077647e-01
9.999999999997906119e-01,1.804855741346310895e-13,9.999999999999944489e-01,8.558290682803840754e-01,9.999999999999753530e-01,5.000000000000000000e-01,4.429759572598079842e-01,-7.409924294796496058e-01
9.999999999991071586e-01,2.097037186852080928e-11,2.812938086626826650e-01,9.999999979405391759e-01,9.999999999997675193e-01,5.000000000000000000e-01,4.429759483411008225e-01,-4.241623486567852597e-01
9.999999999995916600e-01,4.127979420856058197e-12,9.999999999999996669e-01,3.509346963923860030e-01,9.999999999999783507e-01,5.000000000000000000e-01,4.429759610475277887e-01,-7.802016376411126108e-01
9.999999999995995426e-01,2.701656812726548572e-11,9.999999999997061240e-01,1.448355903575047066e-01,9.999999999999042988e-01,5.000000000000000000e-01,4.429759625936841583e-01,-7.962069314221614791e-01
9.999999999999847899e-01,2.636020722710150327e-13,9.999999999999977796e-01,7.004063826848576646e-01,9.999999999999638067e-01,5.000000000000000000e-01,4.429759584257896288e-01,-7.530622816542443809e-01
9.999999999998618883e-01,2.452478865377057981e-11,9.999999999998797628e-01,7.141642504504420730e-01,9.999999999999494849e-01,5.000000000000000000e-01,4.429759583225780784e-01,-7.519938698619944573e-01
9.999999999999760192e-01,1.924424890904173668e-11,6.969924616824668684e-01,9.999999943805537583e-01,9.999999999999764633e-01,5.000000000000000000e-01,4.429759528740894181e-01,-6.009406375427691627e-01
9.999999999983707477e-01,9.046253002450889773e-14,5.366464285677539081e-01,9.999999972229194345e-01,9.999999999999993339e-01,5.000000000000000000e-01,4.429759511255950688e-01,-5.327525469504751365e-01
9.999999999969737541e-01,2.648594345716058076e-12,1.423480785705349971e-01,9.999999957359139158e-01,9.999999999999571454e-01,5.000000000000000000e-01,4.429759468259662492e-01,-3.650748627442451655e-01
9.999999999998869793e-01,1.960662975840451802e-12,9.999999999999998890e-01,3.392807436571607660e-01,9.999999999999950040e-01,5.000000000000000000e-01,4.429759611349557979e-01,-7.811066630965083357e-01
9.999999999994312327e-01,2.669928619477213760e-13,2.490768682426980629e-01,9.999999946011970398e-01,9.999999999999853451e-01,5.000000000000000000e-01,4.429759479897910079e-01,-4.104619061786390910e-01
9.999999999995999866e-01,2.279317823421500670e-13,9.999999999999975575e-01,4.763194282383820255e-01,9.999999999996408429e-01,5.000000000000000000e-01,4.429759601068909425e-01,-7.704644800796539572e-01
9.999999999994456656e-01,1.126717803869192055e-13,9.999999999999894529e-01,8.173742094967937355e-01,9.999999999999268363e-01,5.000000000000000000e-01,4.429759575482964951e-01,-7.439787661211966219e-01
9.999999999999235056e-01,5.619853830282740026e-12,9.999999999999975575e-01,6.300644193808306870e-01,9.999999999999338307e-01,5.000000000000000000e-01,4.429759589534953412e-01,-7.585249147023535032e-01
9.999999999980974108e-01,4.104567913257607528e-12,9.999999999999923395e-01,4.078026172948494010e-01,9.999999999999946709e-01,5.000000000000000000e-01,4.429759606209043854e-01,-7.757853750080033750e-01
9.999999999990433208e-01,4.795768135875114411e-14,3.784333104065635833e-01,9.999999993321566638e-01,9.999999999992366106e-01,5.000000000000000000e-01,4.429759494003591147e-01,-4.654714910003264761e-01
9.999999999970086151e-01,7.993063868134047392e-13,9.634074529062860437e-01,9.999999954213031339e-01,9.999999999999997780e-01,5.000000000000000000e-01,4.429759557792133928e-01,-7.142351739400228938e-01
9.999999999997419842e-01,3.843424675214146143e-16,4.229783135199628452e-01,9.999999970910405933e-01,9.999999999999478195e-01,5.000000000000000000e-01,4.429759498861003952e-01,-4.844145148268034218e-01
9.999999999999841238e-01,6.896771453025054566e-01,9.999999999999833467e-01,1.092148619674379339e-12,9.999999999999972244e-01,5.000000000000000000e-01,4.429759691462070159e-01,-8.075560504024069663e-01
9.999999999999386047e-01,1.452895396644155487e-12,9.999999999999892308e-01,7.484782984304527709e-01,9.999999999999974465e-01,5.000000000000000000e-01,4.429759580651539408e-01,-7.493291012979378385e-01
9.999999999999786837e-01,2.346008758683039394e-11,9.999999999999992228e-01,1.057074224317406386e-01,9.999999999997697397e-01,5.000000000000000000e-01,4.429759628872238508e-01,-7.992455560664298853e-01
9.999999999999932276e-01,6.371818179568234142e-15,2.261422139879143423e-02,9.999999957459488886e-01,9.999999999997506439e-01,5.000000000000000000e-01,4.429759455203276519e-01,-3.141573382205008480e-01
9.999999999968819386e-01,1.594882888672267820e-12,4.101210264629472357e-01,9.999999965227942544e-01,9.999999999999357181e-01,5.000000000000000000e-01,4.429759497458980455e-01,-4.789468781935367625e-01
9.999999999999499289e-01,8.433016738187150085e-13,8.533309418604789753e-01,9.999999977037961063e-01,9.999999999999988898e-01,5.000000000000000000e-01,4.429759545788833353e-01,-6.674244922808264535e-01
9.999999999954686247e-01,9.527722876773255273e-13,1.746154838434144096e-01,9.999999993331755155e-01,9.999999999999028555e-01,5.000000000000000000e-01,4.429759471778263458e-01,-3.787967656767600166e-01
9.999999999997782885e-01,3.119896788918199775e-12,9.675121812532965215e-01,9.999265113555088069e-01,9.999999999999918954e-01,5.000000000000000000e-01,4.429759558245247031e-01,-7.159864403703627422e-01
9.999999999999831246e-01,7.119598988762982311e-13,9.999999999999993339e-01,3.147234672745691242e-01,9.999999999999729106e-01,5.000000000000000000e-01,4.429759613191845413e-01,-7.830137379523628427e-01
9.999999999996920241e-01,7.617771762343037198e-14,9.999999999999615863e-01,4.462888059109104688e-09,9.999999999999192868e-01,5.000000000000000000e-01,4.429759636802413914e-01,-8.074546080709618101e-01
9.999999999994978461e-01,3.233622850019333466e-12,5.792178544903464621e-01,9.999999984235765638e-01,9.999999999999942268e-01,5.000000000000000000e-01,4.429759515898154532e-01,-5.508562952420855696e-01
9.999999999995181632e-01,3.831640741131383212e-13,9.999999999999823475e-01,1.827584788455025588e-01,9.999999999999619194e-01,5.000000000000000000e-01,4.429759623091865106e-01,-7.932619066572578204e-01
9.999999999999386047e-01,1.491235267720805474e-12,9.999999999999892308e-01,3.849144474261351201e-02,9.999999999999974465e-01,5.000000000000000000e-01,4.429759633914784334e-01,-8.044654305742445777e-01
9.999999999991096011e-01,1.044512878403735940e-12,1.378750127832076289e-01,9.999999995422329535e-01,9.999999999995988764e-01,5.000000000000000000e-01,4.429759467771896553e-01,-3.631726650059482475e-01
9.999999999948208096e-01,7.987237226216600338e-13,3.099214128610370267e-01,9.999999970011544947e-01,9.999999999999993339e-01,5.000000000000000000e-01,4.429759486532707236e-01,-4.363364052015076266e-01
9.999999999984422461e-01,4.079762648182302967e-11,9.999999999999980016e-01,5.308311994828476266e-01,9.999999999999948930e-01,5.000000000000000000e-01,4.429759596979434000e-01,-7.662311918813718981e-01
9.999999999968924858e-01,7.635296035837029033e-13,5.628830084888281071e-01,9.999999958294544244e-01,9.999999999999796829e-01,5.000000000000000000e-01,4.429759514116920482e-01,-5.439098064425625934e-01
9.999999999996195266e-01,4.533036833415400645e-13,4.184237292378606976e-01,9.999999955592394629e-01,9.999999999999987788e-01,5.000000000000000000e-01,4.429759498364349568e-01,-4.824776512856093769e-01
9.999999999991446842e-01,9.631607098637569245e-13,4.448500323916281807e-01,9.999999979352613977e-01,9.999999999999369393e-01,5.000000000000000000e-01,4.429759501246007258e-01,-4.937155914017082869e-01
9.999999999999226175e-01,2.005931382361140151e-12,9.999999999999998890e-01,3.648435815877819621e-01,9.999999999999945599e-01,5.000000000000000000e-01,4.429759609431832557e-01,-7.791214981005080142e-01
9.999999999999179545e-01,1.653777068684730251e-12,9.999998238806691031e-01,6.864512246430992670e-01,9.999999999999887867e-01,5.000000000000000000e-01,4.429759585304793856e-01,-7.541459397670592368e-01
9.999999999975559550e-01,1.936614881641477316e-12,9.999999999999615863e-01,7.601459299859303353e-02,9.999999999997578604e-01,5.000000000000000000e-01,4.429759631099796091e-01,-8.015514489325114011e-01
9.999999999999846789e-01,3.108066856268463441e-13,4.998208835738602307e-01,9.999999983856550090e-01,9.999999999999317213e-01,5.000000000000000000e-01,4.429759507240306760e-01,-5.170922680164961038e-01
9.999999999980238030e-01,4.061108190181309604e-12,9.999999999999975575e-01,5.529147830156411203e-01,9.999999999999951150e-01,5.000000000000000000e-01,4.429759595322722565e-01,-7.645162196570568502e-01
9.999999999977818854e-01,1.245790265460981694e-12,9.999999999999998890e-01,8.429252186841186267e-01,9.999999999999812372e-01,5.000000000000000000e-01,4.429759573566127151e-01,-7.419945197250977786e-01
9.999999999999825695e-01,1.254938634084760601e-13,3.829958708951565205e-01,9.999999954848894923e-01,9.999999999999916733e-01,5.000000000000000000e-01,4.429759494501116501e-01,-4.674117468878921100e-01
9.999999999999972244e-01,1.218795718207141487e-12,3.151149439922429352e-02,9.999999998223818576e-01,9.999999999998955280e-01,5.000000000000000000e-01,4.429759456173479881e-01,-3.179409553943562949e-01
9.999999999997979394e-01,1.960662975840451802e-12,9.999999999999998890e-01,1.705189925152448271e-01,9.999999999999984457e-01,5.000000000000000000e-01,4.429759624010071728e-01,-7.942124036212360183e-01
9.999999999954550800e-01,7.987237226216600338e-13,3.346810301404626875e-01,9.999999970011544947e-01,9.999999999999993339e-01,5.000000000000000000e-01,4.429759489232621417e-01,-4.468655775658870732e-01
9.999999999999775735e-01,2.555796190547792905e-13,9.553841801388733845e-01,9.999999979319347254e-01,9.999999999997658540e-01,5.000000000000000000e-01,4.429759556917235441e-01,-7.108232299756166439e-01
9.999999999954495289e-01,7.964969123286756316e-12,8.809407944480397434e-01,9.999999948203968092e-01,9.999999999998889777e-01,5.000000000000000000e-01,4.429759548799551694e-01,-6.791657441387485283e-01
9.999999999995747846e-01,2.793379280191355882e-13,9.999999999999961142e-01,2.586624559070332952e-01,9.999999999999981126e-01,5.000000000000000000e-01,4.429759617397545091e-01,-7.873673374117226009e-01
9.999999999998998579e-01,1.167459780518601925e-12,9.999999999999996669e-01,2.879616161114073036e-01,9.999999999999815703e-01,5.000000000000000000e-01,4.429759615199521106e-01,-7.850920162055788909e-01
9.999999999995916600e-01,1.978028202238246507e-13,9.999999999999996669e-01,1.989671589060098000e-01,9.999999999999620304e-01,5.000000000000000000e-01,4.429759621875888898e-01,-7.920031690957211046e-01
9.999999999998722133e-01,1.545962385854410215e-11,9.151772698298519249e-01,9.999999984424666755e-01,9.999999999999753530e-01,5.000000000000000000e-01,4.429759552532870348e-01,-6.937250056742051418e-01
9.999999999977252640e-01,2.821831949604097867e-13,7.515255921864426591e-01,9.999999982156160261e-01,9.999999999999706901e-01,5.000000000000000000e-01,4.429759534687462974e-01,-6.241311706102748991e-01
9.999999999976204590e-01,1.383187220263888040e-12,1.145756151274592849e-01,9.999999980229613561e-01,9.999999999998656630e-01,5.000000000000000000e-01,4.429759465231212223e-01,-3.532644597126967101e-01
9.999999999992975619e-01,1.831756360087609868e-13,8.464127898075426981e-02,9.999999987002374802e-01,9.999999999999629186e-01,5.000000000000000000e-01,4.429759461967021084e-01,-3.405347077684280910e-01
9.999999999999792388e-01,1.198778982990762386e-11,9.999999999999988898e-01,2.731904640934949002e-01,9.999999999989301891e-01,5.000000000000000000e-01,4.429759616307653580e-01,-7.862391178695001814e-01
9.999999999999698019e-01,4.795768135875114411e-14,2.376532912268295994e-01,9.999999993029231593e-01,9.999999999992366106e-01,5.000000000000000000e-01,4.429759478652225413e-01,-4.056039627334838693e-01
9.999999999966519004e-01,1.239000653024390467e-12,9.999999999999998890e-01,7.756256745190367452e-01,9.999999999997564171e-01,5.000000000000000000e-01,4.429759578614941851e-01,-7.472208838586872348e-01
9.999999999952708940e-01,1.318907260106458099e-12,7.446320463475553098e-01,9.999999964536765429e-01,9.999999999999934497e-01,5.000000000000000000e-01,4.429759533935755944e-01,-6.211996499756861079e-01
9.999999999999454880e-01,9.053873902437267381e-13,4.871469389782612236e-02,9.999999945050861427e-01,9.999999999999674705e-01,5.000000000000000000e-01,4.429759458049404297e-01,-3.252567172221524361e-01
9.999999999994858557e-01,2.656506354769439674e-13,6.702647235630031508e-01,9.999999983895733191e-01,9.999999999999956701e-01,5.000000000000000000e-01,4.429759525826366118e-01,-5.895745099443309156e-01
9.999999999949031881e-01,3.877261095832420937e-13,9.999999999999859002e-01,6.166189146790403974e-01,9.999999999999926725e-01,5.000000000000000000e-01,4.429759590543635994e-01,-7.595690689297486253e-01
9.999999999999916733e-01,1.272207787426709519e-12,2.687010062705735836e-02,9.999999964846316702e-01,9.999999999999941158e-01,5.000000000000000000e-01,4.429759455667359180e-01,-3.159671757480334575e-01
9.999999999999854561e-01,1.387371967071764133e-12,9.999996374083195416e-01,5.671717816643508936e-01,9.999999999999887867e-01,5.000000000000000000e-01,4.429759594253122601e-01,-7.634088920437952508e-01
9.999999999997970512e-01,1.429532911767661151e-12,5.165864402538663525e-01,9.999999987644035970e-01,9.999999999999988898e-01,5.000000000000000000e-01,4.429759509068508239e-01,-5.242219192291029950e-01
9.999999999999694689e-01,5.653683976849516144e-13,9.999999999999998890e-01,5.179914056043214421e-01,9.999999999995521360e-01,5.000000000000000000e-01,4.429759597942676264e-01,-7.672283076718687811e-01
9.999999999965917263e-01,8.690608692346537555e-13,1.593953968459494719e-01,9.999999973258978381e-01,9.999999999999730216e-01,5.000000000000000000e-01,4.429759470118588283e-01,-3.723243346318393376e-01
9.999999999975677234e-01,1.158139282336651923e-12,9.999999999999752420e-01,9.516512165381755262e-01,9.999999999999267253e-01,5.000000000000000000e-01,4.429759565409497890e-01,-7.335510501204919320e-01
9.999999999995833333e-01,3.256586713857436183e-12,7.336021253742913695e-02,9.999999981795775206e-01,9.999999999998853140e-01,5.000000000000000000e-01,4.429759460736876209e-01,-3.357373681854988190e-01
9.999999999999491518e-01,8.193680386271113846e-13,1.028523642217876732e-02,9.999999991253690768e-01,9.999999999999920064e-01,5.000000000000000000e-01,4.429759453858861384e-01,-3.089143648358142480e-01
9.999999999991829869e-01,3.104229659747972726e-12,2.321571358128157736e-01,9.999999960934626841e-01,9.999999999999915623e-01,5.000000000000000000e-01,4.429759478052897048e-01,-4.032666906798402229e-01
9.999999999997359890e-01,9.173119080017797114e-14,8.964630540870260900e-01,9.999999996186699214e-01,1.000000000000000000e+00,5.000000000000000000e-01,4.429759550492177178e-01,-6.857666756536048291e-01
9.999999999993772759e-01,1.957354394781463777e-12,7.712443845882671623e-02,9.999999995359434291e-01,9.999999999999953371e-01,5.000000000000000000e-01,4.429759461147346200e-01,-3.373381272156886768e-01
9.999999999975818232e-01,1.114209614011023804e-11,9.999999999999952260e-01,6.058980959067075123e-01,9.999999999999744649e-01,5.000000000000000000e-01,4.429759591347912084e-01,-7.604016288437952520e-01
9.999999999999921174e-01,9.282145672901796006e-14,3.924329889193657328e-01,9.999999956904518372e-01,9.999999999999371614e-01,5.000000000000000000e-01,4.429759495530187219e-01,-4.714249366231838545e-01
9.999999999989724886e-01,3.059480324883230200e-12,3.210891392828279511e-01,9.999999974927323843e-01,9.999999999999926725e-01,5.000000000000000000e-01,4.429759487750492553e-01,-4.410855462783666026e-01
9.999999999975677234e-01,1.158139282336651923e-12,9.999999999999752420e-01,8.926902691882656615e-01,9.999999999999367173e-01,5.000000000000000000e-01,4.429759569832750765e-01,-7.381298535035382136e-01
9.999999999999193978e-01,2.669928619477213760e-13,7.486827748806763605e-01,9.999999983673113491e-01,9.999999999999853451e-01,5.000000000000000000e-01,4.429759534377467611e-01,-6.229222458774607007e-01
9.999999999995693445e-01,2.590637170205764608e-14,2.731834347936501484e-01,9.999999997060429191e-01,9.999999999994788613e-01,5.000000000000000000e-01,4.429759482526611780e-01,-4.207133644967749886e-01
9.999999999971987963e-01,1.032642114447438362e-14,2.142492198196741804e-01,9.999999996273448710e-01,9.999999999999352740e-01,5.000000000000000000e-01,4.429759476100126880e-01,-3.956512441709757466e-01
9.999999999969167996e-01,2.081094537261135205e-13,6.517622933558585574e-01,9.999999987255804301e-01,9.999999999999873435e-01,5.000000000000000000e-01,4.429759523808767252e-01,-5.817062430294693831e-01
9.999999999995817790e-01,1.413269685212534521e-12,7.913972946092862060e-01,9.999999971243835883e-01,9.999999999999997780e-01,5.000000000000000000e-01,4.429759539035275084e-01,-6.410868458382145141e-01
9.999999999958220087e-01,2.314564993613763837e-13,9.999999999999970024e-01,9.316215956604644299e-01,9.999999999997514211e-01,5.000000000000000000e-01,4.429759566912120916e-01,-7.351065152200358943e-01
9.999999999999322764e-01,6.713804229375415212e-13,4.686098352281526935e-01,9.999999956384335587e-01,9.999999999999977796e-01,5.000000000000000000e-01,4.429759503836896428e-01,-5.038195869928291382e-01
9.999999999948756546e-01,8.199705113496699335e-14,3.384279513770611647e-01,9.999999956879447316e-01,9.999999999999996669e-01,5.000000000000000000e-01,4.429759489641204584e-01,-4.484589778838864449e-01
9.999999999999796829e-01,2.560077080931870965e-12,9.999999999999992228e-01,1.572822728718486496e-01,9.999999999997697397e-01,5.000000000000000000e-01,4.429759625003090728e-01,-7.952403439682621533e-01
9.999999999967335018e-01,1.335187294157170308e-12,8.050370881473893903e-01,9.999999994554699123e-01,9.999999999999937828e-01,5.000000000000000000e-01,4.429759540522626993e-01,-6.468872478018296013e-01
9.999999999998550049e-01,2.549590604149915239e-12,6.076613622798396896e-01,9.999999979022251573e-01,9.999999999999972244e-01,5.000000000000000000e-01,4.429759518999778489e-01,-5.629520636773747144e-01
9.999999999935414996e-01,3.430001497274275681e-12,1.547944741896553622e-01,9.999999993256520892e-01,9.999999999999237277e-01,5.000000000000000000e-01,4.429759469616880163e-01,-3.703677651504718726e-01
9.999999999999232836e-01,6.753533258150336652e-13,5.326142004315533862e-01,9.999999983325353892e-01,9.999999999999930056e-01,5.000000000000000000e-01,4.429759510816256296e-01,-5.310378182169573913e-01
9.999999999999974465e-01,3.024459950476513982e-13,9.999999999999853451e-01,1.202321449397302233e-01,9.999999999999674705e-01,5.000000000000000000e-01,4.429759627782593467e-01,-7.981175916846569018e-01
9.999999999996216360e-01,1.220109233240944468e-15,7.654598020504994604e-01,9.999999955946670127e-01,9.999999999999641398e-01,5.000000000000000000e-01,4.429759536206919757e-01,-6.300567752265971988e-01
9.999999999995878852e-01,1.021196044600532379e-12,8.190212362949007563e-01,9.999999997069208835e-01,9.999999999999986677e-01,5.000000000000000000e-01,4.429759542047529419e-01,-6.528340887433971007e-01
9.999999999997308819e-01,2.484566099007791155e-12,9.294711619738389441e-01,9.999999988508257998e-01,9.999999999999954481e-01,5.000000000000000000e-01,4.429759554091548535e-01,-6.998035670526155938e-01
9.999999999999638067e-01,2.844640061739775094e-13,2.581399542994270990e-01,9.999999997242605687e-01,9.999999999999864553e-01,5.000000000000000000e-01,4.429759480886194534e-01,-4.143160362448742307e-01
9.999999999994012567e-01,1.013266611519204563e-12,4.278731099024268847e-01,9.999999956635133858e-01,9.999999999999855671e-01,5.000000000000000000e-01,4.429759499394757549e-01,-4.864960557875416258e-01
9.999999999996252997e-01,3.790627615279495172e-11,8.612644231086492574e-01,9.999999977053061206e-01,9.999999999999636957e-01,5.000000000000000000e-01,4.429759546653940228e-01,-6.707982516794767092e-01
9.999999999992337241e-01,9.978278018545829742e-01,9.999999999999779066e-01,1.092148619674379339e-12,9.999999999999996669e-01,5.000000000000000000e-01,4.429759715884235005e-01,-8.076013751080143299e-01
9.999999999949339413e-01,9.425999988876790447e-12,9.755816527300109620e-01,9.999999999615559743e-01,9.999999999999994449e-01,5.000000000000000000e-01,4.429759559119669787e-01,-7.194123234147368207e-01
9.999999999951310059e-01,1.208543793139386002e-12,3.063197059849370185e-01,9.999999991886576733e-01,9.999999999999317213e-01,5.000000000000000000e-01,4.429759486139958624e-01,-4.348047580725863392e-01
9.999999999999825695e-01,3.464346329425155536e-13,9.999999999999950040e-01,5.948113191579161574e-02,9.999999999999221734e-01,5.000000000000000000e-01,4.429759632340136699e-01,-8.028354084164049942e-01
9.999999999994211297e-01,1.174068450163946327e-13,6.560656620585759713e-01,9.999999999552482421e-01,9.999999999999834577e-01,5.000000000000000000e-01,4.429759524278028548e-01,-5.835362756968235365e-01
9.999999999999591438e-01,1.429532911767661151e-12,6.765884235838136584e-01,9.999999989160147651e-01,9.999999999999988898e-01,5.000000000000000000e-01,4.429759526515934520e-01,-5.922637003993583837e-01
9.999999999999390488e-01,6.320773743577872798e-12,8.087173515872191354e-01,9.999999985156690085e-01,9.999999999999655831e-01,5.000000000000000000e-01,4.429759540923941530e-01,-6.484523014733593049e-01
9.999999999975267562e-01,2.089777049543486695e-13,9.999999999999952260e-01,5.923615712796154176e-01,9.999999999999930056e-01,5.000000000000000000e-01,4.429759592363423093e-01,-7.614528515186894664e-01
9.999999999997042366e-01,6.334646831803431754e-12,4.328865312710601376e-01,9.999999983570361239e-01,9.999999999999698019e-01,5.000000000000000000e-01,4.429759499941446355e-01,-4.886280423997725331e-01
9.999999999947818408e-01,7.034548619119236341e-13,3.252923203304554645e-01,9.999999970011544947e-01,9.999999999999997780e-01,5.000000000000000000e-01,4.429759488208828699e-01,-4.428729736914730486e-01
9.999999999968924858e-01,7.576432958950516649e-13,5.530859403535610674e-01,9.999999958294544244e-01,9.999999999999995559e-01,5.000000000000000000e-01,4.429759513048598385e-01,-5.397435457972560302e-01
9.999999999999863443e-01,2.277904060886262855e-13,3.483900300930248828e-01,9.999999964010346520e-01,9.999999999999993339e-01,5.000000000000000000e-01,4.429759490727520066e-01,-4.526954101912771256e-01
9.999999999999782396e-01,1.110547345228888500e-13,2.536170700263583599e-01,9.999999992483428191e-01,9.999999999999916733e-01,5.000000000000000000e-01,4.429759480392996274e-01,-4.123926532363829667e-01
9.999999999999318323e-01,1.469093144276013917e-12,9.999999999999998890e-01,4.213477483869934037e-01,9.999999999997715161e-01,5.000000000000000000e-01,4.429759605192887251e-01,-7.747334839705647402e-01
9.999999999999226175e-01,3.268621292657693865e-12,9.999999999999998890e-01,9.419163592031171151e-01,9.999999999999945599e-01,5.000000000000000000e-01,4.429759566139807592e-01,-7.343070420051386327e-01
9.999999999999280575e-01,1.203901849690971914e-13,5.095321515984138072e-01,9.999999980337723748e-01,9.999999999999944489e-01,5.000000000000000000e-01,4.429759508299273008e-01,-5.212220416885561258e-01
9.999999999967292830e-01,1.476535200561846723e-13,9.999999999999998890e-01,6.713920620422436647e-01,9.999999999999819034e-01,5.000000000000000000e-01,4.429759586434551810e-01,-7.553154827221272294e-01
9.999999999950198726e-01,1.165909242985917248e-13,8.223060653889942007e-01,9.999999952949590876e-01,9.999999999999934497e-01,5.000000000000000000e-01,4.429759542405724004e-01,-6.542309819113839575e-01
9.999999999948371299e-01,3.968035452869001963e-12,9.449367942445935364e-02,9.999999956740952545e-01,9.999999999999993339e-01,5.000000000000000000e-01,4.429759463041376688e-01,-3.447244990373131701e-01
9.999999999963439246e-01,9.531054018576026269e-14,9.999999999999998890e-01,4.479603519441031079e-01,9.999999999998496758e-01,5.000000000000000000e-01,4.429759603196408713e-01,-7.726667960241900834e-01
9.999999999992389421e-01,2.033248442826950200e-12,4.114656106462794005e-02,9.999999997744635216e-01,9.999999999999388267e-01,5.000000000000000000e-01,4.429759457224136665e-01,-3.220383239683505261e-01
9.999999999999348299e-01,1.977049133261513464e-12,9.999999999999892308e-01,7.388219735885265260e-01,9.999999999999974465e-01,5.000000000000000000e-01,4.429759581375957156e-01,-7.500789944872309212e-01
9.999999999999684697e-01,2.512581695938652441e-11,9.243283967557349712e-01,9.999999979956974983e-01,9.999999999999990008e-01,5.000000000000000000e-01,4.429759553530755456e-01,-6.976165760692006890e-01
9.999999999998571143e-01,1.216121640353286628e-13,5.051740161199631540e-01,9.999999999877888790e-01,9.999999999995159428e-01,5.000000000000000000e-01,4.429759507824039266e-01,-5.193687188826200396e-01
9.999999999993772759e-01,1.957354394781463777e-12,2.230765057863599576e-01,9.999999995359434291e-01,9.999999999999953371e-01,5.000000000000000000e-01,4.429759477062698569e-01,-3.994050992716674520e-01
9.999999999999975575e-01,6.157723218303079100e-12,6.815654632709581273e-01,9.999999984945444620e-01,9.999999999998440137e-01,5.000000000000000000e-01,4.429759527058655943e-01,-5.943802157305370093e-01
9.999999999988934407e-01,7.633258224323150089e-13,9.999999999998231415e-01,6.426102114107691277e-01,9.999999999999623634e-01,5.000000000000000000e-01,4.429759588593767949e-01,-7.575506305783420435e-01
9.999999999969167996e-01,2.081094537261135205e-13,6.921424951941000936e-01,9.999999987255804301e-01,9.999999999999966693e-01,5.000000000000000000e-01,4.429759528212028896e-01,-5.988781605300356192e-01
9.999999999999701350e-01,8.812164023392341296e-14,4.773984392627720896e-01,9.999999959613349310e-01,9.999999999999957812e-01,5.000000000000000000e-01,4.429759504795250380e-01,-5.075569923438413289e-01
9.999999999998111511e-01,1.922282865903669174e-11,2.435439118838937933e-01,9.999999996523404322e-01,9.999999999999998890e-01,5.000000000000000000e-01,4.429759479294568258e-01,-4.081089836658228220e-01
9.999999999999854561e-01,1.387371967071764133e-12,9.999133120298023814e-01,5.808032852409992230e-01,9.999999999999887867e-01,5.000000000000000000e-01,4.429759593221073155e-01,-7.623135830982820105e-01
9.999999999999290567e-01,5.772318860805377066e-14,9.999999999999933387e-01,2.421993127269201351e-01,9.999999999996609379e-01,5.000000000000000000e-01,4.429759618632611029e-01,-7.886458361315319410e-01
9.999999999999625855e-01,2.460210890413186111e-13,8.272008809837461119e-01,9.999999977317821642e-01,9.999999999997349898e-01,5.000000000000000000e-01,4.429759542939479267e-01,-6.563125307413312237e-01
9.999999999999775735e-01,1.921240421491087567e-12,9.392982029613480277e-01,9.999999979319347254e-01,9.999999999997658540e-01,5.000000000000000000e-01,4.429759555163139129e-01,-7.039825738995219018e-01
9.999999999960813568e-01,1.591925910035343397e-12,1.787218403392528132e-01,9.999999953948847109e-01,9.999999999994665378e-01,5.000000000000000000e-01,4.429759472226041939e-01,-3.805430181497119202e-01
9.999999999993851585e-01,5.247398957445010665e-13,1.877634799569637969e-01,9.999999989537314837e-01,9.999999999999101830e-01,5.000000000000000000e-01,4.429759473211987708e-01,-3.843880281139194777e-01
9.999999999995999866e-01,1.202877186664541333e-13,9.999999999999975575e-01,3.941465208335224735e-01,9.999999999996381783e-01,5.000000000000000000e-01,4.429759607233524910e-01,-7.768458834197938812e-01
9.999999999995630162e-01,7.494874264642078292e-16,1.193067381881990907e-01,9.999999978388157684e-01,9.999999999999970024e-01,5.000000000000000000e-01,4.429759465747117875e-01,-3.552763975378986361e-01
9.999999999965217823e-01,5.619853830282740026e-12,9.999999999999861222e-01,1.336727528010599741e-01,9.999999999999338307e-01,5.000000000000000000e-01,4.429759626774278369e-01,-7.970738177367614474e-01
9.999999999998493427e-01,8.003505196295662820e-12,7.018881485587121771e-01,9.999999988239968163e-01,9.999999999999784617e-01,5.000000000000000000e-01,4.429759529274744367e-01,-6.030225567349377647e-01
9.999999999990155652e-01,3.059480324883230200e-12,2.845606235921835370e-01,9.999999974927323843e-01,9.999999999999926725e-01,5.000000000000000000e-01,4.429759483767238271e-01,-4.255515808867570415e-01
9.999999999991434629e-01,6.974287871968814162e-15,4.864560951188324767e-01,9.999999989350630836e-01,9.999999999999762412e-01,5.000000000000000000e-01,4.429759505782942530e-01,-5.114088133518951418e-01
9.999999999996460609e-01,1.274735586948576277e-11,6.124249777632899683e-01,9.999999992670302040e-01,9.999999999999988898e-01,5.000000000000000000e-01,4.429759519519227418e-01,-5.649778189751916146e-01
9.999999999951832974e-01,1.165909242985917248e-13,7.965856904929453641e-01,9.999999955584134570e-01,9.999999999997374323e-01,5.000000000000000000e-01,4.429759539601044183e-01,-6.432932417180122764e-01
9.999999999997876143e-01,1.365523289138616017e-13,5.940821303591270475e-01,9.999999957693416208e-01,9.999999999999859002e-01,5.000000000000000000e-01,4.429759517519030743e-01,-5.571774158811749755e-01
9.999999999996102007e-01,2.549590604149915239e-12,3.541861093270864957e-01,9.999999979022251573e-01,9.999999999999980016e-01,5.000000000000000000e-01,4.429759491359553936e-01,-4.551602267394402324e-01
9.999999999999359401e-01,1.975621542167179295e-12,5.692850583364001960e-01,9.999999981731719778e-01,9.999999999999905631e-01,5.000000000000000000e-01,4.429759514815032051e-01,-5.466323154814632934e-01
9.999999999999976685e-01,1.321450901572865561e-13,9.999999999999887867e-01,6.562704396499802195e-01,9.999999999999671374e-01,5.000000000000000000e-01,4.429759587568976587e-01,-7.564898012989110798e-01
9.999999999996052047e-01,1.374229626671775768e-13,9.999999999999987788e-01,7.272915189978175210e-01,9.999999999999855671e-01,5.000000000000000000e-01,4.429759582240972438e-01,-7.509744292938663746e-01
9.999999999995916600e-01,1.985233452368323698e-13,9.999999999999996669e-01,2.142965957592408710e-01,9.999999999999620304e-01,5.000000000000000000e-01,4.429759620725873814e-01,-7.908127120136715371e-01
9.999999999996498357e-01,3.163835912097457119e-12,5.219220909937655195e-01,9.999999992536139359e-01,9.999999999999545919e-01,5.000000000000000000e-01,4.429759509650334492e-01,-5.264909359403618927e-01
9.999999999990545341e-01,1.040742372843062155e-12,6.210774959385855221e-01,9.999999987370348231e-01,9.999999999999786837e-01,5.000000000000000000e-01,4.429759520462741573e-01,-5.686573530832946810e-01
9.999999999993870459e-01,1.521370530080429635e-13,2.058325191331584481e-01,9.999999989747350160e-01,9.999999999996587174e-01,5.000000000000000000e-01,4.429759475182327155e-01,-3.920719929238846158e-01
9.999999999993851585e-01,2.318041489932919669e-14,2.104101329012581512e-01,9.999999989537314837e-01,9.999999999999101830e-01,5.000000000000000000e-01,4.429759475681493419e-01,-3.940186500110681722e-01
9.999999999994856337e-01,3.831640741131383212e-13,9.999999999999823475e-01,9.739955968773994499e-01,9.999999999999990008e-01,5.000000000000000000e-01,4.429759563733221550e-01,-7.318158248757505868e-01
9.999999999999494849e-01,1.491235267720805474e-12,9.999999999999913403e-01,2.543362164474505249e-02,9.999999999999974465e-01,5.000000000000000000e-01,4.429759634894382403e-01,-8.054794781309265739e-01
9.999999999948756546e-01,8.431562207236949995e-14,3.695620484328260291e-01,9.999999956879447316e-01,9.999999999998965272e-01,5.000000000000000000e-01,4.429759493036224405e-01,-4.616989351346688641e-01
9.999999999994012567e-01,9.006207108415743220e-14,2.065491000458052895e-09,9.999999956635133858e-01,9.999999999999960032e-01,5.000000000000000000e-01,4.429759452737307424e-01,-3.045405089125922116e-01
9.999999999999318323e-01,1.469093144276013917e-12,9.999999999999998890e-01,3.027584993907889155e-01,9.999999999997598588e-01,5.000000000000000000e-01,4.429759614089457953e-01,-7.839429162960861452e-01
9.999999999976160181e-01,3.190046518348243802e-12,3.131432175035800958e-01,9.999999992600870913e-01,9.999999999999845679e-01,5.000000000000000000e-01,4.429759486884028985e-01,-4.377064963331546155e-01
9.999999999993494093e-01,1.076779045032876588e-12,4.488628998375288059e-01,9.999999978977688331e-01,9.999999999999672484e-01,5.000000000000000000e-01,4.429759501683590561e-01,-4.954220868057009897e-01
9.999999999964603870e-01,9.883902319614860190e-14,5.747173738595181547e-01,9.999999959606339361e-01,9.999999999999737987e-01,5.000000000000000000e-01,4.429759515407399872e-01,-5.489424396680172569e-01
9.999999999999774625e-01,1.200368212351773356e-12,1.290261361029836351e-01,9.999999945329305362e-01,9.999999999999672484e-01,5.000000000000000000e-01,4.429759466806970636e-01,-3.594096287233113918e-01
9.999999999956831198e-01,4.713123838708459387e-14,6.507703595578595568e-02,9.999999956068016393e-01,9.999999999999851230e-01,5.000000000000000000e-01,4.429759459833637059e-01,-3.322148989958618737e-01
9.999999999960813568e-01,1.591620989155630473e-12,2.272859723633726681e-01,9.999999953948847109e-01,9.999999999995362598e-01,5.000000000000000000e-01,4.429759477521720834e-01,-4.011951999274697700e-01
9.999999999992822408e-01,1.500064717416438712e-12,8.314837038001472447e-01,9.999999978573791415e-01,9.999999999999518163e-01,5.000000000000000000e-01,4.429759543406500133e-01,-6.581338262368964243e-01
9.999999999991114885e-01,3.812744205444099874e-14,3.016055365100780428e-01,9.999999978884477336e-01,9.999999999999659162e-01,5.000000000000000000e-01,4.429759485625902049e-01,-4.328000299749646951e-01
9.999999999995878852e-01,1.017553162945047857e-12,6.246863921547214371e-01,9.999999998242182775e-01,9.999999999999986677e-01,5.000000000000000000e-01,4.429759520856274002e-01,-5.701920572659459063e-01
9.999999999999318323e-01,2.608719425659221232e-12,9.999999999999998890e-01,4.608389882021418082e-01,9.999999999997594147e-01,5.000000000000000000e-01,4.429759602230252669e-01,-7.716666638019070712e-01
9.999999999997809530e-01,2.272988771891047212e-15,9.999999999999961142e-01,9.052995565846413406e-01,9.999999999997777334e-01,5.000000000000000000e-01,4.429759568886801335e-01,-7.371506384394416189e-01
9.999999999994207966e-01,1.075363997514004252e-13,1.111255807129572504e-01,9.999999979594973443e-01,9.999999999999936717e-01,5.000000000000000000e-01,4.429759464855003159e-01,-3.517973123626300103e-01
9.999999999998598899e-01,1.126860513381999705e-12,9.999999999999894529e-01,7.629496082723612460e-01,9.999999999997811750e-01,5.000000000000000000e-01,4.429759579565900607e-01,-7.482052848494397113e-01
9.999999999971472819e-01,3.913479989313240078e-12,9.886765144425785357e-02,9.999999952195391950e-01,9.999999999999954481e-01,5.000000000000000000e-01,4.429759463518336826e-01,-3.465845563104118510e-01
9.999999999980238030e-01,4.131041423047118410e-12,9.999999999999975575e-01,9.878785953205424519e-01,9.999999999999964473e-01,5.000000000000000000e-01,4.429759562691718555e-01,-7.307376956540502233e-01
9.999999999999028555e-01,5.504008866086575710e-14,7.414721192820356022e-01,9.999999956310634541e-01,9.999999999999658051e-01,5.000000000000000000e-01,4.429759533591181575e-01,-6.198558725345989506e-01
9.999999999995164979e-01,1.193163834394320028e-12,2.777659716342902319e-01,9.999999957393617134e-01,9.999999999999277245e-01,5.000000000000000000e-01,4.429759483026315392e-01,-4.226621154542279379e-01
9.999999999999223954e-01,7.673001091443771930e-13,4.739154537377364695e-01,9.999999995422329535e-01,9.999999999999579225e-01,5.000000000000000000e-01,4.429759504415447524e-01,-5.060758320569119784e-01
9.999999999995905497e-01,1.164561555595447273e-13,6.660825050680672099e-01,9.999999981142991823e-01,9.999999999998248068e-01,5.000000000000000000e-01,4.429759525370315920e-01,-5.877959970381235744e-01
9.999999999994658717e-01,1.430241978387905709e-12,2.184918139118134095e-01,9.999999979285603136e-01,9.999999999999638067e-01,5.000000000000000000e-01,4.429759476562760701e-01,-3.974554323062974293e-01
9.999999999992827959e-01,4.551031210565623738e-12,8.492306154937350193e-01,9.999999997078226066e-01,9.999999999999928946e-01,5.000000000000000000e-01,4.429759545341713234e-01,-6.656808043056706703e-01
9.999999999999246159e-01,2.087111143799319062e-12,6.412658190479867404e-01,9.999999999380997373e-01,9.999999999999372724e-01,5.000000000000000000e-01,4.429759522664178939e-01,-5.772425557155492770e-01
9.999999999994108046e-01,4.243319637281183395e-14,5.565932268210659339e-01,9.999999957320132582e-01,9.999999999999957812e-01,5.000000000000000000e-01,4.429759513431050788e-01,-5.412350399319564298e-01
9.999999999999686917e-01,2.026297241918273746e-12,7.706803842091172196e-01,9.999999979610836309e-01,9.999999999999923395e-01,5.000000000000000000e-01,4.429759536776198270e-01,-6.322768582030157125e-01
9.999999999999021894e-01,5.282346320757061970e-14,4.907419654942911658e-01,9.999999957027893016e-01,9.999999999999855671e-01,5.000000000000000000e-01,4.429759506250295908e-01,-5.132314050994774002e-01
9.999999999954745089e-01,3.794218946577527051e-12,1.683290531729648987e-01,9.999999987745755714e-01,9.999999999999205080e-01,5.000000000000000000e-01,4.429759471092759582e-01,-3.761234242314944742e-01
9.999999999955316854e-01,5.356804663834670277e-13,8.704040510690498333e-01,9.999999956721661309e-01,9.999999999999682476e-01,5.000000000000000000e-01,4.429759547650571894e-01,-6.746849321953772849e-01
9.999999999996510569e-01,1.288224947291559418e-13,5.989012320790541022e-01,9.999999992505052004e-01,9.999999999999986677e-01,5.000000000000000000e-01,4.429759518044529831e-01,-5.592267668615530374e-01
9.999999999992386090e-01,1.057806926594250231e-12,6.178590604038916023e-01,9.999999980459011173e-01,9.999999999997728484e-01,5.000000000000000000e-01,4.429759520111787308e-01,-5.672886945622660493e-01
9.999999999975031084e-01,4.924458047502262443e-14,9.999999999999991118e-01,2.269558184182846050e-01,9.999999999992350563e-01,5.000000000000000000e-01,4.429759619776178492e-01,-7.898296190668218086e-01
9.999999999994551025e-01,3.599540452957628290e-13,4.417211755362825398e-01,9.999999957635365977e-01,9.999999999999957812e-01,5.000000000000000000e-01,4.429759500904820735e-01,-4.923850268541930530e-01
9.999999999999916733e-01,8.443733084707865347e-12,9.593470140360562670e-01,9.999999984158719490e-01,9.999999999998885336e-01,5.000000000000000000e-01,4.429759557349362553e-01,-7.125084482782718664e-01
9.999999999975677234e-01,1.219413384177945611e-12,9.999999999999752420e-01,8.802053887982407288e-01,9.999999999999367173e-01,5.000000000000000000e-01,4.429759570769367105e-01,-7.390994073370201756e-01
9.999999999999340528e-01,1.262088501864881992e-13,6.136886517483902681e-02,9.999999980337723748e-01,9.999999999999683586e-01,5.000000000000000000e-01,4.429759459429278845e-01,-3.306379774497435475e-01
9.999999999992198463e-01,2.265410254809506003e-11,3.435465077223471830e-01,9.999999956832885672e-01,9.999999999999332756e-01,5.000000000000000000e-01,4.429759490199358107e-01,-4.506356739706497416e-01
9.999999999998758771e-01,3.472116047990034914e-13,3.875802548433644468e-01,9.999999997175339495e-01,9.999999999999230615e-01,5.000000000000000000e-01,4.429759495001020508e-01,-4.693612827022356493e-01
9.999999999969167996e-01,1.989955004540735752e-13,6.883806758711051854e-01,9.999999987255804301e-01,9.999999999988620214e-01,5.000000000000000000e-01,4.429759527801821473e-01,-5.972784248148420572e-01
9.999999999991644462e-01,9.631607098637569245e-13,2.892804148186586821e-01,9.999999979352613977e-01,9.999999999999369393e-01,5.000000000000000000e-01,4.429759484281908244e-01,-4.275586997337673667e-01
9.999999999987657651e-01,7.964969123286756316e-12,8.764618472873895172e-01,9.999999948203968092e-01,9.999999999998889777e-01,5.000000000000000000e-01,4.429759548311144601e-01,-6.772610456076612051e-01
9.999999999999853451e-01,7.119598988762982311e-13,9.999999999999993339e-01,9.150679888618924729e-02,9.999999999999729106e-01,5.000000000000000000e-01,4.429759629937569665e-01,-8.003483514937835830e-01
9.999999999999900080e-01,1.694039645405817996e-13,9.999999999999980016e-01,4.895240647643266385e-01,9.999999999999865663e-01,5.000000000000000000e-01,4.429759600078297388e-01,-7.694390312512778829e-01
9.999999999976045828e-01,2.980559073073097955e-13,2.936335959688216035e-01,9.999999989160147651e-01,9.999999999999990008e-01,5.000000000000000000e-01,4.429759484756601307e-01,-4.294099154566332066e-01
9.999999999976139087e-01,1.357556224008932174e-12,1.034710899978525389e-01,9.999999979680551654e-01,9.999999999999991118e-01,5.000000000000000000e-01,4.429759464020318616e-01,-3.485421953220654290e-01
9.999999999969167996e-01,1.873025828469751867e-14,6.328675255503906083e-01,9.999999987675545210e-01,9.999999999999966693e-01,5.000000000000000000e-01,4.429759521748386497e-01,-5.736711322733661911e-01
9.999999999999594769e-01,2.005931382361140151e-12,9.999999999999998890e-01,9.995192723630117460e-01,9.999999999999945599e-01,5.000000000000000000e-01,4.429759561818434332e-01,-7.298337011668073471e-01
9.999999999999390488e-01,9.013105885598386494e-13,7.817264472992031532e-01,9.999999966352561831e-01,9.999999999997980504e-01,5.000000000000000000e-01,4.429759537980716977e-01,-6.369742613763936800e-01
9.999999999997042366e-01,1.268173539280114751e-11,4.379439452400989419e-01,9.999999997611505043e-01,9.999999999999698019e-01,5.000000000000000000e-01,4.429759500492932434e-01,-4.907787372219262201e-01
9.999999999996218580e-01,2.739759138258554043e-11,9.999999999997061240e-01,9.633716147562225718e-01,9.999999999999501510e-01,5.000000000000000000e-01,4.429759564530232896e-01,-7.326408646259648938e-01
9.999999999999590328e-01,1.002119156434176825e-12,7.201045750897701048e-01,9.999999947809560252e-01,9.999999999999991118e-01,5.000000000000000000e-01,4.429759531261155958e-01,-6.107691991972356016e-01
9.999999999992483790e-01,1.291928396590942535e-12,4.050385072947407794e-01,9.999999979117704108e-01,9.999999999999352740e-01,5.000000000000000000e-01,4.429759496904756566e-01,-4.767855070200409662e-01
9.999999999999396039e-01,8.567501045619851865e-12,3.580946657371048003e-02,9.999999959008945005e-01,9.999999999999856781e-01,5.000000000000000000e-01,4.429759456642152760e-01,-3.197686935557747523e-01
9.999999999987887467e-01,4.141423437475668554e-13,9.117183196336637874e-01,9.999999994862651675e-01,9.999999999999733546e-01,5.000000000000000000e-01,4.429759552155688729e-01,-6.922540667493607414e-01
9.999999999993051114e-01,8.199705113496699335e-14,3.646304646852851494e-01,9.999999991181520720e-01,9.999999999999302780e-01,5.000000000000000000e-01,4.429759492498459017e-01,-4.596017499753374258e-01
9.999999999997427613e-01,1.201711208822356440e-12,9.009605138412851710e-01,9.999999994274546555e-01,9.999999999999834577e-01,5.000000000000000000e-01,4.429759550982603211e-01,-6.876792467888849236e-01
9.999999999946292961e-01,1.013881808272261465e-12,9.715570152575073726e-01,9.999999980166757174e-01,9.999999999999973355e-01,5.000000000000000000e-01,4.429759558680803067e-01,-7.177008228928353217e-01
9.999999999999579225e-01,1.126717803869192055e-13,9.999999999999894529e-01,8.682366603518483217e-01,9.999999999999193978e-01,5.000000000000000000e-01,4.429759571667261642e-01,-7.400288777197748802e-01
9.999999999997364331e-01,3.774450956475869465e-12,1.331416694423717684e-01,9.999999996485453568e-01,9.999999999999388267e-01,5.000000000000000000e-01,4.429759467255748873e-01,-3.611597830001579412e-01
9.999999999999470424e-01,6.855846136109795254e-13,8.146191037628359721e-01,9.999999983899630074e-01,9.999999999999066302e-01,5.000000000000000000e-01,4.429759541567498404e-01,-6.509620561849115417e-01
9.999999999975127674e-01,2.022033328134163833e-12,4.537236197363696544e-01,9.999440683256187734e-01,9.999999999999817923e-01,5.000000000000000000e-01,4.429759502217823774e-01,-4.974934798226046118e-01
9.999999999999696909e-01,1.391268143121536127e-13,4.961127872026757091e-01,9.999999987704383253e-01,9.999999999999916733e-01,5.000000000000000000e-01,4.429759506835957428e-01,-5.155153782719504862e-01
9.999999999971472819e-01,3.913479989313240078e-12,8.088140733178400543e-02,9.999999952467494291e-01,9.999999999999954481e-01,5.000000000000000000e-01,4.429759461557025713e-01,-3.389358005808754681e-01
9.999999999953722574e-01,2.831132218632465372e-13,6.280503509108290583e-01,9.999999969383625009e-01,9.999999999999998890e-01,5.000000000000000000e-01,4.429759521223097241e-01,-5.716226006677288529e-01
9.999999999999730216e-01,2.060863108462524104e-12,9.999999999999998890e-01,3.786799195151515640e-01,9.999999999999953371e-01,5.000000000000000000e-01,4.429759608393829540e-01,-7.780469924540368565e-01
9.999999999999846789e-01,3.108066856268463441e-13,4.636034746481194624e-01,9.999999984433245448e-01,9.999999999999340528e-01,5.000000000000000000e-01,4.429759503290977563e-01,-5.016906025957922344e-01
9.999999999998527844e-01,7.250816521703003087e-14,9.346292805485070243e-01,9.999999973379469775e-01,9.999999999999975575e-01,5.000000000000000000e-01,4.429759554654015830e-01,-7.019970873258939426e-01
9.999999999945012874e-01,3.812744205444099874e-14,4.003466461625814765e-01,9.999999978662198474e-01,9.999999999999659162e-01,5.000000000000000000e-01,4.429759496393132490e-01,-4.747902655786956361e-01
9.999999999999386047e-01,1.159198353268306322e-12,9.999998586465925765e-01,1.234570593005807071e-02,9.999999999999360512e-01,5.000000000000000000e-01,4.429759635876223123e-01,-8.064958025148109000e-01
9.999999999997827294e-01,8.812164023392341296e-14,4.816034220683519385e-01,9.999999957625876901e-01,9.999999999999957812e-01,5.000000000000000000e-01,4.429759505253783036e-01,-5.093451859424734662e-01
9.999999999996460609e-01,1.919454910414158945e-13,6.042765163036489806e-01,9.999999999433991649e-01,9.999999999998276934e-01,5.000000000000000000e-01,4.429759518630677628e-01,-5.615126379286882186e-01
9.999999999984379162e-01,8.989697782662824169e-13,3.297851039784541749e-01,9.999999966569693699e-01,9.999999999997857270e-01,5.000000000000000000e-01,4.429759488698744585e-01,-4.447835562970260392e-01
9.999999999933921746e-01,8.932805964027009210e-14,8.942501108236841634e-02,9.999999989364324327e-01,9.999999999999237277e-01,5.000000000000000000e-01,4.429759462488663257e-01,-3.425690178634900329e-01
9.999999999948788743e-01,1.755038755905114103e-13,8.654747108178404424e-01,9.999999980574376668e-01,9.999999999999997780e-01,5.000000000000000000e-01,4.429759547113051310e-01,-6.725887011770962376e-01
9.999999999969807485e-01,1.938964494699036544e-14,5.843362897736834594e-01,9.999999999427267028e-01,9.999999999998997469e-01,5.000000000000000000e-01,4.429759516456294732e-01,-5.530329397271153136e-01
9.999999999996553868e-01,1.901294137529494396e-12,5.676742163488768256e-02,9.999999981782173863e-01,9.999999999999998890e-01,5.000000000000000000e-01,4.429759458927514104e-01,-3.286811866038380492e-01
9.999999999992676969e-01,6.208046126088398608e-13,4.587064322144733808e-01,9.999999989735129935e-01,9.999999999999977796e-01,5.000000000000000000e-01,4.429759502756979161e-01,-4.996081065587291148e-01
9.999999999999853451e-01,6.319318386606808976e-12,9.999999999999993339e-01,7.880249534937527889e-01,9.999999999999950040e-01,5.000000000000000000e-01,4.429759577684747596e-01,-7.462579776789511898e-01
9.999999999958346653e-01,5.504008866086575710e-14,7.365812794410311337e-01,9.999999956310634541e-01,9.999999999999658051e-01,5.000000000000000000e-01,4.429759533057859300e-01,-6.177760142274629773e-01
9.999999999966243669e-01,4.057170587466687102e-13,8.413306744916047020e-01,9.999999972357709321e-01,9.999999999996295186e-01,5.000000000000000000e-01,4.429759544480263433e-01,-6.623213082845403887e-01
9.999999999999819034e-01,5.585554447658025007e-12,3.964364144118653899e-01,9.999999975330114976e-01,9.999999999999975575e-01,5.000000000000000000e-01,4.429759495966740790e-01,-4.731274166341156162e-01
9.999999999999473754e-01,1.978028202238246507e-13,9.999999999999996669e-01,9.182632475863120591e-01,9.999999999999620304e-01,5.000000000000000000e-01,4.429759567914264839e-01,-7.361439010168281394e-01
9.999999999989857002e-01,4.249889705692252278e-14,3.168993667267217540e-01,9.999999978878381102e-01,9.999999999999937828e-01,5.000000000000000000e-01,4.429759487293618569e-01,-4.393038209116261195e-01
9.999999999997405409e-01,3.267097185808763478e-12,5.440626575609603943e-01,9.999999992637018664e-01,9.999999999999781286e-01,5.000000000000000000e-01,4.429759512064653793e-01,-5.359063416371004918e-01
9.999999999999995559e-01,1.498115827902843437e-12,9.906355953674832460e-01,9.999999958474899975e-01,9.999999999999863443e-01,5.000000000000000000e-01,4.429759560761228343e-01,-7.258141010723370146e-01
9.999999999996510569e-01,3.163835912097457119e-12,5.282955798773217859e-01,9.999999945269335555e-01,9.999999999999545919e-01,5.000000000000000000e-01,4.429759510345332441e-01,-5.292012998089116182e-01
9.999999999953348429e-01,9.565634275786669713e-13,1.637712156513050910e-01,9.999999993338234416e-01,9.999999999999028555e-01,5.000000000000000000e-01,4.429759470595749926e-01,-3.741851770695320267e-01
9.999999999994294564e-01,1.887163673435800966e-12,1.495627251318443762e-01,9.999999994943695736e-01,9.999999999999920064e-01,5.000000000000000000e-01,4.429759469046383735e-01,-3.681429331874325195e-01
9.999999999999537037e-01,1.073437892163956415e-12,9.860504031898102983e-01,9.999999979405391759e-01,9.999999999999835687e-01,5.000000000000000000e-01,4.429759560261235518e-01,-7.238642210616456074e-01
9.999999999975959231e-01,1.503579477606977680e-12,1.466167405856419192e-01,9.999999979093061597e-01,9.999999999999342748e-01,5.000000000000000000e-01,4.429759468725139038e-01,-3.668901361160191721e-01
9.999999999994089173e-01,4.142742051201931546e-11,9.476807792003263398e-01,9.999999999548210283e-01,9.999999999999996669e-01,5.000000000000000000e-01,4.429759556077217386e-01,-7.075473134197299840e-01
9.999999999999222844e-01,2.059986897309221269e-12,9.999999999999571454e-01,8.297109916483877967e-01,9.999999999999157341e-01,5.000000000000000000e-01,4.429759574557459167e-01,-7.430207133357032978e-01
9.999999999999916733e-01,6.510015750490459470e-13,5.128756682343513784e-01,9.999999995917880913e-01,9.999999999999944489e-01,5.000000000000000000e-01,4.429759508663866918e-01,-5.226438916140293545e-01
9.999999999996135314e-01,1.757638167229137692e-13,5.884879567918082088e-01,9.999999958068722661e-01,9.999999999999363842e-01,5.000000000000000000e-01,4.429759516909013706e-01,-5.547984607814818725e-01
9.999999999971247444e-01,1.592263025164248416e-13,2.005065120664934475e-01,9.999999997771609195e-01,9.999999999996176392e-01,5.000000000000000000e-01,4.429759474601552283e-01,-3.898070771419187563e-01
9.999999999999974465e-01,5.044702703970927226e-13,4.141106555974972681e-01,9.999999993035808554e-01,9.999999999999835687e-01,5.000000000000000000e-01,4.429759497894029674e-01,-4.806434911505267360e-01
9.999999999999336087e-01,6.785510117719097586e-14,7.276721913346354542e-01,9.999999956126297551e-01,9.999999999999771294e-01,5.000000000000000000e-01,4.429759532086367524e-01,-6.139873722950462964e-01
9.999999999999975575e-01,5.929627960330447105e-12,6.473361406417649233e-01,9.999999984945444620e-01,9.999999999998440137e-01,5.000000000000000000e-01,4.429759523326117221e-01,-5.798239956644358761e-01
9.999999999999554801e-01,1.372856242568161985e-13,1.925568220543796838e-01,9.999999999255272387e-01,9.999999999999853451e-01,5.000000000000000000e-01,4.429759473734677933e-01,-3.864264248584107220e-01
9.999999999954851670e-01,3.661859442574424677e-12,8.864362325787572550e-01,9.999999944461163137e-01,9.999999999999952260e-01,5.000000000000000000e-01,4.429759549398802343e-01,-6.815027114421693399e-01
9.999999999977252640e-01,2.434217014676699926e-13,8.360841221301427151e-01,9.999999984104561701e-01,9.999999999999861222e-01,5.000000000000000000e-01,4.429759543908152741e-01,-6.600901810511633494e-01
9.999999999964774844e-01,4.287942756047780687e-04,7.157300230115578588e-01,9.999999956126297551e-01,9.999999999999771294e-01,5.000000000000000000e-01,4.429759530818116464e-01,-6.089089582916563659e-01
9.999999999999863443e-01,7.372566622507160390e-13,7.766717272404766170e-01,9.999999970004346261e-01,9.999999999999923395e-01,5.000000000000000000e-01,4.429759537429524552e-01,-6.348247120177678005e-01
9.999999999992852384e-01,1.362587782466482772e-13,3.598352803226180230e-01,9.999999956379923560e-01,9.999999999999922284e-01,5.000000000000000000e-01,4.429759491975568397e-01,-4.575625699903070887e-01
9.999999999962432273e-01,9.640156788569551252e-14,2.636267436660822416e-01,9.999999996970577731e-01,9.999999999999669154e-01,5.000000000000000000e-01,4.429759481484502048e-01,-4.166493255825268749e-01
9.999999999999470424e-01,5.134508511097557730e-12,7.865997751571006669e-01,9.999999966507993054e-01,1.000000000000000000e+00,5.000000000000000000e-01,4.429759538512129113e-01,-6.390466726096285521e-01
9.999999999999661382e-01,8.786400724958613723e-13,6.370121569622653190e-01,9.999999999245475779e-01,9.999999999999459321e-01,5.000000000000000000e-01,4.429759522200337751e-01,-5.754336609841986805e-01
9.999999999998722133e-01,4.441327408548000573e-12,9.192174087069818755e-01,9.999999984424666755e-01,9.999999999999941158e-01,5.000000000000000000e-01,4.429759552973427383e-01,-6.954430984105562930e-01
9.999999999971472819e-01,2.621476852963620975e-14,6.922318076510869389e-02,9.999999952713202189e-01,9.999999999999954481e-01,5.000000000000000000e-01,4.429759460285753736e-01,-3.339780714028129927e-01
9.999999999956397101e-01,5.177039469704429928e-13,9.431878532070009369e-01,9.999999986428727006e-01,9.999999999999691358e-01,5.000000000000000000e-01,4.429759555587285957e-01,-7.056366704101316722e-01
9.999999999998039346e-01,1.197769971946987067e-12,9.999999973165029088e-01,4.332737542327376179e-01,9.999999999999961142e-01,5.000000000000000000e-01,4.429759604298197373e-01,-7.738073302088351868e-01
9.999999999976045828e-01,1.381800366113926485e-12,5.408346127415253335e-01,9.999999988647451099e-01,9.999999999999990008e-01,5.000000000000000000e-01,4.429759511712651476e-01,-5.345335966892516000e-01
9.999999999978164134e-01,5.893458573506875378e-14,7.242759553415885065e-01,9.999999960394970744e-01,9.999999999999991118e-01,5.000000000000000000e-01,4.429759531716024323e-01,-6.125431030001656785e-01
9.999999999960114128e-01,3.832501341960653486e-12,7.615725286052827947e-01,9.999999949370160790e-01,9.999999999999737987e-01,5.000000000000000000e-01,4.429759535783031610e-01,-6.284036894619490221e-01
9.999999999967292830e-01,4.162512187528755585e-14,8.003728737698208029e-01,9.993919840528657783e-01,9.999999999999643618e-01,5.000000000000000000e-01,4.429759540059630685e-01,-6.449509807067993483e-01
9.999999999932777106e-01,1.168321493734465794e-13,1.232641629013849494e-01,9.999999989364324327e-01,9.999999999999505951e-01,5.000000000000000000e-01,4.429759466178655458e-01,-3.569593155061993039e-01
9.999999999978366194e-01,3.249465990449267316e-01,9.999999999999948930e-01,1.360023205165816762e-14,9.999999999999585887e-01,5.000000000000000000e-01,4.429759662555723954e-01,-8.075024035756236396e-01
9.999999999994325650e-01,1.192165051462803208e-12,8.916489308934677505e-01,9.999999983240754897e-01,9.999999999999866773e-01,5.000000000000000000e-01,4.429759549967220988e-01,-6.837194416511037653e-01
9.999999999998719913e-01,1.357556224008932174e-12,1.076924399976612462e-01,9.999999979680551654e-01,9.999999999999991118e-01,5.000000000000000000e-01,4.429759464480635955e-01,-3.503373491500477721e-01
9.999999999993354205e-01,1.956877510318109000e-12,9.807619078531151224e-01,9.999999991181520720e-01,9.999999999999985567e-01,5.000000000000000000e-01,4.429759559684551262e-01,-7.216152573325881336e-01
9.999999999999761302e-01,1.220109233240944468e-15,9.960109348195342882e-01,9.999999955946670127e-01,9.999999999999641398e-01,5.000000000000000000e-01,4.429759561347382246e-01,-7.280999956988382094e-01
9.999999999999535927e-01,2.411464985164721261e-12,9.069307365220877770e-01,9.999999988449547184e-01,9.999999999999968914e-01,5.000000000000000000e-01,4.429759551633626335e-01,-6.902181190205695094e-01
9.999999999999900080e-01,1.694039645405817996e-13,9.999999999999980016e-01,5.030928877279102762e-01,9.999999999999865663e-01,5.000000000000000000e-01,4.429759599060363318e-01,-7.683853003443067431e-01
9.999999999999646949e-01,1.259625644810232959e-12,5.483142839433807758e-01,9.999999991286370182e-01,9.999999999999944489e-01,5.000000000000000000e-01,4.429759512528272936e-01,-5.377143706864290218e-01
9.999999999991792121e-01,8.089348231075859748e-13,1.684198160080874196e-02,9.999999970033397467e-01,9.999999999999938938e-01,5.000000000000000000e-01,4.429759454573842237e-01,-3.117026593171406956e-01
9.999999999999668043e-01,8.722457111412108379e-14,3.743392123897614221e-01,9.999999993291747158e-01,9.999999999997812861e-01,5.000000000000000000e-01,4.429759493557149930e-01,-4.637304518227424177e-01
9.999999999999885647e-01,2.952613264471894923e-13,7.566701079105258021e-01,9.999999997942561336e-01,9.999999999999980016e-01,5.000000000000000000e-01,4.429759535248446456e-01,-6.263189059510324563e-01
9.999999999999937828e-01,3.738641404347152401e-13,9.999999999999942268e-01,5.433127987721035890e-01,9.999999999999481526e-01,5.000000000000000000e-01,4.429759596043064129e-01,-7.652618928515934060e-01
9.999999999998574474e-01,1.276397456994624150e-12,7.315632339918979321e-01,9.999999979444609277e-01,9.999999999997899458e-01,5.000000000000000000e-01,4.429759532510665898e-01,-6.156420608095712899e-01
9.999999999996408429e-01,2.990058850705689295e-13,4.445016130854856362e-02,9.999999987869738760e-01,9.999999999999353850e-01,5.000000000000000000e-01,4.429759457584377946e-01,-3.234431994116965248e-01
9.999999999998602229e-01,1.514287910090373812e-13,1.821334965078136858e-01,9.999999983698004691e-01,9.999999999999853451e-01,5.000000000000000000e-01,4.429759472598066017e-01,-3.819938447002088067e-01
9.999999999991894262e-01,3.973261854528809242e-12,5.336688910192780022e-02,9.999999970336018729e-01,9.999999999999993339e-01,5.000000000000000000e-01,4.429759458556702945e-01,-3.272350903024182633e-01
9.999999999999280575e-01,1.203901849690971914e-13,7.115741166953881702e-01,9.999999994393562464e-01,9.999999999999947820e-01,5.000000000000000000e-01,4.429759530330951711e-01,-6.071415714062061708e-01
9.999999999999924505e-01,1.072225333893321530e-13,8.450275932045627769e-01,9.999999974643389855e-01,9.999999999999940048e-01,5.000000000000000000e-01,4.429759544883394295e-01,-6.638934446168375247e-01
9.999999999995203837e-01,1.432939014333540932e-12,2.976208844287182020e-01,9.999999965204674490e-01,9.999999999999692468e-01,5.000000000000000000e-01,4.429759485191395729e-01,-4.311055334290100349e-01
9.999999999999256151e-01,3.439599995791868888e-13,7.063450056662281540e-01,9.999999976229220211e-01,9.999999999999259481e-01,5.000000000000000000e-01,4.429759529760742831e-01,-6.049178614339997262e-01
9.999999999952146057e-01,4.177001773606098167e-13,9.525189815277560479e-01,9.999995244283103046e-01,9.999999999999326095e-01,5.000000000000000000e-01,4.429759556604835335e-01,-7.096048242447764443e-01
9.999999999979055643e-01,5.039113173589499675e-14,9.999999999802956507e-01,8.021766427256231680e-01,9.999999999999966693e-01,5.000000000000000000e-01,4.429759576623086836e-01,-7.451589823958030268e-01
9.999999999991133759e-01,1.073437892163956415e-12,2.692944721181003143e-01,9.999999979207151446e-01,9.999999999995916600e-01,5.000000000000000000e-01,4.429759482102539891e-01,-4.190595604635111160e-01
