9.999999999999686917e-01,3.314296891966459404e-13,9.999999999997324363e-01,4.241411244050666829e-01,9.999999999999171774e-01,1.000000000000000056e-01,4.429759563587642446e-01,-7.335366460534612498e-01
9.999999999999366063e-01,1.992059004583526948e-13,9.999999999999914513e-01,5.038307931150087793e-02,9.999999999999105160e-01,1.000000000000000056e-01,4.429759591626987181e-01,-7.625620379143748240e-01
9.999999999999235056e-01,9.999999767113468829e-01,9.999999999999971134e-01,2.520676442863359607e-14,9.999999999999796829e-01,1.000000000000000056e-01,4.429759674660702640e-01,-7.666217853538649374e-01
9.999999999999864553e-01,4.753763511767402865e-12,9.999999999999603650e-01,5.385929171952554828e-01,9.999999999999527045e-01,1.000000000000000056e-01,4.429759555001464011e-01,-7.246485212933436726e-01
9.999999999963106179e-01,4.821578423590079571e-13,1.000000000000000000e+00,5.507909038015760261e-01,9.999999999999502620e-01,1.000000000000000056e-01,4.429759554086370454e-01,-7.237012471257916468e-01
9.999999999997503108e-01,5.724720676289908448e-12,9.999999999999935607e-01,6.286049579259422870e-01,9.999999999998949729e-01,1.000000000000000056e-01,4.429759548248756729e-01,-7.176583446569163582e-01
9.999999999991290300e-01,1.970024500879912562e-13,9.999999999999704681e-01,2.833088797812277626e-02,9.999999999998349098e-01,1.000000000000000056e-01,4.429759593281343832e-01,-7.642745722744809234e-01
9.999999999997600808e-01,3.846244455774241017e-13,9.999999999999926725e-01,7.069645546441003514e-01,9.999999999996856959e-01,1.000000000000000056e-01,4.429759542370216296e-01,-7.115730763113329305e-01
9.999999999962700947e-01,1.175367751856194085e-11,9.999999999999535927e-01,1.384337089405107690e-12,9.999999999999993339e-01,1.000000000000000056e-01,4.429759595406728145e-01,-7.664746991646024243e-01
9.999999999976796339e-01,3.874107567517042716e-13,1.168611018936042689e-01,9.999999959681501460e-01,9.999999999999079625e-01,1.000000000000000056e-01,4.429759424084747654e-01,-3.132564672623222579e-01
9.999999999997943867e-01,3.766135331262459283e-13,9.999999999999974465e-01,3.986567619928623185e-01,9.999999999999511502e-01,1.000000000000000056e-01,4.429759565499480356e-01,-7.355157167784130978e-01
9.999999999996903588e-01,1.091099245348846782e-13,9.999999999999951150e-01,9.936755596143988234e-02,9.999999999999292788e-01,1.000000000000000056e-01,4.429759587952169508e-01,-7.587579896836501581e-01
9.999999999986157739e-01,7.509923185786950839e-01,9.999999999999990008e-01,2.788658193253468198e-12,9.999999999999819034e-01,1.000000000000000056e-01,4.429759654925855550e-01,-7.665851597646308191e-01
9.999999999999145128e-01,7.817795121440060296e-14,9.999999999999780176e-01,4.519199874182593391e-01,9.999999999999796829e-01,1.000000000000000056e-01,4.429759561503670562e-01,-7.313793884499247833e-01
9.999999999997699618e-01,2.299497137087356842e-12,9.999999999999946709e-01,7.214626953714108337e-01,9.999999999996856959e-01,1.000000000000000056e-01,4.429759541282565216e-01,-7.104471762232537069e-01
9.999999999999329425e-01,1.489981671751582001e-13,9.999999999999565903e-01,9.108396774783042993e-01,9.999999999999796829e-01,1.000000000000000056e-01,4.429759527075495251e-01,-6.957404931511695922e-01
9.999999999999408251e-01,1.112403946154034086e-12,9.999999999999732436e-01,6.958918741999314816e-01,9.999999999999285016e-01,1.000000000000000056e-01,4.429759543200889049e-01,-7.124329611837240117e-01
9.999999999999219513e-01,5.874517176556075042e-13,9.999999999999922284e-01,7.481236621104104811e-01,9.999999999999935607e-01,1.000000000000000056e-01,4.429759539282457914e-01,-7.083767324776505392e-01
9.999999999990409894e-01,5.308315244817937047e-13,9.999999996565053229e-01,2.781222140450065883e-01,9.999999999999049649e-01,1.000000000000000056e-01,4.429759574541987099e-01,-7.448762174501920574e-01
9.999999999991608934e-01,8.255126188772923936e-14,2.847613478351718186e-09,9.999999949389197784e-01,9.999999999997475353e-01,1.000000000000000056e-01,4.429759411341621655e-01,-2.635606000491196310e-01
9.999999999991004973e-01,1.593153951356053552e-12,4.780903392076377156e-01,9.999999982608431814e-01,9.999999999999966693e-01,1.000000000000000056e-01,4.429759463475012593e-01,-4.668713174185815662e-01
9.999999999998659961e-01,3.190172784960763143e-14,1.462586124613625693e-01,9.999999958871799155e-01,9.999999999999907851e-01,1.000000000000000056e-01,4.429759427290401175e-01,-3.257579309364700970e-01
9.999999999999293898e-01,1.678063165066293952e-13,8.775217488489533979e-01,9.999999960240089081e-01,9.999999999999117373e-01,1.000000000000000056e-01,4.429759507031035826e-01,-6.367318656126482734e-01
9.999999999998895328e-01,7.532735204065653827e-13,1.002494683754858590e-02,9.999999992271874083e-01,9.999999999997385425e-01,1.000000000000000056e-01,4.429759412434792210e-01,-2.678237659042376206e-01
9.999999999997538636e-01,3.846244455774241017e-13,9.999999999999926725e-01,2.516134756232816239e-01,9.999999999999893419e-01,1.000000000000000056e-01,4.429759576530674092e-01,-7.469348395595764023e-01
9.999999999999601430e-01,8.356123884262783804e-13,9.399372527694458412e-01,9.999999963394435865e-01,9.999999999999117373e-01,1.000000000000000056e-01,4.429759513837138174e-01,-6.632744244476213025e-01
9.999999999999349409e-01,8.323432677691609298e-14,6.149707483496380522e-01,9.999999955775324967e-01,9.999999999999790168e-01,1.000000000000000056e-01,4.429759478401145700e-01,-5.250805138713129372e-01
9.999999999981246113e-01,4.703937503196336169e-12,9.999999999999988898e-01,7.596643235812268191e-01,9.999999999999127365e-01,1.000000000000000056e-01,4.429759538416677134e-01,-7.074805050225488889e-01
9.999999999997063460e-01,1.459825856447773393e-12,1.515628760572385048e-01,9.999999960486958273e-01,9.999999999999990008e-01,1.000000000000000056e-01,4.429759427868805166e-01,-3.280136001059855699e-01
9.999999999999917843e-01,3.797516696445811978e-12,5.642799324684875106e-01,9.999999956171613524e-01,9.999999999999610312e-01,1.000000000000000056e-01,4.429759472873562309e-01,-5.035239473159501822e-01
9.999999999992349453e-01,1.698353374684961981e-13,9.999999999999850120e-01,4.107995161163596198e-01,9.999999999997377653e-01,1.000000000000000056e-01,4.429759564588530152e-01,-7.345727318679996509e-01
9.999999999996742606e-01,1.798001420995888308e-14,9.549542125289739447e-02,9.999999961512034963e-01,9.999999999997525313e-01,1.000000000000000056e-01,4.429759421754925763e-01,-3.041705863304146051e-01
9.999999999998406830e-01,7.452254227356266275e-13,3.753533570607239800e-01,9.999999967775248244e-01,9.999999999999996669e-01,1.000000000000000056e-01,4.429759452272051812e-01,-4.231818137340107588e-01
9.999999999986584065e-01,1.653282140681828200e-13,9.315284872484999035e-01,9.999999954747731401e-01,9.999999999999388267e-01,1.000000000000000056e-01,4.429759512920203868e-01,-6.596985476931550574e-01
9.999999999995616839e-01,4.788080769638645847e-14,9.801883555567233453e-01,9.999999995791098995e-01,9.999999999999047429e-01,1.000000000000000056e-01,4.429759518226322190e-01,-6.803914415685970996e-01
9.999999999997940536e-01,2.304325592646455253e-13,9.999999894117540533e-01,4.663890351261835154e-01,9.999999999998534506e-01,1.000000000000000056e-01,4.429759560418201070e-01,-7.302557431720179126e-01
9.999999999998638867e-01,7.302558974613834235e-14,6.303584316161164880e-02,9.999999864439594877e-01,9.999999999997982725e-01,1.000000000000000056e-01,4.429759418215369893e-01,-2.903669612555282997e-01
9.999999999998654410e-01,2.879273812121784073e-12,9.999999999999792388e-01,6.158505816213424300e-01,9.999999999999705791e-01,1.000000000000000056e-01,4.429759549205590230e-01,-7.186488270697236613e-01
9.999999999999686917e-01,2.719816091137151200e-13,9.999999999997325473e-01,2.647810015444178600e-01,9.999999999999171774e-01,1.000000000000000056e-01,4.429759575542845940e-01,-7.459122726746764132e-01
9.999999999989380717e-01,6.590450968760372077e-13,9.999959291903971481e-01,3.509689528815312931e-01,9.999999999997372102e-01,1.000000000000000056e-01,4.429759569076577863e-01,-7.392173369535018912e-01
9.999999999991568966e-01,5.431469898866255288e-13,9.999999997598202350e-01,3.654692356131804543e-01,9.999999999999049649e-01,1.000000000000000056e-01,4.429759567989209890e-01,-7.380930015546892653e-01
9.999999999997241096e-01,1.860725864743363989e-11,2.699715171049793527e-02,9.999999992153016937e-01,9.999999999999741318e-01,1.000000000000000056e-01,4.429759414285527330e-01,-2.750412955013253891e-01
9.999999999985825783e-01,5.079737923440391078e-13,9.999999999997305489e-01,5.630353863733983388e-01,9.999999999998923084e-01,1.000000000000000056e-01,4.429759553167788577e-01,-7.227503621626202301e-01
9.999999999988539168e-01,3.049169084584976242e-13,6.535364078568316470e-01,9.999999994228961908e-01,9.999999999998456790e-01,1.000000000000000056e-01,4.429759482606540066e-01,-5.414807863119167619e-01
9.999999999999302780e-01,7.378841224737904501e-13,6.870614914604905588e-02,9.999999993720376512e-01,9.999999999999141798e-01,1.000000000000000056e-01,4.429759418833687512e-01,-2.927782911056303616e-01
9.999999999999468203e-01,8.209689064405496766e-13,9.999999999999998890e-01,3.753109454209908047e-01,9.999999999999937828e-01,1.000000000000000056e-01,4.429759567250884378e-01,-7.373287117985224404e-01
9.999999999986202148e-01,5.494265058681062159e-13,1.802137538619241752e-02,9.999999998637502108e-01,9.999999999997385425e-01,1.000000000000000056e-01,4.429759413306763038e-01,-2.712242939621541948e-01
9.999999999999727995e-01,4.824619225627306485e-13,9.999999999997358779e-01,1.511800208693505621e-01,9.999999999999941158e-01,1.000000000000000056e-01,4.429759584065196543e-01,-7.547343248635552948e-01
9.999999999999342748e-01,1.292552465675401979e-14,7.343717230778165073e-01,9.999999972189690389e-01,9.999999999999190647e-01,1.000000000000000056e-01,4.429759491421232376e-01,-5.758564780574956243e-01
9.999999999998144817e-01,9.843925653783816092e-15,6.396638718470772922e-01,9.999999977105448190e-01,9.999999999999997780e-01,1.000000000000000056e-01,4.429759481093808460e-01,-5.355814091996439208e-01
9.999999999999604761e-01,4.250013508117060427e-13,9.999904435482175336e-01,7.490845912732951861e-02,9.999999999999859002e-01,1.000000000000000056e-01,4.429759589786050333e-01,-7.606533761515416048e-01
9.999999999998662181e-01,5.918907597150709432e-13,2.743988675658106668e-01,9.999999965063076646e-01,9.999999999995794475e-01,1.000000000000000056e-01,4.429759441263463327e-01,-3.802503254021695200e-01
9.999999999999790168e-01,9.639514175231410618e-13,9.130371154928449418e-01,9.999999974667379554e-01,9.999999999999994449e-01,1.000000000000000056e-01,4.429759510903811259e-01,-6.518349833216415812e-01
9.999999999988089527e-01,6.433720549650258998e-14,1.933552472894922158e-01,9.999999993656628616e-01,9.999999999999800160e-01,1.000000000000000056e-01,4.429759432426056409e-01,-3.457860506605089368e-01
9.999999999999271694e-01,5.494265058681062159e-13,9.622833902957971253e-01,9.999999998637502108e-01,9.999999999999237277e-01,1.000000000000000056e-01,4.429759516273873987e-01,-6.727772501274101868e-01
9.999999999955837549e-01,1.103363371520336501e-13,5.115083897226726517e-01,9.999999948451224752e-01,9.999999999999994449e-01,1.000000000000000056e-01,4.429759467119085969e-01,-4.810825395289052286e-01
9.999999999995616839e-01,2.478816878418320243e-14,3.845703670261961804e-01,9.999999995791098995e-01,9.999999999999047429e-01,1.000000000000000056e-01,4.429759453277121173e-01,-4.271014010249106763e-01
9.999999999998239186e-01,2.816689491264021051e-14,9.999999999998366862e-01,6.654619041317484385e-01,9.999999999999958922e-01,1.000000000000000056e-01,4.429759545483746841e-01,-7.147960990932819003e-01
9.999999999999413802e-01,1.218382782469807560e-12,5.368895802282832586e-01,9.999999985931634638e-01,9.999999999999908962e-01,1.000000000000000056e-01,4.429759469886779266e-01,-4.918760392600297626e-01
9.999999999999407141e-01,2.641351549116933578e-11,9.999999999999931166e-01,6.516918140126024550e-01,9.999999999999974465e-01,1.000000000000000056e-01,4.429759546516779389e-01,-7.158654600526778156e-01
9.999999999996916911e-01,5.510380704479110308e-13,4.243471162877811009e-01,9.999999964717718459e-01,9.999999999998893108e-01,1.000000000000000056e-01,4.429759457614579343e-01,-4.440166970212412467e-01
9.999999999991550093e-01,5.843880221265998939e-13,9.999999999999957812e-01,8.229159656832606418e-01,9.999999999998583355e-01,1.000000000000000056e-01,4.429759533671536187e-01,-7.025684938379824773e-01
9.999999999999957812e-01,1.850952038253614619e-14,9.999999999998366862e-01,2.919578524386097218e-01,9.999999999999956701e-01,1.000000000000000056e-01,4.429759573504037373e-01,-7.438017662739676572e-01
9.999999999997237765e-01,7.532735204065653827e-13,5.039023577623501227e-03,9.999999985283604120e-01,9.999999999997385425e-01,1.000000000000000056e-01,4.429759411891102117e-01,-2.657034728698216552e-01
9.999999999999609201e-01,1.551647501905607570e-12,5.823111867364429151e-02,9.999999864439594877e-01,9.999999999997979394e-01,1.000000000000000056e-01,4.429759417691438439e-01,-2.883237240066108820e-01
9.999999999989844790e-01,5.389789763718019072e-14,7.871955830677682675e-01,9.999999983268084147e-01,9.999999999995431432e-01,1.000000000000000056e-01,4.429759497181413042e-01,-5.983201340333220708e-01
9.999999999998004929e-01,4.741189093049407503e-15,9.999999999998441247e-01,8.877510644995652012e-01,9.999999999999982236e-01,1.000000000000000056e-01,4.429759528807604152e-01,-6.975335141921251703e-01
9.999999999989539479e-01,8.210063664411879301e-13,6.743667125533787665e-01,9.999999961057250975e-01,9.999999999995197175e-01,1.000000000000000056e-01,4.429759484877981990e-01,-5.503389957278602695e-01
9.999999999997939426e-01,4.655814258823130647e-13,9.999999999999977796e-01,8.622346115150549828e-01,9.999999999999888978e-01,1.000000000000000056e-01,4.429759530721849581e-01,-6.995150770148913510e-01
9.999999999999686917e-01,2.616875075276457612e-11,9.999999999997373212e-01,6.011785755207766924e-01,9.999999999999171774e-01,1.000000000000000056e-01,4.429759550306284765e-01,-7.197882292363447787e-01
9.999999999999140687e-01,6.965523944070441050e-14,5.680741649482606848e-01,9.999999955746502467e-01,9.999999999990188959e-01,1.000000000000000056e-01,4.429759473287304683e-01,-5.051374669190568101e-01
9.999999999999488187e-01,1.239565578805763091e-12,2.952177761307607229e-01,9.999999982553251510e-01,9.999999999999973355e-01,1.000000000000000056e-01,4.429759443533662355e-01,-3.891036881534902792e-01
9.999999999992463806e-01,1.706735058645755352e-13,7.094754069900126581e-01,9.999999984266159103e-01,9.999999999999608091e-01,1.000000000000000056e-01,4.429759488706411785e-01,-5.652691736298415259e-01
9.999999999999312772e-01,8.707703411131562958e-14,4.204548269934524352e-01,9.999999947748375861e-01,9.999999999999540368e-01,1.000000000000000056e-01,4.429759457190144967e-01,-4.423614783178263510e-01
9.999999999988298249e-01,7.156780944169565217e-13,4.597203938417074864e-01,9.999999976713628280e-01,9.999999999999981126e-01,1.000000000000000056e-01,4.429759461471860504e-01,-4.590593905314076517e-01
9.999999999999329425e-01,2.264371252784289223e-14,6.047859274671860685e-01,9.999999986500447413e-01,9.999999999999494849e-01,1.000000000000000056e-01,4.429759477290540759e-01,-5.207493588593051781e-01
9.999999999991718846e-01,1.114505414711864844e-14,9.999999999998515632e-01,1.624993769959833245e-01,9.999999999999769074e-01,1.000000000000000056e-01,4.429759583216017482e-01,-7.538552835926005669e-01
9.999999999999329425e-01,1.489981671751582001e-13,9.999999999999565903e-01,8.355827612516163461e-01,9.999999999999796829e-01,1.000000000000000056e-01,4.429759532721272430e-01,-7.015848127913159038e-01
9.999999999996787015e-01,6.107864655603054742e-16,7.009314828491994831e-01,9.999999991539465505e-01,9.999999999997298827e-01,1.000000000000000056e-01,4.429759487774738713e-01,-5.616358197555398890e-01
9.999999999999737987e-01,7.494572126491519894e-14,4.977288018258831936e-01,9.999999961262274750e-01,9.999999999999655831e-01,1.000000000000000056e-01,4.429759465616490144e-01,-4.752226889143015276e-01
9.999999999997940536e-01,2.304325592646455253e-13,9.999999894249517185e-01,7.725575003339042457e-01,9.999999999998534506e-01,1.000000000000000056e-01,4.429759537449429185e-01,-7.064792391134114835e-01
9.999999999999800160e-01,1.576518330320282189e-12,4.824962948491579584e-01,9.999999974683521087e-01,9.999999999999992228e-01,1.000000000000000056e-01,4.429759463955460497e-01,-4.687449759397067650e-01
9.999999999999366063e-01,3.151688740675623366e-13,6.875127291875336999e-01,9.999999994808150827e-01,9.999999999999986677e-01,1.000000000000000056e-01,4.429759486311490302e-01,-5.559294160883391234e-01
9.999999999991963096e-01,1.655046709804823948e-13,4.028937243050038086e-01,9.999999988537140450e-01,9.999999999992013056e-01,1.000000000000000056e-01,4.429759455275192881e-01,-4.348935161572181629e-01
9.999999999992755795e-01,1.540471056040808731e-13,9.999999999999903411e-01,9.253007813201095111e-01,9.999999999998603339e-01,1.000000000000000056e-01,4.429759525990623059e-01,-6.946174692823495755e-01
9.999999999999407141e-01,4.314908028995684144e-13,7.237308808334349530e-01,9.999999995107968775e-01,9.999999999999978906e-01,1.000000000000000056e-01,4.429759490260900545e-01,-5.713313973486483510e-01
9.999999999999947820e-01,1.159797549320881653e-13,6.184496702896027376e-01,9.999999961917297453e-01,9.999999999999878986e-01,1.000000000000000056e-01,4.429759478780504467e-01,-5.265599457687185625e-01
9.999999999995019540e-01,2.506114538143128789e-01,9.999999999998701039e-01,2.101844254198681483e-10,9.999999999999055200e-01,1.000000000000000056e-01,4.429759615268682449e-01,-7.665115606321905029e-01
9.999999999985825783e-01,3.559530700671565523e-16,9.999999999997294386e-01,5.893812161653984028e-01,9.999999999999804601e-01,1.000000000000000056e-01,4.429759551191323474e-01,-7.207043913974858773e-01
9.999999999999790168e-01,5.464431265561052835e-13,9.999999999999469313e-01,1.107265106514423031e-01,9.999999999999144018e-01,1.000000000000000056e-01,4.429759587100020601e-01,-7.578758732572695722e-01
9.999999999999887867e-01,7.894696855857306786e-14,8.019775405028575221e-01,9.999999990693617669e-01,9.999999999999661382e-01,1.000000000000000056e-01,4.429759498793312544e-01,-6.046062480114925419e-01
9.999999999999813483e-01,4.861121135040979488e-13,9.529712538629498964e-01,9.999999958706035086e-01,9.999999999999634737e-01,1.000000000000000056e-01,4.429759515258431812e-01,-6.688172098410446464e-01
9.999999999994674260e-01,3.220952586475733107e-13,6.917053955017750111e-01,9.999999994939018366e-01,9.999999999998575584e-01,1.000000000000000056e-01,4.429759486768679588e-01,-5.577123720113924543e-01
9.999999999999903411e-01,9.978993901725309635e-14,5.364922840840224971e-02,9.999999977791550476e-01,9.999999999999827915e-01,1.000000000000000056e-01,4.429759417191804771e-01,-2.863752474367159406e-01
9.999999999999616973e-01,1.749891255204320968e-12,8.130329288710047564e-01,9.999999993683894584e-01,9.999999999999903411e-01,1.000000000000000056e-01,4.429759499998848216e-01,-6.093076166878345079e-01
9.999999999999844569e-01,1.141956570588184498e-12,9.221234281491511586e-01,9.999999968729139654e-01,9.999999999993246513e-01,1.000000000000000056e-01,4.429759511894628687e-01,-6.556989910797693666e-01
9.999999999999915623e-01,4.693934999270512762e-13,9.999999972034588902e-01,3.366414785276832800e-01,9.999999999999886757e-01,1.000000000000000056e-01,4.429759570151869386e-01,-7.403317133378509718e-01
9.999999999999421574e-01,1.575604240990125313e-13,7.442042875341763342e-01,9.999999959449613618e-01,9.999999999999895639e-01,1.000000000000000056e-01,4.429759492493424711e-01,-5.800378338200157247e-01
9.999999999996791455e-01,2.699654178569798604e-14,1.297408755958172066e-01,9.999999889691804089e-01,9.999999999997770672e-01,1.000000000000000056e-01,4.429759425489224189e-01,-3.187336670610768641e-01
9.999999999999302780e-01,5.242227385233412915e-13,8.864734920085490799e-01,9.999999987399361689e-01,9.999999999999397149e-01,1.000000000000000056e-01,4.429759508007178881e-01,-6.405386466465275985e-01
9.999999999961978192e-01,2.253471459709305543e-13,3.292022111080470936e-01,9.999999964916054251e-01,9.999999999999292788e-01,1.000000000000000056e-01,4.429759447239497439e-01,-4.035557684474581075e-01
9.999999999992145172e-01,1.142283159878000495e-12,1.611305605440770394e-01,9.999999960305270275e-01,9.999999999995727862e-01,1.000000000000000056e-01,4.429759428912113384e-01,-3.320823140116803129e-01
9.999999999999947820e-01,2.226544515509520713e-13,6.311248079771948349e-01,9.999999993473082105e-01,9.999999999999883427e-01,1.000000000000000056e-01,4.429759480162665519e-01,-5.319501221142369785e-01
9.999999999995488054e-01,4.752384497138094591e-12,8.808731671127908447e-01,9.999999995791098995e-01,9.999999999998935296e-01,1.000000000000000056e-01,4.429759507396491269e-01,-6.381570755962858721e-01
9.999999999992637001e-01,4.020325733249663748e-12,2.877524022923388380e-01,9.999999952418485716e-01,9.999999999999941158e-01,1.000000000000000056e-01,4.429759442719600204e-01,-3.859289944077398671e-01
9.999999999998154809e-01,1.133864170941251890e-12,8.476118376773537078e-01,9.999999977079787605e-01,9.999999999999207301e-01,1.000000000000000056e-01,4.429759503769507556e-01,-6.240125004539257558e-01
9.999999999999977796e-01,1.157473025202331987e-13,2.539698053041298809e-01,9.999999981056334475e-01,9.999999999999994449e-01,1.000000000000000056e-01,4.429759439035774737e-01,-3.715627468161207814e-01
9.999999999988286037e-01,4.106104200231974931e-12,4.325824322549764456e-01,9.999999952345653975e-01,9.999999999999971134e-01,1.000000000000000056e-01,4.429759458512599890e-01,-4.475188134998041578e-01
9.999999999998674394e-01,4.625806791870263182e-13,6.833544243074156643e-01,9.999999961345586996e-01,9.999999999995983213e-01,1.000000000000000056e-01,4.429759485858047463e-01,-5.541610728270146558e-01
9.999999999999413802e-01,1.218382782469807560e-12,5.318598912230149134e-01,9.999999985964135307e-01,9.999999999999917843e-01,1.000000000000000056e-01,4.429759469338316880e-01,-4.897371345305890911e-01
9.999999999950158758e-01,2.208551444470449212e-14,8.440000707095547394e-01,9.999999948674435091e-01,9.999999999997583044e-01,1.000000000000000056e-01,4.429759503375662599e-01,-6.224765756027718089e-01
9.999999999989800381e-01,1.038202483462413069e-12,2.100069239926359854e-01,9.999999952900318068e-01,9.999999999997394307e-01,1.000000000000000056e-01,4.429759434241840044e-01,-3.528672740907438099e-01
9.999999999994438893e-01,7.200204972559378561e-13,1.086105711743052815e-01,9.999961676351877271e-01,9.999999999998017142e-01,1.000000000000000056e-01,4.429759423185355427e-01,-3.097481780183261035e-01
9.999999999997501998e-01,5.994297869287103958e-13,3.042021042596344538e-01,9.999999960504803997e-01,9.999999999996161959e-01,1.000000000000000056e-01,4.429759444513359234e-01,-3.929243265183589573e-01
9.999999999999915623e-01,1.234215590763471160e-13,9.008090529420432757e-01,9.999999960278105338e-01,9.999999999999492628e-01,1.000000000000000056e-01,4.429759509570401210e-01,-6.466349281645712432e-01
9.999999999999923395e-01,1.170076411293937898e-12,5.022267519915897260e-01,9.999999960608914051e-01,9.999999999999400480e-01,1.000000000000000056e-01,4.429759466106969468e-01,-4.771354685894354519e-01
9.999999999998768763e-01,3.463533322238247687e-13,9.999999999999997780e-01,7.977918602020704908e-01,9.999999999999844569e-01,1.000000000000000056e-01,4.429759535556347938e-01,-7.045195876436748383e-01
9.999999999965777375e-01,6.113203736590754558e-14,3.830662521716381164e-02,9.999999971101642959e-01,9.999999999999705791e-01,1.000000000000000056e-01,4.429759415518769727e-01,-2.798507155581618777e-01
9.999999999999796829e-01,4.960187899055642055e-14,2.013445658600034327e-01,9.999999954694374082e-01,9.999999999999995559e-01,1.000000000000000056e-01,4.429759433297252302e-01,-3.491835555102610344e-01
9.999999999999843459e-01,2.573717500084676894e-13,6.101768901811716050e-01,9.999999956240117616e-01,9.999999999999599209e-01,1.000000000000000056e-01,4.429759477878398855e-01,-5.230418975847314078e-01
9.999999999999893419e-01,1.609797804675160814e-12,6.688661268071078858e-01,9.999999853803704930e-01,9.999999999999882316e-01,1.000000000000000056e-01,4.429759484278171233e-01,-5.479998402332219021e-01
9.999999999999816813e-01,1.798001420995888308e-14,8.567175760823504405e-01,9.999999952620034493e-01,9.999999999999233946e-01,1.000000000000000056e-01,4.429759504762443845e-01,-6.278847692687131721e-01
9.999999999993955946e-01,6.430571176964859709e-15,9.999999999997314371e-01,5.249702994339722206e-01,9.999999999998232525e-01,1.000000000000000056e-01,4.429759556023433187e-01,-7.257064298088836685e-01
9.999999999997124522e-01,1.914442190005294018e-13,5.998888028408664308e-01,9.999999973425292010e-01,9.999999999999913403e-01,1.000000000000000056e-01,4.429759476756533476e-01,-5.186668280116722984e-01
9.999999999999907851e-01,5.464431265561052835e-13,9.999999999999469313e-01,1.217727547416201511e-01,9.999999999999884537e-01,1.000000000000000056e-01,4.429759586271330707e-01,-7.570180413859272095e-01
9.999999999988286037e-01,1.406663637441046484e-13,7.626024116418573806e-01,9.999999960346729333e-01,9.999999999999971134e-01,1.000000000000000056e-01,4.429759494499649342e-01,-5.878617439211885065e-01
9.999999999995647926e-01,6.482527592465400645e-14,1.818663810705059003e-01,9.999999942212282056e-01,9.999999999999898970e-01,1.000000000000000056e-01,4.429759431173252437e-01,-3.409003433639156144e-01
9.999999999999796829e-01,9.132211869900062959e-15,5.411408379060587137e-01,9.999999973177912116e-01,9.999999999999881206e-01,1.000000000000000056e-01,4.429759470350357886e-01,-4.936839116026096042e-01
9.999999999996787015e-01,5.611145926968319128e-14,7.339340361915208666e-02,9.999999990559105267e-01,9.999999999999111822e-01,1.000000000000000056e-01,4.429759419344809768e-01,-2.947715735668149373e-01
9.999999999996743716e-01,1.167533257233602653e-13,4.896179922131701501e-01,9.999999950599881560e-01,9.999999999997285505e-01,1.000000000000000056e-01,4.429759464732046514e-01,-4.717735196712903312e-01
9.999999999998796518e-01,7.011763559477753096e-15,1.205493529046042789e-01,9.999999988905455828e-01,9.999999999999791278e-01,1.000000000000000056e-01,4.429759424486933161e-01,-3.148249173942939683e-01
9.999999999989298560e-01,1.788163502240445020e-13,8.962159942677552227e-01,9.999999964889594306e-01,9.999999999999786837e-01,1.000000000000000056e-01,4.429759509069550738e-01,-6.446817030078496602e-01
9.999999999999896749e-01,1.331740811021145057e-12,9.663058874102670170e-01,9.999999991791391762e-01,9.999999999998461231e-01,1.000000000000000056e-01,4.429759516712507561e-01,-6.744878406547955008e-01
9.999999999993395283e-01,8.430490637070431054e-17,2.054497261000425290e-01,9.999999952900318068e-01,9.999999999997394307e-01,1.000000000000000056e-01,4.429759433744899777e-01,-3.509292989765807613e-01
9.999999999997969402e-01,6.597550685312868511e-15,1.554467906695488066e-01,9.999999958290423097e-01,9.999999999999968914e-01,1.000000000000000056e-01,4.429759428292326384e-01,-3.296652575761241932e-01
9.999999999999594769e-01,4.998689142412834352e-01,9.999999999999924505e-01,1.380489056401756898e-10,9.999999999998238076e-01,1.000000000000000056e-01,4.429759635023327036e-01,-7.665482229689511984e-01
9.999999999998732125e-01,1.822075537962663963e-13,9.999999999999990008e-01,9.527539476897355364e-01,9.999999999996891376e-01,1.000000000000000056e-01,4.429759523931084964e-01,-6.924855047077748127e-01
9.999999999999943379e-01,5.511005309754197061e-13,7.750310637423333260e-01,9.999999955905106708e-01,9.999999999999742428e-01,1.000000000000000056e-01,4.429759495854932450e-01,-5.931471011059429310e-01
9.999999999989799271e-01,2.713903537739287438e-12,6.961855526735190036e-01,9.999999994324558772e-01,9.999999999998396838e-01,1.000000000000000056e-01,4.429759487257218797e-01,-5.596175851117709543e-01
9.999999999999213962e-01,1.048829084326877780e-12,9.999999999999974465e-01,5.729772731345355030e-01,9.999999999999511502e-01,1.000000000000000056e-01,4.429759552421947966e-01,-7.219782927363685987e-01
9.999999999994835242e-01,1.139415883907303633e-14,5.950354976841659704e-01,9.999961676351877271e-01,9.999999999998017142e-01,1.000000000000000056e-01,4.429759476227592141e-01,-5.166032289565297697e-01
9.999999999951296736e-01,2.285538627620921859e-13,1.039619260835658865e-01,9.999999981385526704e-01,9.999999999999834577e-01,1.000000000000000056e-01,4.429759422678156144e-01,-3.077710169778936633e-01
9.999999999998813172e-01,1.196240259245101552e-12,7.288138345936947537e-01,9.999999993530548359e-01,9.999999999999936717e-01,1.000000000000000056e-01,4.429759490815171619e-01,-5.734929532386253692e-01
9.999999999999630296e-01,3.402556931355730726e-13,3.894279497251831312e-01,9.999999997068412805e-01,9.999999999998894218e-01,1.000000000000000056e-01,4.429759453806816349e-01,-4.291671165280007694e-01
9.999999999999817923e-01,8.280527388394423534e-13,9.999999999999988898e-01,3.064562387090624673e-01,9.999999999999914513e-01,1.000000000000000056e-01,4.429759572416367419e-01,-7.426758471171798215e-01
9.999999999998768763e-01,8.025439730423015911e-13,9.999999999999585887e-01,8.119919315956529715e-01,9.999999999999628075e-01,1.000000000000000056e-01,4.429759534491057860e-01,-7.034168350956152560e-01
9.999999999990236699e-01,1.474323626969106472e-15,9.999999999999469313e-01,4.403302299744695780e-01,9.999999999981613596e-01,1.000000000000000056e-01,4.429759562373135062e-01,-7.322794286113668560e-01
9.999999999999964473e-01,2.148433556406118827e-12,6.795251136836183425e-01,9.999999995363921812e-01,9.999999999999158451e-01,1.000000000000000056e-01,4.429759485440479816e-01,-5.525326357755891982e-01
9.999999999962063679e-01,2.498165607423071593e-15,8.271412084543799947e-02,9.999999971038388002e-01,9.999999999997315481e-01,1.000000000000000056e-01,4.429759420361187860e-01,-2.987352633476417774e-01
9.999999999989555022e-01,4.383633664935569464e-13,2.204437265141975799e-02,9.999999955995714229e-01,9.999999999995619060e-01,1.000000000000000056e-01,4.429759413745451568e-01,-2.729350974583685252e-01
9.999999999957639440e-01,2.003911572912527118e-12,3.478972082090154849e-01,9.999999976818763070e-01,9.999999999996161959e-01,1.000000000000000056e-01,4.429759449278094507e-01,-4.115059254434955127e-01
9.999999999984413579e-01,2.085615623086053960e-13,7.829822573990737888e-01,9.999999952768184874e-01,9.999999999998552269e-01,1.000000000000000056e-01,4.429759496721971113e-01,-5.965283928350350040e-01
9.999999999989597210e-01,8.221071242169493258e-13,6.356046827326196080e-01,9.999999961047877362e-01,9.999999999999802380e-01,1.000000000000000056e-01,4.429759480651174197e-01,-5.338552153626571206e-01
9.999999999989646060e-01,5.012889390433585449e-14,1.130328863354528868e-01,9.999999990598062993e-01,9.999999999999650280e-01,1.000000000000000056e-01,4.429759423667299356e-01,-3.116284959181473413e-01
9.999999999998046007e-01,1.774196366811070042e-14,3.709074939853085340e-01,9.999999958290423097e-01,9.999999999995984323e-01,1.000000000000000056e-01,4.429759451787252389e-01,-4.212911844773855607e-01
9.999999999998935296e-01,1.081999089558005586e-13,9.999999999999972244e-01,2.390997954482667609e-01,9.999999999999823475e-01,1.000000000000000056e-01,4.429759577469450926e-01,-7.479066299341278201e-01
9.999999999999840128e-01,1.759326049299987985e-13,4.081233554128482766e-01,9.999999956144658420e-01,9.999999999999785727e-01,1.000000000000000056e-01,4.429759455845458382e-01,-4.371174476886164895e-01
9.999999999999324984e-01,5.470102336506667987e-13,9.999999999998854250e-01,8.726494660556574634e-02,9.999999999992962296e-01,1.000000000000000056e-01,4.429759588860108233e-01,-7.596978570216409432e-01
9.999999999998975264e-01,2.846647027267207741e-14,6.481769168638508161e-01,9.999999955687860487e-01,9.999999999999461542e-01,1.000000000000000056e-01,4.429759482022114225e-01,-5.392016316543116750e-01
9.999999999967942310e-01,7.594121408817872919e-13,2.360963887171933784e-01,9.999999955646429184e-01,9.999999999995790034e-01,1.000000000000000056e-01,4.429759437086767115e-01,-3.639619718539878201e-01
9.999999999999145128e-01,6.906701221146601275e-13,9.999999999999903411e-01,9.402232710921636372e-01,9.999999999999588107e-01,1.000000000000000056e-01,4.429759524871136889e-01,-6.934586149935918487e-01
9.999999999999807931e-01,5.510380704479110308e-13,4.478240836564008065e-01,9.999999992795820525e-01,9.999999999998893108e-01,1.000000000000000056e-01,4.429759460174626517e-01,-4.540004147753743391e-01
9.999999999996660449e-01,4.667121752671241867e-12,9.999999999998203659e-01,9.769084644179539811e-01,9.999999999999540368e-01,1.000000000000000056e-01,4.429759522119012249e-01,-6.906097074563420923e-01
9.999999999996873612e-01,5.517219913766030767e-13,2.794432818006795105e-01,9.999999963827150840e-01,9.999999999998893108e-01,1.000000000000000056e-01,4.429759441813531651e-01,-3.823954921304076882e-01
9.999999999999630296e-01,1.749891255204320968e-12,8.399397163498222296e-01,9.999999992215099498e-01,9.999999999999904521e-01,1.000000000000000056e-01,4.429759502932900661e-01,-6.207498857753356303e-01
9.999999999999616973e-01,1.855797498326258595e-12,7.920317056554051494e-01,9.999999994379735746e-01,9.999999999999903411e-01,1.000000000000000056e-01,4.429759497708768423e-01,-6.003767234218270188e-01
9.999999999999819034e-01,1.760807622579565765e-13,3.938416399007450552e-01,9.999999992521972914e-01,9.999999999998449018e-01,1.000000000000000056e-01,4.429759454288107468e-01,-4.310440641788525484e-01
9.999999999992891242e-01,1.657221333457720863e-13,3.627351166387471348e-01,9.999999974285985749e-01,9.999999999999804601e-01,1.000000000000000056e-01,4.429759450896095241e-01,-4.178158329878031152e-01
9.999999999999064082e-01,1.436858463212637019e-12,9.047108408243379474e-01,9.999999952528294545e-01,9.999999999999941158e-01,1.000000000000000056e-01,4.429759509995871980e-01,-6.482941863890060441e-01
9.999999999989751531e-01,1.326027221863143678e-14,9.999999368552867640e-01,8.748428251720256066e-01,9.999999999998896438e-01,1.000000000000000056e-01,4.429759529775973981e-01,-6.985359184830134405e-01
9.999999999993143263e-01,1.606254234372029609e-13,3.664694135392899677e-01,9.999999967459387573e-01,9.999999999999804601e-01,1.000000000000000056e-01,4.429759451303301732e-01,-4.194038646845520413e-01
9.999999999990362154e-01,2.211214409006993077e-13,9.088603916904675062e-01,9.999999955687860487e-01,9.999999999999483746e-01,1.000000000000000056e-01,4.429759510448360027e-01,-6.500588071918803612e-01
9.999999999999612532e-01,1.305686311227958539e-12,2.834520475635407544e-01,9.999999946574251730e-01,9.999999999999973355e-01,1.000000000000000056e-01,4.429759442250668089e-01,-3.841002434004839872e-01
9.999999999999097389e-01,6.136489301936989451e-13,5.505804272867580451e-01,9.999999994510272439e-01,9.999999999991656674e-01,1.000000000000000056e-01,4.429759471379698388e-01,-4.976981521468243352e-01
9.999999999999819034e-01,3.409559073119401177e-13,7.967671971996291846e-01,9.999999997325046408e-01,9.999999999993921529e-01,1.000000000000000056e-01,4.429759498225150360e-01,-6.023905189321628884e-01
9.999999999989547250e-01,4.571543346761047530e-13,2.395333864053674211e-01,9.999999956022885828e-01,9.999999999995931033e-01,1.000000000000000056e-01,4.429759437461554539e-01,-3.654235752618116839e-01
9.999999999991650013e-01,3.777157840889990922e-13,4.517598515565542927e-01,9.999999981122430492e-01,9.999999999999086286e-01,1.000000000000000056e-01,4.429759460603802657e-01,-4.556741232334170499e-01
9.999999999991340260e-01,1.970024500879912562e-13,9.999999999999704681e-01,3.867761973111294438e-02,9.999999999998353539e-01,1.000000000000000056e-01,4.429759592505131405e-01,-7.634710632989166745e-01
9.999999999983394394e-01,1.535311020948823208e-12,4.686733880246152228e-01,9.999999984512664142e-01,9.999999999998581135e-01,1.000000000000000056e-01,4.429759462448140672e-01,-4.628667037204617918e-01
9.999999999999917843e-01,3.885581810980570114e-12,5.877125710423649618e-01,9.999999956171613524e-01,9.999999999999610312e-01,1.000000000000000056e-01,4.429759475428775573e-01,-5.134888142078554152e-01
9.999999999998919753e-01,5.014941512809478337e-15,9.999999999999976685e-01,2.129440491797469082e-01,9.999999999999120703e-01,1.000000000000000056e-01,4.429759579431656324e-01,-7.499378391475782779e-01
9.999999999999943379e-01,5.511005309754197061e-13,8.176128579684114328e-01,9.999999955905106708e-01,9.999999999999742428e-01,1.000000000000000056e-01,4.429759500498267055e-01,-6.112552586726510695e-01
9.999999999997388755e-01,9.024638183971936927e-14,7.397997499123776244e-01,9.999999977079787605e-01,9.999999999999207301e-01,1.000000000000000056e-01,4.429759492013131683e-01,-5.781647782444608863e-01
9.999999999999875655e-01,1.641227578881252683e-12,6.274101610237244886e-01,9.999999962794681174e-01,9.999999999999883427e-01,1.000000000000000056e-01,4.429759479757601759e-01,-5.303704469638604868e-01
9.999999999998783196e-01,1.100028609260438932e-13,4.284436460388086898e-01,9.999999993948389676e-01,9.999999999999974465e-01,1.000000000000000056e-01,4.429759458061285349e-01,-4.457587700808164355e-01
9.999999999999995559e-01,1.143125093086789155e-13,5.764401259102190922e-01,9.999999955746502467e-01,9.999999999999809042e-01,1.000000000000000056e-01,4.429759474199571612e-01,-5.086951408512138118e-01
9.999999999999090727e-01,2.022781399734605876e-12,8.725941091337370281e-01,9.999999986419814135e-01,9.999999999999091838e-01,1.000000000000000056e-01,4.429759506493700649e-01,-6.346363577392551969e-01
9.999999999996949107e-01,5.930676818225817413e-14,5.558946943761244874e-01,9.999999976756661635e-01,9.999999999999735767e-01,1.000000000000000056e-01,4.429759471959193173e-01,-4.999580755109239716e-01
9.999999999999596989e-01,2.946630019409765544e-12,3.797553026855713942e-01,9.999999972969551010e-01,9.999999999996251887e-01,1.000000000000000056e-01,4.429759452752062288e-01,-4.250537668699060356e-01
9.999999999989800381e-01,9.147594829313101628e-13,2.136063619706133343e-01,9.999999954568997707e-01,9.999999999997394307e-01,1.000000000000000056e-01,4.429759434634340520e-01,-3.543979561741604778e-01
9.999999999999285016e-01,7.152320319564612500e-13,1.396238070022021160e-02,9.999999993679097310e-01,9.999999999999474865e-01,1.000000000000000056e-01,4.429759412864149870e-01,-2.694981827199826041e-01
9.999999999999741318e-01,5.431469898866255288e-13,9.999999998198564333e-01,3.217026813301480104e-01,9.999999999999944489e-01,1.000000000000000056e-01,4.429759571272579022e-01,-7.414918351443396949e-01
9.999999999999721334e-01,1.205609063309123613e-12,7.051052983463321766e-01,9.999999991761178153e-01,9.999999999999642508e-01,1.000000000000000056e-01,4.429759488229872977e-01,-5.634107592571865331e-01
9.999999999988137267e-01,4.135249153536500737e-13,3.572850604623702409e-01,9.999999970805122373e-01,9.999999999999973355e-01,1.000000000000000056e-01,4.429759450301793411e-01,-4.154981646832266451e-01
9.999999999999940048e-01,2.546256837591879944e-13,9.999999999999914513e-01,6.333550563972145664e-02,9.999999999999105160e-01,1.000000000000000056e-01,4.429759590655295565e-01,-7.615561752846348176e-01
9.999999999989593880e-01,7.464812401151320856e-13,9.950549617229779154e-01,9.999999996773327737e-01,9.999999999997956079e-01,1.000000000000000056e-01,4.429759519847452087e-01,-6.867135529662348192e-01
9.999999999997645217e-01,4.617173633140928500e-12,9.999999999999699130e-01,1.755031278981097342e-01,9.999999999998340217e-01,1.000000000000000056e-01,4.429759582240475613e-01,-7.528454351872609918e-01
9.999999999999796829e-01,9.132211869900062959e-15,2.178494438273796963e-01,9.999999954992544460e-01,9.999999999999875655e-01,1.000000000000000056e-01,4.429759435097027631e-01,-3.562023515990376810e-01
9.999999999950074381e-01,1.221194811421636150e-13,5.711457722605622900e-01,9.999999946728843625e-01,9.999999999999152900e-01,1.000000000000000056e-01,4.429759473622248422e-01,-5.064436860012934138e-01
9.999999999998778755e-01,6.450425463996706393e-16,1.380072572584886137e-01,9.999999986086218762e-01,9.999999999999786837e-01,1.000000000000000056e-01,4.429759426390631472e-01,-3.222489935636264624e-01
9.999999999999219513e-01,5.635339032932418464e-13,9.999999999999923395e-01,7.355280544390023767e-01,9.999999999999935607e-01,1.000000000000000056e-01,4.429759540227380943e-01,-7.093548851972654168e-01
9.999999999989483968e-01,2.601077092781251846e-13,9.924192356683077254e-02,9.999999972973833140e-01,9.999999999999632516e-01,1.000000000000000056e-01,4.429759422163463412e-01,-3.057638083088981551e-01
9.999999999999626965e-01,1.139515832952298919e-12,2.995300220453064322e-01,9.999999981300146112e-01,9.999999999999624745e-01,1.000000000000000056e-01,4.429759444003891211e-01,-3.909374960120938214e-01
9.999999999999952260e-01,3.749668430511552904e-12,5.224668899014059953e-01,9.999999956171613524e-01,9.999999999999610312e-01,1.000000000000000056e-01,4.429759468314056203e-01,-4.857427058970781308e-01
9.999999999999835687e-01,4.698253045629943676e-13,2.502360845959910596e-01,9.999999998863576822e-01,9.999999999999860112e-01,1.000000000000000056e-01,4.429759438628630974e-01,-3.699749600634586466e-01
9.999999999995562439e-01,4.282484974180476401e-14,8.524179045103108532e-01,9.999999952620034493e-01,9.999999999999049649e-01,1.000000000000000056e-01,4.429759504293585559e-01,-6.260563087324818587e-01
9.999999999999887867e-01,2.807965251904193483e-13,8.348483392237043832e-01,9.999999990693617669e-01,9.999999999999661382e-01,1.000000000000000056e-01,4.429759502377710878e-01,-6.185847478228289065e-01
9.999999999955837549e-01,1.103363371520336501e-13,5.062989573588190240e-01,9.999999948451224752e-01,9.999999999999994449e-01,1.000000000000000056e-01,4.429759466551023150e-01,-4.788671978832171883e-01
9.999999999999942268e-01,9.121769213474362787e-16,2.607932878546773137e-01,9.999999970805122373e-01,9.999999999999994449e-01,1.000000000000000056e-01,4.429759439779841768e-01,-3.744644728431510972e-01
9.999999999998638867e-01,1.132260483501945337e-13,1.422112566410124179e-01,9.999999975397496632e-01,9.999999999999789058e-01,1.000000000000000056e-01,4.429759426849056991e-01,-3.240367690238573628e-01
9.999999999998963052e-01,1.141956570588184498e-12,9.442909208981347113e-01,9.999999968729139654e-01,9.999999999993246513e-01,1.000000000000000056e-01,4.429759514311884527e-01,-6.651258472949769240e-01
9.999999999998745448e-01,6.019215275374635645e-13,2.322401962198760161e-01,9.999999992950709959e-01,9.999999999999524825e-01,1.000000000000000056e-01,4.429759436666267924e-01,-3.623221031031417239e-01
9.999999999999890088e-01,1.789993651867636161e-13,4.939956859216617091e-01,9.999999974931692570e-01,9.999999999995681232e-01,1.000000000000000056e-01,4.429759465209411884e-01,-4.736351593900912649e-01
9.999999999996951328e-01,1.618938392759203474e-12,3.254339932323436213e-01,9.999999988576404597e-01,9.999999999999980016e-01,1.000000000000000056e-01,4.429759446828591685e-01,-4.019533115262209355e-01
9.999999999996901368e-01,1.091099245348846782e-13,9.999999999999951150e-01,1.361669687909714543e-01,9.999999999999681366e-01,1.000000000000000056e-01,4.429759585191476168e-01,-7.559002120603331987e-01
9.999999999999982236e-01,5.511005309754197061e-13,7.793307283642152417e-01,9.999999955905106708e-01,9.999999999999742428e-01,1.000000000000000056e-01,4.429759496323789625e-01,-5.949755586871193769e-01
9.999999999999743538e-01,1.281664849056509419e-14,7.668108173174854603e-01,9.999999988662819916e-01,9.999999999997525313e-01,1.000000000000000056e-01,4.429759494958555033e-01,-5.896513928801975224e-01
9.999999999996895816e-01,1.963841769749875822e-12,1.878811191850447981e-01,9.999999959155561058e-01,9.999999999999943379e-01,1.000000000000000056e-01,4.429759431829130012e-01,-3.434581458680044941e-01
9.999999999999970024e-01,4.196113282375829725e-13,6.444264383576308042e-01,9.999999957373024717e-01,9.999999999999724665e-01,1.000000000000000056e-01,4.429759481613143035e-01,-5.376067186744150073e-01
9.999999999999810152e-01,5.994297869287103958e-13,2.457742493221216074e-01,9.999999993421099242e-01,9.999999999996188604e-01,1.000000000000000056e-01,4.429759438142089611e-01,-3.680775385049147586e-01
9.999999999994944044e-01,5.673306406749802409e-14,9.999999999998180344e-01,2.255660254604655857e-01,9.999999999996858069e-01,1.000000000000000056e-01,4.429759578484754878e-01,-7.489576386875466119e-01
9.999999999994438893e-01,7.030112211544607085e-13,7.592206638969051236e-01,9.999961676351877271e-01,9.999999999998017142e-01,1.000000000000000056e-01,4.429759494131173536e-01,-5.864239331783250853e-01
9.999999999999616973e-01,1.861946943012187418e-12,8.223218610527703865e-01,9.999999994379735746e-01,9.999999999999965583e-01,1.000000000000000056e-01,4.429759501011760192e-01,-6.132577895345246999e-01
9.999999999991843191e-01,7.903565927415588711e-14,3.204081969503786431e-01,9.999999974933537761e-01,9.999999999995529132e-01,1.000000000000000056e-01,4.429759446280553403e-01,-3.998160623071572717e-01
9.999999999990489830e-01,2.737355879603893017e-13,1.767440268630929845e-01,9.999999955687860487e-01,9.999999999999483746e-01,1.000000000000000056e-01,4.429759430614685356e-01,-3.387220321096992004e-01
9.999999999993143263e-01,5.253361269564522355e-15,4.157742575351209280e-01,9.999999973055684332e-01,9.999999999999807931e-01,1.000000000000000056e-01,4.429759456679751572e-01,-4.403710385264013594e-01
9.999999999992479349e-01,8.538721711582783090e-13,6.222457994918338953e-01,9.999999999778025339e-01,9.999999999999290567e-01,1.000000000000000056e-01,4.429759479194453342e-01,-5.281742716668663684e-01
9.999999999998357980e-01,8.205006637589175634e-14,6.640237261873835894e-01,9.999999966378090299e-01,9.999999999999981126e-01,1.000000000000000056e-01,4.429759483750130289e-01,-5.459405801144746606e-01
9.999999999998768763e-01,1.835241279499123797e-14,9.999999999999998890e-01,6.812853944680761220e-01,9.999999999999844569e-01,1.000000000000000056e-01,4.429759544296668072e-01,-7.135672746871170036e-01
9.999999999989725996e-01,1.660161541087681988e-14,4.429283488289381676e-01,9.999999977079787605e-01,9.999999999995848876e-01,1.000000000000000056e-01,4.429759459640771335e-01,-4.519184749687547020e-01
9.999999999999972244e-01,2.114554218194401527e-11,9.999999999999951150e-01,1.881980726827089945e-01,9.999999999999681366e-01,1.000000000000000056e-01,4.429759581288100212e-01,-7.518595681226646343e-01
9.999999999990224486e-01,9.024638183971936927e-14,1.979052083655083449e-01,9.999999977079787605e-01,9.999999999999207301e-01,1.000000000000000056e-01,4.429759432922207307e-01,-3.477209484038129572e-01
9.999999999994606537e-01,7.872872493002979956e-13,9.849042219751105165e-01,9.999999994939018366e-01,9.999999999992619237e-01,1.000000000000000056e-01,4.429759518740564173e-01,-6.823968914094441507e-01
9.999999999994438893e-01,7.200204972559378561e-13,1.659556511631636866e-01,9.999975386182061721e-01,9.999999999998017142e-01,1.000000000000000056e-01,4.429759429438450136e-01,-3.341344029155904893e-01
9.999999999988047339e-01,1.189929432822335882e-12,7.710182608478873822e-01,9.999999992237803559e-01,9.999999999999716893e-01,1.000000000000000056e-01,4.429759495417355808e-01,-5.914406328740470231e-01
9.999999999999814593e-01,3.050968870343947584e-13,9.901743163753129462e-01,9.999999994514704449e-01,9.999999999999936717e-01,1.000000000000000056e-01,4.429759519315241700e-01,-6.846380299443673989e-01
9.999999999998954170e-01,2.304325592646455253e-13,9.999999938529399168e-01,4.747601507014128086e-01,9.999999999998534506e-01,1.000000000000000056e-01,4.429759559790200085e-01,-7.296056589604212883e-01
9.999999999998134825e-01,5.125373861853009868e-13,4.118887940696375760e-01,9.999999974285985749e-01,9.999999999999877875e-01,1.000000000000000056e-01,4.429759456256061045e-01,-4.387187224057095269e-01
9.999999999999216183e-01,6.136489301936989451e-13,5.168071986576552312e-01,9.999999973949136312e-01,9.999999999991672217e-01,1.000000000000000056e-01,4.429759467696894881e-01,-4.833358888866611247e-01
9.999999999997282174e-01,7.585826819377536432e-13,3.219179965483598416e-02,9.999999961097104650e-01,9.999999999997385425e-01,1.000000000000000056e-01,4.429759414851978105e-01,-2.772503502259652253e-01
9.999999999999581446e-01,5.671903611609911212e-13,1.326843887604109984e-01,9.999999951861464620e-01,9.999999999997422062e-01,1.000000000000000056e-01,4.429759425810199103e-01,-3.199854128031470735e-01
9.999999999996873612e-01,5.517219913766030767e-13,9.347645385083088732e-01,9.999999991267286559e-01,9.999999999998699929e-01,1.000000000000000056e-01,4.429759513273079374e-01,-6.610746971741997546e-01
9.999999999958942842e-01,1.789706636832772341e-12,3.517252609377800043e-01,9.999999960504803997e-01,9.999999999999888978e-01,1.000000000000000056e-01,4.429759449695524487e-01,-4.131338274298391733e-01
9.999999999999724665e-01,1.149076935425260919e-13,8.073842076152391023e-01,9.999999993711160551e-01,9.999999999999993339e-01,1.000000000000000056e-01,4.429759499382883159e-01,-6.069054648661992291e-01
9.999999999999912292e-01,2.968815128360446562e-14,8.917514637310914871e-01,9.999999991842358771e-01,9.999999999999111822e-01,1.000000000000000056e-01,4.429759508582715721e-01,-6.427831350211242745e-01
9.999999999995610178e-01,5.214581903347565877e-13,9.999999996929527235e-01,4.956251943464468623e-01,9.999999999999802380e-01,1.000000000000000056e-01,4.429759558224904414e-01,-7.279853188831496569e-01
9.999999999998110400e-01,3.261165158662353670e-14,8.669054607618787989e-01,9.999999999475739365e-01,9.999999999999391598e-01,1.000000000000000056e-01,4.429759505873381853e-01,-6.322172265758293497e-01
9.999999999997745137e-01,2.292140035452660116e-12,3.091827670872065448e-01,9.999999963827150840e-01,9.999999999996840305e-01,1.000000000000000056e-01,4.429759445056475897e-01,-3.950423825520789078e-01
9.999999999999723554e-01,1.355587933754208222e-12,5.269326751135051667e-01,9.999999960189818182e-01,9.999999999999857891e-01,1.000000000000000056e-01,4.429759468801028333e-01,-4.876418072017413285e-01
9.999999999999732436e-01,3.985019323194253547e-15,5.913866226149648853e-01,9.999999994956678684e-01,9.999999999999906741e-01,1.000000000000000056e-01,4.429759475829412874e-01,-5.150512258719274206e-01
9.999999999999389377e-01,1.448791678363263649e-13,8.622139742153200892e-01,9.999999981787890402e-01,9.999999999999964473e-01,1.000000000000000056e-01,4.429759505361798300e-01,-6.302221445638019892e-01
9.999999999999386047e-01,1.651962491869667296e-13,9.483280941413129161e-01,9.999999981787890402e-01,9.999999999999984457e-01,1.000000000000000056e-01,4.429759514752117933e-01,-6.668426787765991959e-01
9.999999999989555022e-01,4.388340860523089179e-13,4.398798403141873647e-02,9.999999955995714229e-01,9.999999999995619060e-01,1.000000000000000056e-01,4.429759416138294159e-01,-2.822667468097758148e-01
9.999999999990560884e-01,7.962204140337984390e-14,9.999999998054690531e-01,1.572190982830520833e-02,9.999999999998627764e-01,1.000000000000000056e-01,4.429759594227269948e-01,-7.652537632392298894e-01
9.999999999999742428e-01,1.372224528796640034e-15,9.749637983766619165e-01,9.999999970805122373e-01,9.999999999999994449e-01,1.000000000000000056e-01,4.429759517656610135e-01,-6.781696682007730681e-01
9.999999999998192557e-01,2.787289424606857980e-13,2.924285084391621270e-01,9.999999889691804089e-01,9.999999999997792877e-01,1.000000000000000056e-01,4.429759443229507321e-01,-3.879175364408481430e-01
9.999999999989332977e-01,5.547411466035783047e-14,9.270050980988362443e-01,9.999999959581999942e-01,9.999999999995738964e-01,1.000000000000000056e-01,4.429759512426950652e-01,-6.577749499088157981e-01
9.999999999983480992e-01,8.268225673158360043e-14,4.634565244096873204e-01,9.999999960268585175e-01,9.999999999998694378e-01,1.000000000000000056e-01,4.429759461879267390e-01,-4.606482020801411226e-01
9.999999999965777375e-01,1.190815473828374678e-13,9.178964513873646425e-01,9.999999971096772411e-01,9.999999999999873435e-01,1.000000000000000056e-01,4.429759511433697949e-01,-6.539014444194849451e-01
9.999999999994247935e-01,3.998437081392300921e-16,2.654100082594034182e-01,9.999999982161636991e-01,9.999999999997601918e-01,1.000000000000000056e-01,4.429759440283272398e-01,-3.764277601657076699e-01
9.999999999950265339e-01,1.599013013583597102e-14,8.307046052852651297e-01,9.999999948674435091e-01,9.999999999997940536e-01,1.000000000000000056e-01,4.429759501925857323e-01,-6.168226010060063880e-01
9.999999999997586375e-01,1.200959691282517445e-13,6.585224933983342410e-01,9.999999975440518885e-01,9.999999999999081846e-01,1.000000000000000056e-01,4.429759483150247923e-01,-5.436011485578736702e-01
9.999999999996534994e-01,1.990027383864840354e-12,3.329840667636357887e-01,9.999999981755294254e-01,9.999999999996119771e-01,1.000000000000000056e-01,4.429759447651889781e-01,-4.051640245992117473e-01
9.999999999999794609e-01,1.418071110338172426e-14,9.999999999999575895e-01,7.849817411496882169e-01,9.999999999999645839e-01,1.000000000000000056e-01,4.429759536517363649e-01,-7.055143989401241322e-01
9.999999999996703748e-01,1.149076935425260919e-13,8.265578668843518440e-01,9.999999999126254480e-01,9.999999999997580824e-01,1.000000000000000056e-01,4.429759501473675698e-01,-6.150591758055728997e-01
9.999999999957358554e-01,5.086418637050963380e-13,4.861755802091796141e-01,9.999999990123843441e-01,9.999999999999911182e-01,1.000000000000000056e-01,4.429759464356667897e-01,-4.703096134832281949e-01
9.999999999999867883e-01,2.311989421577897662e-13,7.169766987878156694e-01,9.999999992605103083e-01,9.999999999998419042e-01,1.000000000000000056e-01,4.429759489524390248e-01,-5.684591418662915396e-01
9.999999999990033528e-01,4.014474063252914476e-15,7.877526094542047774e-02,9.999999976937311574e-01,9.999999999997548628e-01,1.000000000000000056e-01,4.429759419931674769e-01,-2.970602400435023993e-01
9.999999999950394125e-01,2.595646452228386879e-14,4.368250569713132414e-01,9.999992375669832789e-01,9.999999999998788747e-01,1.000000000000000056e-01,4.429759458975294217e-01,-4.493230733653162945e-01
9.999999999996949107e-01,5.930676818225817413e-14,5.461613338680360030e-01,9.999999976756661635e-01,9.999999999999733546e-01,1.000000000000000056e-01,4.429759470897818296e-01,-4.958189069075172872e-01
9.999999999997237765e-01,7.532735204065653827e-13,7.121850555924805759e-01,9.999999984071735737e-01,9.999999999997385425e-01,1.000000000000000056e-01,4.429759489001885431e-01,-5.664214675804600807e-01
9.999999999997611910e-01,2.806310029220645454e-14,9.999999999999926725e-01,6.389034049457165132e-01,9.999999999996890265e-01,1.000000000000000056e-01,4.429759547476166404e-01,-7.168585853895929061e-01
9.999999999965333286e-01,5.382506432056383374e-13,3.421372909616956504e-01,9.999999971603230620e-01,9.999999999999734657e-01,1.000000000000000056e-01,4.429759448650003595e-01,-4.090564869158815897e-01
9.999999999998616662e-01,7.302558974613834235e-14,4.843796896059487933e-02,9.999999864439594877e-01,9.999999999999310552e-01,1.000000000000000056e-01,4.429759416623543777e-01,-2.841591296935926936e-01
9.999999999999846789e-01,1.343168076147480981e-14,3.137930566715236846e-01,9.999999995791098995e-01,9.999999999999498179e-01,1.000000000000000056e-01,4.429759445559204867e-01,-3.970029349698785959e-01
9.999999999987995158e-01,3.876433412870249075e-13,9.126432125315625532e-02,9.999999959681501460e-01,9.999999999999079625e-01,1.000000000000000056e-01,4.429759421293545385e-01,-3.023712862714947880e-01
9.999999999996690425e-01,4.745170479039456889e-12,2.223761048624542380e-01,9.999999975395391649e-01,9.999999999999968914e-01,1.000000000000000056e-01,4.429759435590637784e-01,-3.581273405763948370e-01
9.999999999999957812e-01,4.962929837723669198e-14,9.717234719394201026e-01,9.999999976620724818e-01,9.999999999999211742e-01,1.000000000000000056e-01,4.429759517303268335e-01,-6.767917003461848546e-01
9.999999999999737987e-01,6.771710460547702793e-14,4.554445995913555256e-01,9.999999961262274750e-01,9.999999999998901989e-01,1.000000000000000056e-01,4.429759461005606802e-01,-4.572410840856940828e-01
9.999999999999097389e-01,6.136489301936989451e-13,5.599906680961973526e-01,9.999999956227211273e-01,9.999999999990886179e-01,1.000000000000000056e-01,4.429759472405839227e-01,-5.016999125016817773e-01
9.999999999999812372e-01,3.108124995928282544e-12,7.499391189993165341e-01,9.999999983045232410e-01,9.999999999999895639e-01,1.000000000000000056e-01,4.429759493118780034e-01,-5.824766043288850392e-01
9.999999999997396527e-01,4.525784673419396790e-13,3.376383513633385292e-01,9.999999990091396063e-01,9.999999999995785593e-01,1.000000000000000056e-01,4.429759448159416579e-01,-4.071432863397349555e-01
9.999999999999177325e-01,2.268767594080384650e-13,9.999999938529399168e-01,9.905551431890857739e-01,9.999999999999600320e-01,1.000000000000000056e-01,4.429759521095237296e-01,-6.895499277917301884e-01
9.999999999999164002e-01,8.222919783233266027e-13,1.248658994003140482e-01,9.999999973894670990e-01,9.999999999997891686e-01,1.000000000000000056e-01,4.429759424957631087e-01,-3.166605542072938873e-01
9.999999999999752420e-01,1.190445158431623548e-11,9.999999999999915623e-01,8.988156188545053382e-01,9.999999999999903411e-01,1.000000000000000056e-01,4.429759527977540912e-01,-6.966742603775800680e-01
9.999999999999770184e-01,5.684549896567600709e-12,9.998488033883479176e-01,9.999187498752252212e-01,9.999999999999970024e-01,1.000000000000000056e-01,4.429759520376292392e-01,-6.887584719478415662e-01
9.999999999999630296e-01,3.403953480323371357e-13,3.980889580728732557e-01,9.999999997068412805e-01,9.999999999998910871e-01,1.000000000000000056e-01,4.429759454751256986e-01,-4.328502610901462377e-01
9.999999999958406605e-01,1.115158750265319344e-13,7.547128458203381518e-01,9.999999977079787605e-01,9.999999999999248379e-01,1.000000000000000056e-01,4.429759493639331414e-01,-5.845066596847131590e-01
9.999999999998580025e-01,1.870457232335574535e-11,9.999999996584603146e-01,3.858410034146410594e-01,9.999999999999856781e-01,1.000000000000000056e-01,4.429759566460919062e-01,-7.365109658845540030e-01
9.999999999996673772e-01,1.722504204895218396e-13,2.272922728192118824e-01,9.999999960396592780e-01,9.999999999999719114e-01,1.000000000000000056e-01,4.429759436126721739e-01,-3.602179699302553439e-01
9.999999999984413579e-01,2.085615623086053960e-13,8.604998697977112032e-02,9.999999963171436468e-01,9.999999999998552269e-01,1.000000000000000056e-01,4.429759420724947994e-01,-3.001538600329650697e-01
9.999999999999612532e-01,1.305686311227958539e-12,2.695901737502785500e-01,9.999999960658646492e-01,9.999999999999973355e-01,1.000000000000000056e-01,4.429759440739098886e-01,-3.782054002071418841e-01
9.999999999999777955e-01,1.379541316255132952e-12,9.576045260093919431e-01,9.999999977079787605e-01,9.999999999999185096e-01,1.000000000000000056e-01,4.429759515763667110e-01,-6.707875358345568584e-01
9.999999999999708011e-01,9.707265275443714740e-14,9.999999999999974465e-01,5.120833093527499269e-01,9.999999999997492006e-01,1.000000000000000056e-01,4.429759556990215952e-01,-7.267072107734690034e-01
9.999999999999885647e-01,2.746885284186288947e-13,9.999999999982378540e-01,1.995882159535969369e-01,9.999999999999064082e-01,1.000000000000000056e-01,4.429759580433611510e-01,-7.509750296442995188e-01
9.999999999998814282e-01,9.079110638566006637e-13,9.999999999999984457e-01,8.490278289866679540e-01,9.999999999997061240e-01,1.000000000000000056e-01,4.429759531712623155e-01,-7.005406924981506522e-01
9.999999999996660449e-01,4.667121752671241867e-12,9.999999999998210320e-01,9.684647209425040204e-01,9.999999999999541478e-01,1.000000000000000056e-01,4.429759522752462209e-01,-6.912654337112796865e-01
9.999999999999820144e-01,6.986138986348251545e-14,1.710378616948760033e-01,9.999999994514704449e-01,9.999999999999936717e-01,1.000000000000000056e-01,4.429759429992455866e-01,-3.362954516272126382e-01
9.999999999993945954e-01,3.998437081392300921e-16,4.721363726554861917e-01,9.999999982229612616e-01,9.999999999998601119e-01,1.000000000000000056e-01,4.429759462825761940e-01,-4.643393582490950022e-01
9.999999999999916733e-01,1.342069109089910613e-12,5.824936458251059879e-01,9.999999955998796208e-01,9.999999999999981126e-01,1.000000000000000056e-01,4.429759474859678026e-01,-5.112694356731387613e-01
