9.999999999987007060e-01,4.912443078688600073e-13,9.999999999999230615e-01,1.675366093153260199e-12,9.999999999997875033e-01,4.000000000000000222e-01,4.429759626453492749e-01,-7.972096311041617644e-01
9.999999999980974108e-01,1.329628214838589173e-13,1.787234804595527748e-10,9.999999959710543784e-01,9.999999999999458211e-01,4.000000000000000222e-01,4.429759442388385704e-01,-2.942955307737357140e-01
9.999999999983927301e-01,9.392788547543259421e-13,9.999999999999418243e-01,1.139660631371656185e-01,9.999999999998382405e-01,4.000000000000000222e-01,4.429759617903753499e-01,-7.883592272539109436e-01
9.999999999895650138e-01,6.038898456213989738e-15,9.999999999999917843e-01,7.720543477237924723e-02,9.999999999993751665e-01,4.000000000000000222e-01,4.429759620661537500e-01,-7.912139929437179697e-01
9.999999999999023004e-01,7.729660521672697039e-14,9.999999999999559241e-01,1.181267673625457926e-02,9.999999999998284705e-01,4.000000000000000222e-01,4.429759625567304959e-01,-7.962922794227612622e-01
9.999999999944394480e-01,7.500371205857061913e-13,9.999999999999993339e-01,8.966523633629631673e-01,9.999999999999773515e-01,4.000000000000000222e-01,4.429759559186592921e-01,-7.275771869311459250e-01
9.999999999992992272e-01,3.870660340379594619e-13,9.999999999999619194e-01,4.295602044666332886e-01,9.999999999999950040e-01,4.000000000000000222e-01,4.429759594227867248e-01,-7.638507417752330442e-01
9.999999999999438227e-01,3.768393474145298817e-13,9.999999999999991118e-01,8.725478320921672415e-01,9.999999999995742295e-01,4.000000000000000222e-01,4.429759560994915857e-01,-7.294491023986232614e-01
9.999999999981308285e-01,2.392541219749037905e-13,9.999999999999553690e-01,6.899505883722973909e-01,9.999999999999823475e-01,4.000000000000000222e-01,4.429759574693368784e-01,-7.436292829226761603e-01
9.999999999996055378e-01,9.171894133465911262e-14,9.999999999999681366e-01,7.037162769872280510e-01,9.999999999999454880e-01,4.000000000000000222e-01,4.429759573660666527e-01,-7.425602637761262725e-01
9.999999999981988852e-01,3.251577318689230025e-13,5.344577780350484586e-01,9.999999975736392210e-01,9.999999999999982236e-01,4.000000000000000222e-01,4.429759500668367656e-01,-5.215768331430813420e-01
9.999999999998470113e-01,4.914056571679377748e-14,1.432539829566706890e-01,9.999999992304432483e-01,9.999999999999502620e-01,4.000000000000000222e-01,4.429759458009525086e-01,-3.552151263093635825e-01
9.999999999968242070e-01,9.999981568421387745e-01,9.999999999999369393e-01,3.118646041010055686e-12,9.999999999989250821e-01,4.000000000000000222e-01,4.429759705707322914e-01,-7.973567170252254810e-01
9.999999999997658540e-01,1.461392875177750067e-14,8.061166318568593336e-01,9.999999986422490883e-01,9.999999999999967804e-01,4.000000000000000222e-01,4.429759530291424441e-01,-6.371013528419745553e-01
9.999999999997358779e-01,8.238165643277947587e-13,9.999999999999088507e-01,8.324555474888392093e-01,9.999999999999622524e-01,4.000000000000000222e-01,4.429759564002641037e-01,-7.325625986469072037e-01
9.999999999989731547e-01,6.932648237279070622e-14,6.203327475247065736e-01,9.999999950945359650e-01,9.999999999999712452e-01,4.000000000000000222e-01,4.429759510032609260e-01,-5.580956674251648097e-01
9.999999999999713562e-01,6.854539729649074358e-13,9.999999999999913403e-01,1.263984899329763656e-01,9.999999999990146771e-01,4.000000000000000222e-01,4.429759616971072345e-01,-7.873937468734107936e-01
9.999999999999552580e-01,1.469448079567638294e-13,9.999999999999996669e-01,3.471941095691267742e-01,9.999999999998788747e-01,4.000000000000000222e-01,4.429759600406975029e-01,-7.702471477164515301e-01
9.999999999997473132e-01,9.422952453952603344e-14,9.999999999999997780e-01,3.710653761745558166e-02,9.999999999999765743e-01,4.000000000000000222e-01,4.429759623669758395e-01,-7.943280027112477049e-01
9.999999999996622702e-01,3.030298732561684690e-14,8.112278842633012521e-02,9.999999978863381989e-01,9.999999999999583666e-01,4.000000000000000222e-01,4.429759451234425160e-01,-3.287934717881256796e-01
9.999999999996709299e-01,6.981983327249419129e-12,5.115314877112264735e-01,9.999999958444431014e-01,9.999999999992487121e-01,4.000000000000000222e-01,4.429759498168369114e-01,-5.118272939461793181e-01
9.999999999999393818e-01,2.348573474387501478e-14,9.999999999069946188e-01,7.462082603120997470e-01,9.999999999999867883e-01,4.000000000000000222e-01,4.429759570472915908e-01,-7.392604111098318720e-01
9.999999999997526423e-01,5.222842756012152216e-13,8.741011474380098178e-01,9.999999997431614496e-01,9.999999999999918954e-01,4.000000000000000222e-01,4.429759537704800465e-01,-6.660121664649590878e-01
9.999999999998019362e-01,6.196323880768989743e-14,2.917072242364420198e-01,9.999999997424897646e-01,9.999999999999796829e-01,4.000000000000000222e-01,4.429759474197618174e-01,-4.183457372087956427e-01
9.999999999998562261e-01,2.720510822328644000e-13,9.999999999999998890e-01,1.787436056572062615e-01,9.999999999999394928e-01,4.000000000000000222e-01,4.429759613044139122e-01,-7.833287173287718508e-01
9.999999999997569722e-01,2.283019809437608435e-13,9.999999999999998890e-01,4.410767726288490342e-01,9.999999999999922284e-01,4.000000000000000222e-01,4.429759593363893910e-01,-7.629563853640611848e-01
9.999999999995941025e-01,1.522719105110054024e-13,9.999999999999585887e-01,2.147159125412018421e-01,9.999999999998792077e-01,4.000000000000000222e-01,4.429759610345495591e-01,-7.805351712981357659e-01
9.999999999988247179e-01,7.208106102632222401e-01,9.999999999999898970e-01,6.482802368586323104e-10,9.999999999999036326e-01,4.000000000000000222e-01,4.429759683580599683e-01,-7.973156523413514885e-01
9.999999999993747224e-01,1.461392875177750067e-14,1.113108757034538820e-01,9.999999989052196225e-01,9.999999999999427125e-01,4.000000000000000222e-01,4.429759454526286944e-01,-3.416311327564321987e-01
9.999999999999386047e-01,7.288161118821971778e-11,8.537879790884220776e-01,9.999999975142125352e-01,9.999999999999996669e-01,4.000000000000000222e-01,4.429759535489749545e-01,-6.573738727418786398e-01
9.999999999996042055e-01,9.405927185474513046e-13,9.999999999999346079e-01,3.766043666275523116e-01,9.999999999999938938e-01,4.000000000000000222e-01,4.429759598200616599e-01,-7.679631989238356882e-01
9.999999999998714362e-01,1.568701774675512742e-14,7.969330010587831747e-01,9.999999966069543778e-01,9.999999999999007461e-01,4.000000000000000222e-01,4.429759529289994946e-01,-6.331959601780824398e-01
9.999999999946674878e-01,5.727763201564732137e-14,9.087872758700160647e-02,9.999999968574075915e-01,9.999999999999450440e-01,4.000000000000000222e-01,4.429759452298262512e-01,-3.329422421759139494e-01
9.999999999996908029e-01,3.866287779389927892e-12,2.865735711473871294e-01,9.999999974408348979e-01,9.999999999999863443e-01,4.000000000000000222e-01,4.429759473637818745e-01,-4.161626213235584126e-01
9.999999999999371614e-01,4.473127984332314622e-01,9.999999999999970024e-01,1.679194543829920505e-12,9.999999999999851230e-01,4.000000000000000222e-01,4.429759661904810741e-01,-7.972754246401388967e-01
9.999999999999502620e-01,3.768393474145298817e-13,9.999999999999991118e-01,8.602326027604283443e-01,9.999999999999892308e-01,4.000000000000000222e-01,4.429759561918804600e-01,-7.304054814303119203e-01
9.999999999982668308e-01,1.236435538500540967e-12,8.441208392428198870e-01,9.999999975142125352e-01,9.999999999999965583e-01,4.000000000000000222e-01,4.429759534435596113e-01,-6.532628648639394742e-01
9.999999999985480503e-01,8.488141807078632926e-14,9.999999999999991118e-01,1.398017446256293872e-01,9.999999999999583666e-01,4.000000000000000222e-01,4.429759615965559449e-01,-7.863528737076234121e-01
9.999999999996209699e-01,3.417206283549193962e-13,3.597084744890542973e-01,9.999999962199225267e-01,9.999999999999312772e-01,4.000000000000000222e-01,4.429759481612819405e-01,-4.472636677090534585e-01
9.999999999999952260e-01,3.174411848502475590e-13,9.999999999999851230e-01,6.387496777738940756e-02,9.999999999988905541e-01,4.000000000000000222e-01,4.429759621661589764e-01,-7.922492135449709094e-01
9.999999999999799050e-01,5.830067309199790563e-14,4.854282630270509435e-02,9.999999961407185500e-01,9.999999999999575895e-01,4.000000000000000222e-01,4.429759447681741458e-01,-3.149386520798130862e-01
9.999999999999958922e-01,6.768460389750367637e-11,4.854044829812546036e-01,9.999999971416604350e-01,9.999999999991682209e-01,4.000000000000000222e-01,4.429759495319348095e-01,-5.007166319531098919e-01
9.999999999999159561e-01,2.521358655601815440e-13,9.999999999999850120e-01,3.085391664556250135e-01,9.999999999999891198e-01,4.000000000000000222e-01,4.429759603306870908e-01,-7.732490225547324902e-01
9.999999999999669154e-01,6.854539729649074358e-13,9.999999999999913403e-01,1.918971782410213156e-01,9.999999999990146771e-01,4.000000000000000222e-01,4.429759612057357909e-01,-7.823072340360953669e-01
9.999999999981988852e-01,9.965415177841060666e-15,5.177666377168124168e-01,9.999999975736392210e-01,9.999999999984005017e-01,4.000000000000000222e-01,4.429759498848281352e-01,-5.144788278962088013e-01
9.999999999887091429e-01,2.258552156808246683e-15,3.557959800813763618e-01,9.999999946752221591e-01,9.999999999994779731e-01,4.000000000000000222e-01,4.429759481186181236e-01,-4.455998566509163927e-01
9.999999999998511191e-01,5.929396141987353314e-11,3.626098766431544718e-01,9.999999987013480363e-01,9.999999999999964473e-01,4.000000000000000222e-01,4.429759481929202436e-01,-4.484975057870325132e-01
9.999999999995182742e-01,7.567153145650757367e-13,9.999999999998399058e-01,5.478074502767619203e-01,9.999999999981195042e-01,4.000000000000000222e-01,4.429759585356953799e-01,-7.546678688137972157e-01
9.999999999999763522e-01,2.981829964417439704e-13,8.647404296359693099e-01,9.999999956809378920e-01,9.999999999999911182e-01,4.000000000000000222e-01,4.429759536684060306e-01,-6.620314666720249486e-01
9.999999999999680256e-01,1.167743806532241715e-14,6.037687286428551348e-01,9.999999971871869064e-01,9.999999999998410161e-01,4.000000000000000222e-01,4.429759508226384646e-01,-5.510517211504796231e-01
9.999999999998152589e-01,1.767561862429091939e-12,5.262773445495145808e-01,9.999999973021448385e-01,9.999999999999982236e-01,4.000000000000000222e-01,4.429759499776331766e-01,-5.180980558792637192e-01
9.999999999992655875e-01,3.045303222608744545e-13,9.420000018264963471e-01,9.999999989626464636e-01,9.999999999998877565e-01,4.000000000000000222e-01,4.429759545108835073e-01,-6.948865523098620711e-01
9.999999999996842526e-01,1.606716272668171506e-12,4.003364989473853219e-01,9.999999959762677637e-01,9.999999999999306111e-01,4.000000000000000222e-01,4.429759486043104433e-01,-4.645409732492259414e-01
9.999999999996200817e-01,7.612452127967327438e-14,9.999999999999681366e-01,5.910069856452426773e-01,9.999999999999462652e-01,4.000000000000000222e-01,4.429759582116122307e-01,-7.513130689411441354e-01
9.999999999999572564e-01,9.405927185474513046e-13,9.999999999999967804e-01,3.611810330919243972e-01,9.999999999999825695e-01,4.000000000000000222e-01,4.429759599357675492e-01,-7.691609478565050173e-01
9.999999999999082956e-01,1.137180987053512525e-13,6.533573164931447685e-01,9.999999950065555643e-01,9.999999999999691358e-01,4.000000000000000222e-01,4.429759513633775847e-01,-5.721395589426127026e-01
9.999999999992184030e-01,1.658759261085505876e-12,9.001738576487748889e-01,9.999999988261638606e-01,9.999999999999727995e-01,4.000000000000000222e-01,4.429759540547900665e-01,-6.770997393662875341e-01
9.999999999983004706e-01,3.766574497159894296e-12,9.558080034213622955e-01,9.999999974374252920e-01,9.999999999999934497e-01,4.000000000000000222e-01,4.429759546614529531e-01,-7.007584860347070288e-01
9.999999999998596678e-01,5.104402460145291519e-14,3.355163536227849796e-01,9.999999991253063492e-01,9.999999999999963363e-01,4.000000000000000222e-01,4.429759478974787390e-01,-4.369758262945350191e-01
9.999999999999572564e-01,1.087568838067108359e-12,1.000000000000000000e+00,2.023390892731961599e-01,9.999999999999440448e-01,4.000000000000000222e-01,4.429759611274005082e-01,-7.814963336064880695e-01
9.999999999998429034e-01,2.989735372487677034e-14,2.426760552355859968e-01,9.999999995508550565e-01,9.999999999999844569e-01,4.000000000000000222e-01,4.429759468851011128e-01,-3.974949452340797995e-01
9.999999999995942135e-01,1.383223778545814048e-13,1.899343694345109468e-01,9.999999980016910373e-01,9.999999999999210631e-01,4.000000000000000222e-01,4.429759463099791073e-01,-3.750662343485718919e-01
9.999999999999837907e-01,2.127124643131329418e-14,4.765158121871822527e-01,9.999999977718904143e-01,9.999999999999871214e-01,4.000000000000000222e-01,4.429759494350082316e-01,-4.969366725529128503e-01
9.999999999998984146e-01,2.690944797434031806e-13,3.518807224122586508e-01,9.999999996897543930e-01,9.999999999999887867e-01,4.000000000000000222e-01,4.429759480759241086e-01,-4.439348699897601724e-01
9.999999999998794298e-01,2.966101989745327236e-14,8.957560953126559866e-01,9.999999966059177625e-01,9.999999999999857891e-01,4.000000000000000222e-01,4.429759540066165457e-01,-6.752210602119451677e-01
9.999999999997110089e-01,1.074072085500628557e-13,1.560791658399595105e-01,9.999999973747227822e-01,9.999999999999715783e-01,4.000000000000000222e-01,4.429759459408048050e-01,-3.606691106425531368e-01
9.999999999992777999e-01,3.768518401506150156e-12,8.858226690658563829e-01,9.999999997234777505e-01,9.999999999999742428e-01,4.000000000000000222e-01,4.429759538982974143e-01,-6.709968122389956546e-01
9.999999999890076818e-01,3.260688175415211013e-14,1.010341262833424902e-01,9.999999965701743543e-01,9.999999999999403810e-01,4.000000000000000222e-01,4.429759453405658354e-01,-3.372608850150170534e-01
9.999999999999501510e-01,1.065249411485958756e-12,5.436897953165360509e-01,9.999999996658751611e-01,9.999999999999962252e-01,4.000000000000000222e-01,4.429759501675073485e-01,-5.255028024385993701e-01
9.999999999973070430e-01,4.367096422302139625e-13,4.412909199063752563e-02,9.999999974583523299e-01,9.999999999999923395e-01,4.000000000000000222e-01,4.429759447200445344e-01,-3.130616855919116093e-01
9.999999999895650138e-01,6.038898456213989738e-15,9.999999999999917843e-01,9.553157166530954481e-01,9.999999999999804601e-01,4.000000000000000222e-01,4.429759554785665521e-01,-7.230214941791207606e-01
9.999999999999933387e-01,7.029248544214710593e-14,9.999999999999851230e-01,5.205843808911310155e-01,9.999999999985372812e-01,4.000000000000000222e-01,4.429759587399229592e-01,-7.567819644619567798e-01
9.999999999999705791e-01,1.275148874985605289e-15,9.999999999999917843e-01,2.525693863042232645e-01,9.999999999999071854e-01,4.000000000000000222e-01,4.429759607505726060e-01,-7.775955371582442543e-01
9.999999999996209699e-01,3.417206283549193962e-13,3.472252436264068876e-01,9.999999962199225267e-01,9.999999999999312772e-01,4.000000000000000222e-01,4.429759480251584391e-01,-4.419551006196437148e-01
9.999999999991898703e-01,1.465201276495168929e-14,9.999999999999995559e-01,3.899753266969677723e-01,9.999999999999101830e-01,4.000000000000000222e-01,4.429759597197526211e-01,-7.669248337016624228e-01
9.999999999997687405e-01,1.227686823201225457e-13,9.999999999999996669e-01,6.038574426664831130e-01,9.999999999999595879e-01,4.000000000000000222e-01,4.429759581152080683e-01,-7.503151250692260410e-01
9.999999999997387645e-01,1.278238996229642754e-12,3.955546120930417131e-02,9.999999997030349919e-01,9.999999999999388267e-01,4.000000000000000222e-01,4.429759446701713177e-01,-3.111167221219998114e-01
9.999999999999683586e-01,2.500103025180260699e-14,8.586403228326418002e-01,9.999999992268980842e-01,9.999999999989559463e-01,4.000000000000000222e-01,4.429759536018873511e-01,-6.594373602260826805e-01
9.999999999999025224e-01,2.816377281100751563e-13,4.194013191798721119e-01,9.999999951407367860e-01,9.999999999999694689e-01,4.000000000000000222e-01,4.429759488122029243e-01,-4.726483998576610501e-01
9.999999999998967493e-01,9.742603677766791728e-14,8.814360102755269821e-03,9.999999948748901080e-01,9.999999999981583620e-01,4.000000000000000222e-01,4.429759443349548520e-01,-2.980438890774231853e-01
9.999999999997080113e-01,2.296264450135020974e-13,8.256246048980470098e-01,9.999999974536936120e-01,9.999999999999980016e-01,4.000000000000000222e-01,4.429759532418672818e-01,-6.453972328059253138e-01
9.999999999997299938e-01,4.799571639603425232e-13,9.183415881108931700e-01,9.999999963185001173e-01,1.000000000000000000e+00,4.000000000000000222e-01,4.429759542529002059e-01,-6.848256734211589647e-01
9.999999999992756905e-01,1.311574153232470884e-13,3.310576911983502679e-01,9.999999973783509910e-01,9.999999999999727995e-01,4.000000000000000222e-01,4.429759478488592417e-01,-4.350797541018281978e-01
9.999999999998975264e-01,1.202497120794511360e-16,7.464146889952952835e-01,9.999999979560953989e-01,9.999999999997930544e-01,4.000000000000000222e-01,4.429759523781222619e-01,-6.117127517804675785e-01
9.999999999997472022e-01,1.345470344705147955e-13,5.066601641275446655e-01,9.999999984631118277e-01,9.999999999998860911e-01,4.000000000000000222e-01,4.429759497637175136e-01,-5.097557348373568109e-01
9.999999999997529754e-01,1.587079890467024635e-12,3.039982629754349186e-01,9.999999973157795985e-01,9.999999999999565903e-01,4.000000000000000222e-01,4.429759475537895508e-01,-4.235725736594532220e-01
9.999999999996709299e-01,1.852983338528426582e-12,4.892282469122563038e-01,9.999999960571727131e-01,9.999999999992509325e-01,4.000000000000000222e-01,4.429759495736310670e-01,-5.023427100598510942e-01
9.999999999999916733e-01,1.251671208622251959e-13,7.087432542699502180e-01,9.999999970973804109e-01,9.999999999998834266e-01,4.000000000000000222e-01,4.429759519673338586e-01,-5.956927534364301335e-01
9.999999999996481703e-01,1.447740561676765429e-12,7.323612428563999188e-01,9.999999998560128445e-01,9.999999999999942268e-01,4.000000000000000222e-01,4.429759522248763459e-01,-6.057364412938853748e-01
9.999999999997299938e-01,9.636863654023092149e-13,1.606385473866655256e-01,9.999999963185001173e-01,9.999999999999942268e-01,4.000000000000000222e-01,4.429759459905226460e-01,-3.626080144503228686e-01
9.999999999999577005e-01,3.581352942408159757e-14,5.554266334533314309e-01,9.999999984808510822e-01,9.999999999999695799e-01,4.000000000000000222e-01,4.429759502954918049e-01,-5.304939617377603112e-01
9.999999999999787947e-01,1.072608236229885983e-12,8.919386588465629817e-01,9.999999969012681733e-01,9.999999999999740208e-01,4.000000000000000222e-01,4.429759539649892885e-01,-6.735976729583640354e-01
9.999999999995839994e-01,5.510423326751697812e-14,7.606543034841040107e-02,9.999999969806345756e-01,9.999999999999411582e-01,4.000000000000000222e-01,4.429759450682945743e-01,-3.266428006946334728e-01
9.999999999998910871e-01,8.599276555019397505e-14,1.737859686881158827e-02,9.999999963829010463e-01,9.999999999994846345e-01,4.000000000000000222e-01,4.429759444283435932e-01,-3.016858808397461233e-01
9.999999999998706590e-01,8.111274758241754736e-13,9.999999999999998890e-01,7.605762209435034116e-01,9.999999999999844569e-01,4.000000000000000222e-01,4.429759569395030905e-01,-7.381446206182272762e-01
9.999999999999772404e-01,5.066339941151589584e-13,1.059608454614832940e-01,9.999999998829695036e-01,9.999999999999893419e-01,4.000000000000000222e-01,4.429759453942892500e-01,-3.393560009637693886e-01
9.999999999996658229e-01,6.232478917279274989e-12,9.999999999999514833e-01,5.093030466691589320e-02,9.999999999999452660e-01,4.000000000000000222e-01,4.429759622632699068e-01,-7.932544732959175837e-01
9.999999999998773204e-01,3.977875956966270857e-13,9.999999999914774840e-01,6.348557329172929142e-01,9.999999999990656363e-01,4.000000000000000222e-01,4.429759578826587552e-01,-7.479078524096033354e-01
9.999999999997700728e-01,3.833146506551367466e-12,3.428732579787716617e-01,9.999999974182129936e-01,9.999999999999740208e-01,4.000000000000000222e-01,4.429759479777021780e-01,-4.401043931230462780e-01
9.999999999999888978e-01,6.858533270126540749e-14,3.783491168885027012e-01,9.999999974581893492e-01,9.999999999999108491e-01,4.000000000000000222e-01,4.429759483645488993e-01,-4.551907100457216471e-01
9.999999999999621414e-01,1.398244066446798821e-14,7.780281755801800037e-01,9.999999970000891247e-01,9.999999999999718003e-01,4.000000000000000222e-01,4.429759527228517291e-01,-6.251565723112214590e-01
9.999999999997778444e-01,6.990185841411437875e-16,9.999999999999569233e-01,7.970656567042130325e-01,9.999999999999645839e-01,4.000000000000000222e-01,4.429759566657591741e-01,-7.353109152686020389e-01
9.999999999998470113e-01,8.662925950161501975e-13,2.087027332569122429e-01,9.999999992304432483e-01,9.999999999999502620e-01,4.000000000000000222e-01,4.429759465146388409e-01,-3.830475909699090353e-01
9.999999999981876719e-01,1.016514207138661662e-12,7.509668414902122002e-01,9.999999975660508467e-01,9.999999999999894529e-01,4.000000000000000222e-01,4.429759524277612215e-01,-6.136485813384301435e-01
9.999999999981988852e-01,9.965415177841060666e-15,1.991065181176872034e-01,9.999999975736392210e-01,9.999999999997011280e-01,4.000000000000000222e-01,4.429759464099968791e-01,-3.789667443672092295e-01
9.999999999996904698e-01,7.748851162931904057e-14,6.335504636837662185e-01,9.999999971918707153e-01,9.999999999998786526e-01,4.000000000000000222e-01,4.429759511473935762e-01,-5.637165785271244234e-01
9.999999999999849010e-01,2.186970068963557884e-14,9.999999999380561055e-01,8.460166328607001685e-01,9.999999999998802069e-01,4.000000000000000222e-01,4.429759562985287613e-01,-7.315094686019355530e-01
9.999999999969130249e-01,2.127124643131329418e-14,4.978661778737926147e-01,9.999999977718904143e-01,9.999999999999794609e-01,4.000000000000000222e-01,4.429759496678234432e-01,-5.060160406956367707e-01
9.999999999997455369e-01,1.487664398492827103e-12,9.605926877382220397e-01,9.999999998450402883e-01,9.999999999999087397e-01,4.000000000000000222e-01,4.429759547136275510e-01,-7.027932008979614897e-01
9.999999999998604450e-01,2.681275436441017826e-14,5.701031899750600429e-01,9.999999998469870643e-01,9.999999999999905631e-01,4.000000000000000222e-01,4.429759504555323968e-01,-5.367352533118751046e-01
9.999999999999900080e-01,7.960019142578872755e-14,7.036964802500985661e-01,9.999999974290675331e-01,9.999999999993992583e-01,4.000000000000000222e-01,4.429759519123012690e-01,-5.935465831806504555e-01
9.999999999999206191e-01,4.322572679132915193e-14,5.303517071350614120e-01,9.999999996869679553e-01,9.999999999999983347e-01,4.000000000000000222e-01,4.429759500220620816e-01,-5.198307022633633645e-01
9.999999999997516431e-01,1.273707540613226082e-13,5.991320039191162516e-01,9.999999973149822363e-01,9.999999999999562572e-01,4.000000000000000222e-01,4.429759507720772982e-01,-5.490799267758667002e-01
9.999999999997529754e-01,6.426268077189031649e-12,9.049175235500827030e-01,9.999999998436712723e-01,9.999999999999014122e-01,4.000000000000000222e-01,4.429759541065174111e-01,-6.791170110141583338e-01
9.999999999997388755e-01,4.577719254772340166e-15,9.999999999999946709e-01,1.663259568823464152e-01,9.999999999999450440e-01,4.000000000000000222e-01,4.429759613975711718e-01,-7.842930500747310463e-01
9.999999999999795719e-01,8.702578623648552755e-14,5.952801495228142725e-01,9.999999998816527791e-01,9.999999999999804601e-01,4.000000000000000222e-01,4.429759507300746746e-01,-5.474419029190465968e-01
9.999999999999527045e-01,3.578736262710633202e-13,9.999999999999913403e-01,9.700413506485789927e-01,9.999999999990146771e-01,4.000000000000000222e-01,4.429759553680947537e-01,-7.218779273640724137e-01
9.999999999996640465e-01,3.662124898238060616e-12,2.618885015718658837e-01,9.999999976055258255e-01,9.999999999999723554e-01,4.000000000000000222e-01,4.429759470946034172e-01,-4.056651507942906631e-01
9.999999999992904565e-01,3.090733119275491204e-13,6.892931520702765269e-01,9.999999989611704221e-01,9.999999999998669953e-01,4.000000000000000222e-01,4.429759517552400716e-01,-5.874214833346457221e-01
9.999999999997049027e-01,3.653932127673512289e-14,5.392011552961782916e-01,9.999999980088725149e-01,9.999999999999394928e-01,4.000000000000000222e-01,4.429759501185609460e-01,-5.235939820903500186e-01
9.999999999999703570e-01,3.670671187819868590e-11,2.688210558017751772e-01,9.999999997425609299e-01,9.999999999998773204e-01,4.000000000000000222e-01,4.429759471701994467e-01,-4.086132599464492587e-01
9.999999999995643485e-01,1.158950487226234219e-12,8.393376431977805918e-01,9.999999984415145482e-01,9.999999999990856203e-01,4.000000000000000222e-01,4.429759533914011671e-01,-6.512287826389800971e-01
9.999999999998180344e-01,1.007363625161863184e-13,1.303801204594071395e-01,9.999999973028296241e-01,9.999999999999560352e-01,4.000000000000000222e-01,4.429759456605694146e-01,-3.497404409783734236e-01
9.999999999998425704e-01,1.297384835705209555e-13,5.818011098714109819e-02,9.999999966031225540e-01,9.999999999999932276e-01,4.000000000000000222e-01,4.429759448732639715e-01,-3.190369638396722829e-01
9.999999999997696287e-01,5.222842756012152216e-13,1.314446665831625616e-02,9.999999965797544688e-01,9.999999999999918954e-01,4.000000000000000222e-01,4.429759443821725262e-01,-2.998852921366982338e-01
9.999999999972566389e-01,6.520454294212935188e-13,1.841211703395590205e-01,9.999999998469870643e-01,9.999999999999886757e-01,4.000000000000000222e-01,4.429759462465890363e-01,-3.725941372189506273e-01
9.999999999999829026e-01,4.521509239008887348e-14,9.999999999999962252e-01,7.728712215516990724e-01,1.000000000000000000e+00,4.000000000000000222e-01,4.429759568472659281e-01,-7.371898125140815550e-01
9.999999999998008260e-01,4.808262657237938066e-13,7.926211671203311493e-01,9.999999993002993692e-01,9.999999999994333422e-01,4.000000000000000222e-01,4.429759528819810499e-01,-6.313623273144087777e-01
9.999999999999696909e-01,4.331706304861817676e-11,7.226256545980465074e-01,9.999999997914379435e-01,9.999999999999998890e-01,4.000000000000000222e-01,4.429759521187145443e-01,-6.015963253324939641e-01
9.999999999998645528e-01,9.927018542439449056e-13,2.234252071096596570e-01,9.999999983343340615e-01,9.999999999999833467e-01,4.000000000000000222e-01,4.429759466751801433e-01,-3.893084093336959262e-01
9.999999999998823164e-01,3.514390658573383741e-13,9.999999999999851230e-01,5.062748568046877562e-01,9.999999999999812372e-01,4.000000000000000222e-01,4.429759588472730325e-01,-7.578932169137705399e-01
9.999999999999140687e-01,1.297384835705209555e-13,6.849396338369621029e-01,9.999999972628238476e-01,9.999999999999926725e-01,4.000000000000000222e-01,4.429759517077671571e-01,-5.855701243215963858e-01
9.999999999998899769e-01,2.170875148456797299e-01,9.999999999999994449e-01,1.076870400218020354e-09,9.999999999996812550e-01,4.000000000000000222e-01,4.429759643658541246e-01,-7.972415615964810742e-01
9.999999999997853939e-01,5.244302395054543139e-13,2.612524345514932733e-02,9.999999965797544688e-01,9.999999999999918954e-01,4.000000000000000222e-01,4.429759445237214655e-01,-3.054054435495360265e-01
9.999999999995182742e-01,3.087423329896211986e-13,9.999999999998399058e-01,5.336302692761342170e-01,9.999999999981438181e-01,4.000000000000000222e-01,4.429759586420526363e-01,-7.557688437344071142e-01
9.999999999998604450e-01,2.898793963678165883e-14,5.746854306830091463e-01,9.999999962316605817e-01,9.999999999999905631e-01,4.000000000000000222e-01,4.429759505054994828e-01,-5.386838783106876472e-01
9.999999999997204458e-01,1.371397148787761272e-14,6.614957130477872038e-01,9.999999974995038565e-01,9.999999999999857891e-01,4.000000000000000222e-01,4.429759514521227626e-01,-5.756004595830103154e-01
9.999999999998742117e-01,1.465241344865350156e-14,8.305346570867147005e-01,9.999999986371127525e-01,9.999999999999940048e-01,4.000000000000000222e-01,4.429759532954089529e-01,-6.474852611858489260e-01
9.999999999999990008e-01,2.249026111286323121e-13,3.730532695485803130e-01,9.999999997342002844e-01,9.999999999997996047e-01,4.000000000000000222e-01,4.429759483068003156e-01,-4.529386197484942533e-01
9.999999999981253884e-01,2.736255135287007736e-14,9.999999999999754641e-01,4.828627333256850229e-01,9.999999999999950040e-01,4.000000000000000222e-01,4.429759590229109256e-01,-7.597113612104612335e-01
9.999999999999593658e-01,1.103988939130776497e-13,8.012958379920518404e-01,9.999999947673422485e-01,9.999999999999974465e-01,4.000000000000000222e-01,4.429759529765741055e-01,-6.350512822975912242e-01
9.999999999992713606e-01,1.431031673261927551e-13,6.375772615383749065e-01,9.999999972215855015e-01,9.999999999999983347e-01,4.000000000000000222e-01,4.429759511913038406e-01,-5.654289979132293142e-01
9.999999999971239673e-01,6.534742304399537597e-14,4.811218206268215170e-01,9.999999974739453013e-01,9.999999999999921174e-01,4.000000000000000222e-01,4.429759494852344992e-01,-4.988954046610448723e-01
9.999999999999829026e-01,4.521509239008887348e-14,9.999999999999981126e-01,8.073044673583713582e-01,1.000000000000000000e+00,4.000000000000000222e-01,4.429759565889476169e-01,-7.345157872566453472e-01
9.999999999999296119e-01,9.443500199432787869e-14,9.999999999999980016e-01,5.614480959634640111e-01,9.999999999999843459e-01,4.000000000000000222e-01,4.429759584333631817e-01,-7.536085602817067519e-01
9.999999999981299403e-01,7.018255476474204921e-15,9.999999999999894529e-01,6.477859830263807961e-01,9.999999999998742117e-01,4.000000000000000222e-01,4.429759577856559605e-01,-7.469037119519580381e-01
9.999999999998970823e-01,3.275603019120461221e-12,2.488105453279928492e-01,9.999999961807403137e-01,9.999999999998833156e-01,4.000000000000000222e-01,4.429759469519947701e-01,-4.001036733614232732e-01
9.999999999996816991e-01,1.462867909738012645e-13,2.816451724384060329e-01,9.999999959297400931e-01,9.999999999999946709e-01,4.000000000000000222e-01,4.429759473100401412e-01,-4.140667910043650535e-01
9.999999999999586997e-01,4.767258262826547552e-14,4.145281417038720884e-01,9.999999951434532797e-01,9.999999999999708011e-01,4.000000000000000222e-01,4.429759487590633205e-01,-4.705760525729126842e-01
9.999999999996469491e-01,4.473989549902191694e-14,9.686913718029970255e-01,9.999999964036406785e-01,9.999999999999794609e-01,4.000000000000000222e-01,4.429759548019397419e-01,-7.062372140293223799e-01
9.999999999999356071e-01,1.110160211938757509e-13,6.158143102770859967e-01,9.999999997077518854e-01,9.999999999999782396e-01,4.000000000000000222e-01,4.429759509539895612e-01,-5.561741751444747583e-01
9.999999999999837907e-01,2.153989041864452216e-14,2.523452272402649799e-01,9.999999961242296287e-01,9.999999999999804601e-01,4.000000000000000222e-01,4.429759469905387159e-01,-4.016068175666208662e-01
9.999999999998965272e-01,1.302542966285669738e-12,7.644863111920924270e-01,9.999999968838715336e-01,9.999999999999964473e-01,4.000000000000000222e-01,4.429759525751844063e-01,-6.193978151204208027e-01
9.999999999998794298e-01,2.996775966761760705e-13,6.252078250904382628e-01,9.999999973607409665e-01,9.999999999999169553e-01,4.000000000000000222e-01,4.429759510564212355e-01,-5.601688225562418966e-01
9.999999999997473132e-01,9.596781954622735349e-13,9.999999999955886398e-01,8.195290478562471392e-01,9.999999999999980016e-01,4.000000000000000222e-01,4.429759564972387542e-01,-7.335664478526432442e-01
9.999999999999971134e-01,1.674072087123813715e-13,3.170524150374884886e-01,9.999999984120768737e-01,9.999999999999583666e-01,4.000000000000000222e-01,4.429759476961386278e-01,-4.291239282492510521e-01
9.999999999991077138e-01,4.890562680638471363e-14,8.562491171450502259e-02,9.999999987084344788e-01,9.999999999999847899e-01,4.000000000000000222e-01,4.429759451725359676e-01,-3.307080260397553539e-01
9.999999999995261568e-01,6.809120147768721905e-14,9.999999999999619194e-01,7.182232039210142416e-01,9.999999999998515632e-01,4.000000000000000222e-01,4.429759572572355975e-01,-7.414336813672125492e-01
9.999999999999206191e-01,4.129342270243510290e-13,4.942758401256441836e-01,9.999999972043740470e-01,9.999999999999952260e-01,4.000000000000000222e-01,4.429759496286725939e-01,-5.044892285692100797e-01
9.999999999998997469e-01,6.982624464923064792e-13,4.236636129717982757e-01,9.999999986422490883e-01,9.999999999998876454e-01,4.000000000000000222e-01,4.429759488586811345e-01,-4.744609650006318402e-01
9.999999999999789058e-01,3.773178543866145923e-13,9.999999999856289401e-01,6.209726099349304196e-01,9.999999999991249222e-01,4.000000000000000222e-01,4.429759579868099983e-01,-7.489859913003303893e-01
9.999999999991971977e-01,1.015136916359430958e-13,7.172575510010086308e-01,9.999999960543316524e-01,9.999999999999972244e-01,4.000000000000000222e-01,4.429759520601780909e-01,-5.993135081053025948e-01
9.999999999999752420e-01,1.032439140284200578e-15,3.396176716184922673e-01,9.999999973603769243e-01,9.999999999999387157e-01,4.000000000000000222e-01,4.429759479422016311e-01,-4.387199359473265003e-01
9.999999999999837907e-01,7.773399840639318127e-13,2.329440716899324193e-01,9.999999961242296287e-01,9.999999999999804601e-01,4.000000000000000222e-01,4.429759467789786687e-01,-3.933563624585750818e-01
9.999999999997285505e-01,6.540506052638376078e-14,1.254706702201637825e-01,9.999999963185001173e-01,9.999999999999528155e-01,4.000000000000000222e-01,4.429759456070342938e-01,-3.476526685656203819e-01
9.999999999996382893e-01,2.334352302397058504e-13,9.999999999999931166e-01,3.343941466824502107e-01,9.999999999998699929e-01,4.000000000000000222e-01,4.429759601367229127e-01,-7.712411703026919030e-01
9.999999999998446798e-01,1.104777201084384571e-12,4.622575174597252645e-01,9.999999998852719951e-01,9.999999999999951150e-01,4.000000000000000222e-01,4.429759492795285469e-01,-4.908732489882404737e-01
9.999999999998987477e-01,1.763964456172821015e-12,1.516256097346318499e-01,9.999999973428096434e-01,9.999999999999581446e-01,4.000000000000000222e-01,4.429759458922409854e-01,-3.587752098098621056e-01
9.999999999998470113e-01,8.662925950161501975e-13,1.746197333188611589e-01,9.999999992304432483e-01,9.999999999999502620e-01,4.000000000000000222e-01,4.429759461429805256e-01,-3.685535954851347773e-01
9.999999999999796829e-01,2.968698044231928752e-14,8.192831900559232050e-01,9.999999959446133069e-01,9.999999999993260946e-01,4.000000000000000222e-01,4.429759531727173183e-01,-6.427005090943124221e-01
9.999999999999809042e-01,1.014789700936894720e-15,9.999999999999632516e-01,2.924336550220048014e-01,9.999999999998505640e-01,4.000000000000000222e-01,4.429759604515106641e-01,-7.744997482215251194e-01
9.999999999998597788e-01,1.323320934943549037e-12,3.275094045994438874e-01,9.999999990002981232e-01,9.999999999999743538e-01,4.000000000000000222e-01,4.429759478101669146e-01,-4.335708243026953346e-01
9.999999999999686917e-01,9.649758091658104438e-14,9.999999999997809530e-01,7.851215378509570630e-01,9.999999999999691358e-01,4.000000000000000222e-01,4.429759567553639976e-01,-7.362384745140940767e-01
9.999999999995365929e-01,6.135572803772036467e-14,9.327924603788115832e-01,9.999999983957266192e-01,9.999999999998969713e-01,4.000000000000000222e-01,4.429759544104798219e-01,-6.909709913882443599e-01
9.999999999996889155e-01,2.651657628391656066e-13,4.059394909938781604e-01,9.999999959736786126e-01,9.999999999999230615e-01,4.000000000000000222e-01,4.429759486654083478e-01,-4.669236784556350939e-01
9.999999999999013012e-01,2.955356872014369788e-14,2.729402115569961040e-01,9.999999970689452677e-01,9.999999999999448219e-01,4.000000000000000222e-01,4.429759472151168498e-01,-4.103649552814078172e-01
9.999999999991625588e-01,1.608753876180480238e-12,8.773843314176403840e-01,9.999999999274729046e-01,9.999999999998906430e-01,4.000000000000000222e-01,4.429759538062815194e-01,-6.674083596815924002e-01
9.999999999986047827e-01,3.256606846380784617e-13,9.999999999998503419e-01,9.422305331516290794e-01,9.999999999999626965e-01,4.000000000000000222e-01,4.429759555767316392e-01,-7.240376664943716234e-01
9.999999999992713606e-01,3.625329635390006100e-12,2.956473426031153151e-01,9.999999972215855015e-01,9.999999999999876765e-01,4.000000000000000222e-01,4.429759474627268934e-01,-4.200212958335148850e-01
9.999999999996209699e-01,7.874689607948486360e-14,8.140285050321085514e-01,9.999999974335265218e-01,9.999999999999923395e-01,4.000000000000000222e-01,4.429759531154175423e-01,-6.404659233742989732e-01
9.999999999999926725e-01,6.541674673322352314e-14,4.525009960554636779e-01,9.999999960543316524e-01,9.999999999998893108e-01,4.000000000000000222e-01,4.429759491731385390e-01,-4.867242313753118443e-01
9.999999999992189581e-01,7.065841672214073739e-13,7.411221510280988634e-01,9.999999986438352639e-01,9.999999999999984457e-01,4.000000000000000222e-01,4.429759523204097604e-01,-6.094620689362001409e-01
9.999999999999572564e-01,2.270939532106921095e-13,4.421175365092128162e-01,9.999999996646297129e-01,9.999999999999841238e-01,4.000000000000000222e-01,4.429759490599119998e-01,-4.823086040653753459e-01
9.999999999999988898e-01,9.545060645733905953e-14,4.102693110434948442e-01,9.999999995123115548e-01,9.999999999997996047e-01,4.000000000000000222e-01,4.429759487126228579e-01,-4.687649595350752429e-01
9.999999999999716893e-01,2.970913653990619367e-13,5.791106404866636082e-01,9.999999974765430011e-01,9.999999999999908962e-01,4.000000000000000222e-01,4.429759505537542164e-01,-5.405657246190199716e-01
9.999999999999952260e-01,3.179394985716226810e-13,9.999999999999912292e-01,1.029798384619041440e-01,9.999999999999450440e-01,4.000000000000000222e-01,4.429759618727940329e-01,-7.892123981230686480e-01
9.999999999997527533e-01,1.808401813498921650e-12,3.086303485418786519e-01,9.999999985644056899e-01,9.999999999999577005e-01,4.000000000000000222e-01,4.429759476043001465e-01,-4.255423950978313163e-01
9.999999999997316591e-01,3.910397627908898785e-16,2.577895960110188622e-01,9.999999963861864183e-01,9.999999999999295008e-01,4.000000000000000222e-01,4.429759470499068374e-01,-4.039220672752209529e-01
9.999999999997660760e-01,8.488141807078632926e-14,9.999999999999997780e-01,1.530482384957541075e-01,9.999999999999575895e-01,4.000000000000000222e-01,4.429759614971807147e-01,-7.853241743111375461e-01
9.999999999992252864e-01,9.564873529246723284e-13,3.225616147738549211e-01,9.999999963566909011e-01,9.999999999999740208e-01,4.000000000000000222e-01,4.429759477562137393e-01,-4.314667478861416994e-01
9.999999999981988852e-01,1.037079432695421920e-12,6.800874885640046941e-01,9.999999985123453339e-01,9.999999999982640553e-01,4.000000000000000222e-01,4.429759516548568699e-01,-5.835067210086725131e-01
9.999999999997297717e-01,2.262008044190177875e-13,6.292340401905995861e-01,9.999999980754880058e-01,9.999999999998779865e-01,4.000000000000000222e-01,4.429759511003251160e-01,-5.618809940700403294e-01
9.999999999999801270e-01,3.240520356889301877e-13,3.920783274116411699e-01,9.999999993111972074e-01,9.999999999999994449e-01,4.000000000000000222e-01,4.429759485142591435e-01,-4.610291371441678221e-01
9.999999999997110089e-01,1.074072085500628557e-13,2.178037407195337893e-01,9.999999973747227822e-01,9.999999999999958922e-01,4.000000000000000222e-01,4.429759466138808444e-01,-3.869178478785385566e-01
9.999999999998993028e-01,3.871997888677818509e-13,9.999999999999619194e-01,6.620596746914737540e-01,9.999999999999930056e-01,4.000000000000000222e-01,4.429759576785746722e-01,-7.457952421826484768e-01
9.999999999999287237e-01,1.302542966285669738e-12,7.595063711491978342e-01,9.999999998805474410e-01,9.999999999999964473e-01,4.000000000000000222e-01,4.429759525208805671e-01,-6.172800661966749702e-01
9.999999999999632516e-01,8.599276555019397505e-14,3.900182324112697052e-03,9.999999963829010463e-01,9.999999999999962252e-01,4.000000000000000222e-01,4.429759442813681614e-01,-2.959541060580542782e-01
9.999999999998521183e-01,2.470688192638507772e-12,1.701400815090340912e-01,9.999999986426134635e-01,9.999999999998877565e-01,4.000000000000000222e-01,4.429759460941321558e-01,-3.666485973437157986e-01
9.999999999997966071e-01,1.897525176711103962e-15,8.347398307694525732e-01,9.999999946819186913e-01,9.999999999994356736e-01,4.000000000000000222e-01,4.429759533412643280e-01,-6.492735362481388828e-01
9.999999999999413802e-01,1.788392290020168228e-12,1.396610690736834748e-01,9.999999965691047654e-01,9.999999999999904521e-01,4.000000000000000222e-01,4.429759457617735707e-01,-3.536872188286325214e-01
9.999999999996602718e-01,2.421307881184702914e-12,6.708891979182607379e-01,9.999999951137238385e-01,9.999999999999705791e-01,4.000000000000000222e-01,4.429759515545541038e-01,-5.795950942655666571e-01
9.999999999999906741e-01,3.045303222608744545e-13,9.380091495517468569e-01,9.999999992045782715e-01,9.999999999998877565e-01,4.000000000000000222e-01,4.429759544673652627e-01,-6.931894189704072007e-01
9.999999999999927836e-01,1.127091522942937696e-13,6.414883811325935437e-01,9.999999971372973695e-01,9.999999999999169553e-01,4.000000000000000222e-01,4.429759512339526695e-01,-5.670922244507498045e-01
9.999999999999996669e-01,1.054778111113118810e-12,5.472706375375422372e-01,9.999999968672532713e-01,9.999999999999962252e-01,4.000000000000000222e-01,4.429759502065547250e-01,-5.270255767973511807e-01
9.999999999998984146e-01,7.065841672214073739e-13,6.990550129725119355e-01,9.999999995341787296e-01,9.999999999999967804e-01,4.000000000000000222e-01,4.429759518616883662e-01,-5.915727718527535872e-01
9.999999999997316591e-01,1.160367373824378775e-14,5.902690232203449128e-01,9.999999972344257859e-01,9.999999999999169553e-01,4.000000000000000222e-01,4.429759506754308851e-01,-5.453108922944133186e-01
9.999999999999908962e-01,1.296094127566857755e-13,9.890279593185398177e-01,9.999999967697154046e-01,9.999999999998969713e-01,4.000000000000000222e-01,4.429759550237001853e-01,-7.148854670348688822e-01
9.999999999973113729e-01,3.865387985240945110e-14,8.107194364556052912e-01,9.999999968838715336e-01,9.999999999999964473e-01,4.000000000000000222e-01,4.429759530793337952e-01,-6.390587226115848063e-01
9.999999999999906741e-01,3.045303222608744545e-13,6.505589216820419907e-01,9.999999992045782715e-01,9.999999999999991118e-01,4.000000000000000222e-01,4.429759513328624387e-01,-5.709495248221206909e-01
9.999999999947920548e-01,5.650274093227558860e-14,7.733065983723668158e-01,9.999999985235067390e-01,9.999999999999937828e-01,4.000000000000000222e-01,4.429759526713652473e-01,-6.231486938125995190e-01
9.999999999991150412e-01,1.256183708041574377e-13,9.999999999999903411e-01,2.401131219238859527e-01,9.999999999999092948e-01,4.000000000000000222e-01,4.429759608440195784e-01,-7.785628687234157352e-01
9.999999999999376055e-01,4.989634165004220233e-15,7.828161367609273169e-01,9.999999970000891247e-01,9.999999999999718003e-01,4.000000000000000222e-01,4.429759527750620762e-01,-6.271926808656768104e-01
9.999999999999946709e-01,2.255346027993328545e-14,9.855966929377891761e-01,9.999999971372973695e-01,9.999999999999169553e-01,4.000000000000000222e-01,4.429759549862839485e-01,-7.134263008671398731e-01
9.999999999999060751e-01,9.468029657253750251e-14,3.958787143738405345e-01,9.999999962163831357e-01,9.999999999999310552e-01,4.000000000000000222e-01,4.429759485557005494e-01,-4.626452742135372942e-01
9.999999999999027445e-01,1.137687305417154969e-13,2.994091295784068185e-01,9.999999968116282112e-01,9.999999999999953371e-01,4.000000000000000222e-01,4.429759475037473027e-01,-4.216210178247111751e-01
9.999999999997529754e-01,2.826108232917421985e-13,3.131421283555889667e-01,9.999999973157795985e-01,9.999999999998994138e-01,4.000000000000000222e-01,4.429759476534989027e-01,-4.274610560040771334e-01
9.999999999998676614e-01,3.042876373710524766e-13,9.479717360121238112e-01,9.999999987985913608e-01,9.999999999999457101e-01,4.000000000000000222e-01,4.429759545760023065e-01,-6.974260672851374521e-01
9.999999999996653788e-01,6.628393181723775582e-13,2.658429537556896149e-01,9.999999977542214369e-01,9.999999999999715783e-01,4.000000000000000222e-01,4.429759471377247571e-01,-4.073468047506637602e-01
9.999999999999675815e-01,2.676027265850577358e-14,9.999999999288143870e-01,4.541868122612938707e-01,9.999999999999530376e-01,4.000000000000000222e-01,4.429759592380377864e-01,-7.619382827337245478e-01
9.999999999999986677e-01,4.047049573742054142e-12,2.771711635639528826e-01,9.999999974884283827e-01,9.999999999999935607e-01,4.000000000000000222e-01,4.429759472612532778e-01,-4.121641923865014823e-01
9.999999999996469491e-01,1.136123955830234790e-13,9.758835659981193178e-01,9.999999981691649609e-01,9.999999999999794609e-01,4.000000000000000222e-01,4.429759548803670621e-01,-7.092957366280644438e-01
9.999999999999925615e-01,4.211213240148128800e-13,6.080873563977061691e-01,9.999999992286385808e-01,9.999999999998410161e-01,4.000000000000000222e-01,4.429759508697309611e-01,-5.528882427565685598e-01
9.999999999999878986e-01,2.398278064579167187e-13,9.999999999369559855e-01,5.756025627985561499e-01,9.999999999999801270e-01,4.000000000000000222e-01,4.429759583271762891e-01,-7.525093492761346647e-01
9.999999999998159250e-01,1.718158145710800906e-14,4.329885693655839418e-01,9.999999998902263654e-01,9.999999999999436007e-01,4.000000000000000222e-01,4.429759489603651290e-01,-4.784264572644209013e-01
9.999999999995191624e-01,1.702746979801131223e-12,6.809836693036652733e-02,9.999999966261337025e-01,9.999999999999927836e-01,4.000000000000000222e-01,4.429759449814176797e-01,-3.232547603086804999e-01
9.999999999998521183e-01,1.277303011382564106e-13,1.791489615839119698e-01,9.999999964367070060e-01,9.999999999999610312e-01,4.000000000000000222e-01,4.429759461923695740e-01,-3.704796765679586601e-01
9.999999999999039657e-01,2.816377281100751563e-13,4.468340228884739584e-01,9.999999951407367860e-01,9.999999999999703570e-01,4.000000000000000222e-01,4.429759491113430259e-01,-4.843143178923089431e-01
9.999999999998008260e-01,5.399221324652654468e-13,7.875852596304655506e-01,9.999999973118893770e-01,9.999999999997732925e-01,4.000000000000000222e-01,4.429759528270669766e-01,-6.292207782934214899e-01
9.999999999999725775e-01,3.445444887074413861e-13,9.132137338798053117e-01,9.999999972043740470e-01,9.999999999999952260e-01,4.000000000000000222e-01,4.429759541969834902e-01,-6.826450232857305123e-01
9.999999999998795408e-01,1.253489858550877858e-12,6.451785729155465887e-01,9.999999974583523299e-01,9.999999999999923395e-01,4.000000000000000222e-01,4.429759512741923699e-01,-5.686615001101070765e-01
9.999999999998367972e-01,1.137180987053512525e-13,7.203549851989177188e-02,9.999999951137238385e-01,9.999999999999695799e-01,4.000000000000000222e-01,4.429759450243501706e-01,-3.249290487100972014e-01
9.999999999993056665e-01,1.945427073948592645e-04,9.999999999999995559e-01,4.680039178553694890e-01,9.999999999990434318e-01,4.000000000000000222e-01,4.429759591359236359e-01,-7.608652992789871616e-01
9.999999999999494849e-01,6.061179386705464626e-14,6.663659035047944101e-01,9.999999992514826408e-01,9.999999999999870104e-01,4.000000000000000222e-01,4.429759515052297814e-01,-5.776715364835930400e-01
9.999999999997080113e-01,2.296264450135020974e-13,9.714934614486012698e-01,9.999999974536936120e-01,9.999999999999980016e-01,4.000000000000000222e-01,4.429759548324951335e-01,-7.074288189928225057e-01
9.999999999997730704e-01,1.296094127566857755e-13,5.025090336928119683e-01,9.999999967697154046e-01,9.999999999998969713e-01,4.000000000000000222e-01,4.429759497184515005e-01,-5.079904424219497949e-01
9.999999999999598099e-01,9.289669760329178585e-13,6.755410283296623408e-01,9.999999975574979105e-01,9.999999999999895639e-01,4.000000000000000222e-01,4.429759516052799717e-01,-5.815733122214395978e-01
9.999999999997853939e-01,5.244302395054543139e-13,1.348063659211880261e-01,9.999999991167415336e-01,9.999999999999918954e-01,4.000000000000000222e-01,4.429759457088354169e-01,-3.516227276624669384e-01
9.999999999995520250e-01,8.083014931600491760e-15,6.575519848921445032e-01,9.999999963773718026e-01,9.999999999998906430e-01,4.000000000000000222e-01,4.429759514091183292e-01,-5.739233661577102241e-01
9.999999999999434896e-01,7.065841672214073739e-13,7.127783618778545938e-01,9.999999989500197861e-01,9.999999999999967804e-01,4.000000000000000222e-01,4.429759520113347171e-01,-5.974087064532361824e-01
9.999999999998722133e-01,2.899376882280923899e-14,9.934430478479390203e-01,9.982028434324647925e-01,9.999999999999857891e-01,4.000000000000000222e-01,4.429759550853268335e-01,-7.169025730733592505e-01
9.999999999989671595e-01,3.904914712950091936e-13,5.169146470117119696e-02,9.999999985540753977e-01,9.999999999999937828e-01,4.000000000000000222e-01,4.429759448025084589e-01,-3.162776288248275725e-01
9.999999999999948930e-01,2.485344078318517270e-15,9.999999999999851230e-01,2.652112497360581411e-02,9.999999999998683275e-01,4.000000000000000222e-01,4.429759624463876500e-01,-7.951500472219782401e-01
9.999999999999780176e-01,2.507589313522333671e-16,5.598426872976252078e-01,9.999999960618810579e-01,9.999999999999589217e-01,4.000000000000000222e-01,4.429759503436466739e-01,-5.323719147052282663e-01
9.999999999999376055e-01,6.546093892087126302e-15,4.268016574351772841e-01,9.999999960274831290e-01,9.999999999999718003e-01,4.000000000000000222e-01,4.429759488928999289e-01,-4.757954370047668968e-01
9.999999999973155917e-01,2.909544205772390786e-12,4.377146613812782916e-01,9.999999981008729222e-01,9.999999999999976685e-01,4.000000000000000222e-01,4.429759490119008492e-01,-4.804362557328499816e-01
9.999999999997660760e-01,7.069853542142581312e-11,9.999999999999997780e-01,9.118713042714979844e-01,9.999999999999993339e-01,4.000000000000000222e-01,4.429759558044867318e-01,-7.263953107687551869e-01
9.999999999996735944e-01,6.950729004066111352e-12,3.482604598122762685e-02,9.999999966261337025e-01,9.999999999999927836e-01,4.000000000000000222e-01,4.429759446185994043e-01,-3.091055108161292475e-01
9.999999999999596989e-01,4.316003556147609358e-13,5.225341498243210037e-01,9.999999974581694762e-01,9.999999999983307797e-01,4.000000000000000222e-01,4.429759499368154940e-01,-5.165062403707371130e-01
9.999999999998534506e-01,6.541674673322352314e-14,1.652592315912501664e-01,9.999999960431954493e-01,9.999999999999421574e-01,4.000000000000000222e-01,4.429759460409089522e-01,-3.645729875117974528e-01
9.999999999997423172e-01,8.662925950161501975e-13,2.127153939834266483e-01,9.999999992304432483e-01,9.999999999999502620e-01,4.000000000000000222e-01,4.429759465583949507e-01,-3.847539984617641684e-01
9.999999999995967670e-01,1.025724262001977931e-13,8.490423733731894407e-01,9.999999979717180132e-01,9.999999999999231726e-01,4.000000000000000222e-01,4.429759534972264601e-01,-6.553557760616307570e-01
9.999999999999602540e-01,3.832618780702483563e-15,9.999999999999866773e-01,2.700822021356149016e-01,9.999999999999891198e-01,4.000000000000000222e-01,4.429759606191913668e-01,-7.762355227077674114e-01
9.999999999983966159e-01,2.362397983029296655e-14,9.999999999999422684e-01,8.960354909230200393e-02,9.999999999989201971e-01,4.000000000000000222e-01,4.429759619731430398e-01,-7.902511772095276443e-01
9.999999999998823164e-01,3.537402616090973142e-13,9.999999999999851230e-01,8.822489598450101722e-01,9.999999999999038547e-01,4.000000000000000222e-01,4.429759560267136909e-01,-7.286957298935358152e-01
9.999999999996761479e-01,7.696606381274802483e-14,9.816813006995182000e-01,9.999999971779307550e-01,9.999999999998768763e-01,4.000000000000000222e-01,4.429759549435884902e-01,-7.117612573667811970e-01
9.999999999989324095e-01,8.981596537449922240e-14,6.301860408791080947e-02,9.999999974512141510e-01,9.999999999981067367e-01,4.000000000000000222e-01,4.429759449260253223e-01,-3.210945613232693008e-01
9.999999999998667732e-01,1.256183708041574377e-13,9.999999999999978906e-01,2.817876289528435940e-01,9.999999999999313882e-01,4.000000000000000222e-01,4.429759605313772219e-01,-7.753264998664620711e-01
9.999999999999926725e-01,1.775893831766271884e-14,9.999999999999917843e-01,2.276764253534832583e-01,9.999999999999938938e-01,4.000000000000000222e-01,4.429759609373197238e-01,-7.795286806866833507e-01
9.999999999991935340e-01,1.465201276495168929e-14,9.999999999999995559e-01,4.159351818981746329e-01,9.999999999990120125e-01,4.000000000000000222e-01,4.429759595250016835e-01,-7.649088370435576101e-01
9.999999999999149569e-01,1.695638782348793663e-12,9.999999999999086286e-01,9.304072116971213724e-01,9.999999999999619194e-01,4.000000000000000222e-01,4.429759556654302433e-01,-7.249558448273351052e-01
9.999999999999593658e-01,1.103988939130776497e-13,7.688453069417602315e-01,9.999999996666650848e-01,9.999999999999974465e-01,4.000000000000000222e-01,4.429759526227170507e-01,-6.212515033945534837e-01
9.999999999997234434e-01,1.309392642571725191e-13,2.042707923061183317e-01,9.999999984883386484e-01,9.999999999999914513e-01,4.000000000000000222e-01,4.429759464663107216e-01,-3.811628821629936548e-01
9.999999999998984146e-01,1.047380506345133864e-12,7.277254845366465386e-01,9.999999998716769811e-01,9.999999999998346878e-01,4.000000000000000222e-01,4.429759521743256712e-01,-6.037650578976955229e-01
9.999999999996055378e-01,6.951742623382916351e-16,1.471596048672064727e-01,9.999999974406408310e-01,9.999999999999886757e-01,4.000000000000000222e-01,4.429759458435414410e-01,-3.568760150565234435e-01
9.999999999998966382e-01,5.767392976050585037e-14,9.457220629672354051e-02,9.999999978863381989e-01,9.999999999999956701e-01,4.000000000000000222e-01,4.429759452701018119e-01,-3.345129155647031949e-01
9.999999999973806508e-01,1.167743806532241715e-14,5.851876835287053158e-01,9.999999971871869064e-01,9.999999999999460432e-01,4.000000000000000222e-01,4.429759506200213748e-01,-5.431500228127225105e-01
9.999999999998749889e-01,5.830067309199790563e-14,3.002000332650578418e-02,9.999999961407185500e-01,9.999999999999154010e-01,4.000000000000000222e-01,4.429759445661919370e-01,-3.070617130463731970e-01
9.999999999992035260e-01,1.830378590750264969e-12,1.203447143849450396e-01,9.999999965789632128e-01,9.999999999999904521e-01,4.000000000000000222e-01,4.429759455511382837e-01,-3.454728257827531790e-01
9.999999999981209475e-01,3.140646111179773021e-13,9.999999999999553690e-01,7.358385981067983028e-01,9.999999999999199529e-01,4.000000000000000222e-01,4.429759571250848627e-01,-7.400657008628478417e-01
9.999999999999796829e-01,2.968698044231928752e-14,6.942689991297955610e-01,9.999999987844866434e-01,9.999999999993260946e-01,4.000000000000000222e-01,4.429759518094992243e-01,-5.895374914742835815e-01
9.999999999999036326e-01,1.142361244474091817e-13,3.876494807991107683e-01,9.999999960355611117e-01,9.999999999999851230e-01,4.000000000000000222e-01,4.429759484659647750e-01,-4.591457444185697012e-01
9.999999999999509281e-01,3.812575753613796765e-13,9.999999999999998890e-01,4.008763895948767031e-01,9.999999999999840128e-01,4.000000000000000222e-01,4.429759596379728159e-01,-7.660782763457837374e-01
9.999999999997795097e-01,4.010524692162636611e-12,9.999999999999997780e-01,4.932130778107159941e-01,9.999999999999887867e-01,4.000000000000000222e-01,4.429759589452625934e-01,-7.589075716779681846e-01
9.999999999999742428e-01,3.397418475140916160e-13,9.999999999999981126e-01,9.893726616155029685e-01,9.999999999999997780e-01,4.000000000000000222e-01,4.429759552230712050e-01,-7.203766917825683569e-01
9.999999999981988852e-01,2.239757124953562873e-12,2.149394373986240891e-02,9.999999999089925762e-01,9.999999999982640553e-01,4.000000000000000222e-01,4.429759444732194185e-01,-3.034359559432017184e-01
9.999999999996869171e-01,3.838853156806320916e-12,2.381334936187742835e-01,9.999999974408348979e-01,9.999999999999863443e-01,4.000000000000000222e-01,4.429759468355667917e-01,-3.955631944468894767e-01
9.999999999999922284e-01,1.523403253992084717e-14,4.672165324849991697e-01,9.999999986817400544e-01,9.999999999999845679e-01,4.000000000000000222e-01,4.429759493336041798e-01,-4.929820992856851491e-01
9.999999999999908962e-01,2.470688192638507772e-12,4.573818816797985409e-01,9.999999986537491115e-01,9.999999999998877565e-01,4.000000000000000222e-01,4.429759492263621867e-01,-4.887998563915983974e-01
9.999999999992793542e-01,5.356808792152283867e-14,5.513943494017837788e-01,9.999999951789221297e-01,9.999999999999150679e-01,4.000000000000000222e-01,4.429759502515217551e-01,-5.287792095685267535e-01
9.999999999998469002e-01,1.004628537957112301e-12,9.104068402934728521e-01,9.999677391618632116e-01,9.999999999999773515e-01,4.000000000000000222e-01,4.429759541666177247e-01,-6.814538804390098958e-01
9.999999999995365929e-01,5.593234231765165811e-14,3.682459254964518536e-01,9.999999984030422118e-01,9.999999999998709921e-01,4.000000000000000222e-01,4.429759482543785820e-01,-4.508942686178271098e-01
9.999999999999850120e-01,1.416414656711729534e-13,9.999999999999913403e-01,9.815325978070781332e-01,9.999999999990146771e-01,4.000000000000000222e-01,4.429759552818873791e-01,-7.209855373370034348e-01
9.999999999999763522e-01,3.753449601941886558e-12,9.218291054727757450e-01,9.999999997064734636e-01,9.999999999999911182e-01,4.000000000000000222e-01,4.429759542909298409e-01,-6.863087603557759264e-01
9.999999999998716582e-01,2.500103025180260699e-14,8.808186711582239870e-01,9.999999992268980842e-01,9.999999999998784306e-01,4.000000000000000222e-01,4.429759538437312849e-01,-6.688688328382966786e-01
9.999999999996186384e-01,6.280413793112740150e-15,9.519929503014307182e-01,9.999999997991068090e-01,9.999999999999896749e-01,4.000000000000000222e-01,4.429759546198516751e-01,-6.991361121527180922e-01
9.999999999998676614e-01,1.002816228092064748e-12,9.645822258973872909e-01,9.999997822150986648e-01,9.999999999999457101e-01,4.000000000000000222e-01,4.429759547571331391e-01,-7.044897922824139291e-01
9.999999999999159561e-01,2.521358655601815440e-13,9.999999999999850120e-01,3.210032040386255892e-01,9.999999999999891198e-01,4.000000000000000222e-01,4.429759602371818317e-01,-7.722810873358468831e-01
9.999999999995805577e-01,6.335470968567368192e-12,8.683531519147941191e-01,9.999999974374252920e-01,9.999999999999934497e-01,4.000000000000000222e-01,4.429759537078010179e-01,-6.635677978588122583e-01
9.999999999997570832e-01,6.304726590138349498e-12,5.646148524807941271e-01,9.999999997870796520e-01,9.999999999999994449e-01,4.000000000000000222e-01,4.429759503956847699e-01,-5.344013056297934883e-01
9.999999999995849986e-01,5.102296058882186325e-14,3.831505539229470014e-01,9.999999987762535625e-01,9.999999999999945599e-01,4.000000000000000222e-01,4.429759484169061845e-01,-4.572325491833552080e-01
9.999999999999860112e-01,4.279572570444403934e-13,6.115983176792366693e-01,9.999999985553686965e-01,9.999999999999815703e-01,4.000000000000000222e-01,4.429759509080162805e-01,-5.543812996719278408e-01
9.999999999999814593e-01,3.042876373710524766e-13,9.271452574638132660e-01,9.999999987985913608e-01,9.999999999999196199e-01,4.000000000000000222e-01,4.429759543488998585e-01,-6.885694852179616854e-01
9.999999999999718003e-01,4.174566556906513808e-14,1.935666580511450630e-01,9.999999997522274198e-01,9.999999999999940048e-01,4.000000000000000222e-01,4.429759463495874239e-01,-3.766108862353764186e-01
9.999999999992713606e-01,1.431031673261927551e-13,7.553923353471365676e-01,9.999999972215855015e-01,9.999999999999983347e-01,4.000000000000000222e-01,4.429759524760190637e-01,-6.155305485654573028e-01
9.999999999999700240e-01,7.429552187304385349e-13,9.999999999608870649e-01,6.760133335391249609e-01,9.999999999991009414e-01,4.000000000000000222e-01,4.429759575738942412e-01,-7.447116255827294085e-01
9.999999999999874545e-01,7.273890209017153142e-14,7.366543713772282231e-01,9.999999960444732050e-01,9.999999999999972244e-01,4.000000000000000222e-01,4.429759522716908426e-01,-6.075621196560377912e-01
9.999999999999837907e-01,2.861551649150124632e-14,2.299710478347625486e-01,9.999999961242296287e-01,9.999999999990383248e-01,4.000000000000000222e-01,4.429759467465593237e-01,-3.920920666389481335e-01
9.999999999993223199e-01,1.007363625161863184e-13,1.153149781028980081e-01,9.999999991916652675e-01,9.999999999999560352e-01,4.000000000000000222e-01,4.429759454962914900e-01,-3.433339007474721649e-01
9.999999999996481703e-01,1.414106858072070400e-12,9.996255198957700872e-01,9.999999998560128445e-01,9.999999999999991118e-01,4.000000000000000222e-01,4.429759551392613570e-01,-7.193921415422978027e-01
9.999999999999376055e-01,1.398244066446798821e-14,4.712299690698445453e-01,9.999999969975675862e-01,9.999999999999718003e-01,4.000000000000000222e-01,4.429759493773687273e-01,-4.946888368460197194e-01
