9.999999999991650013e-01,3.405065414455962780e-01,8.889465073834611486e-01,3.084868381855297992e-01,0.000000000000000000e+00,0.000000000000000000e+00,2.357855852818014075e-01,-7.391725907748607494e-01
1.000000000000000000e+00,3.483521660387972618e-01,9.809917864034684021e-01,3.133170698890095363e-01,3.387721263076515251e-16,0.000000000000000000e+00,2.404630527331558243e-01,-7.887680782036218252e-01
9.999999195372609728e-01,3.285669773702243890e-01,9.841756174429359127e-01,1.000000000000000000e+00,0.000000000000000000e+00,0.000000000000000000e+00,2.258001010440617851e-01,-6.565491435534377418e-01
1.000000000000000000e+00,3.179076159396347356e-01,6.211408921511256676e-01,1.000000000000000000e+00,0.000000000000000000e+00,0.000000000000000000e+00,2.170936321383772349e-01,-5.065209438750114534e-01
9.999984635111888176e-01,3.521998952402469740e-01,9.659318605788511647e-01,1.381922972546099915e-01,0.000000000000000000e+00,0.000000000000000000e+00,2.438668018248631442e-01,-8.369488546264728379e-01
1.000000000000000000e+00,3.183820725538610286e-01,7.045660361875984989e-01,1.000000000000000000e+00,1.221811937606897722e-06,0.000000000000000000e+00,2.178980157927624672e-01,-5.369795582872084472e-01
1.000000000000000000e+00,3.566979562522162861e-01,9.666030585790572616e-01,1.038772927455203221e-01,7.995175750464511566e-01,0.000000000000000000e+00,2.589655712874563420e-01,-8.789032433972565617e-01
1.000000000000000000e+00,3.559822122482760864e-01,9.809229428796047978e-01,1.038554743752260062e-01,5.113062538411801652e-06,0.000000000000000000e+00,2.457173850121380232e-01,-8.555793477372729550e-01
9.999999556023154712e-01,3.189122330498926905e-01,8.033121198793166107e-01,1.000000000000000000e+00,1.161140650997847437e-06,0.000000000000000000e+00,2.199100798657150357e-01,-5.733987283981532013e-01
1.000000000000000000e+00,3.223472228226946790e-01,8.702656123308807334e-01,1.000000000000000000e+00,0.000000000000000000e+00,0.000000000000000000e+00,2.217586470684592692e-01,-6.139534958029466694e-01
1.000000000000000000e+00,3.372278688211710618e-01,9.807669729247168178e-01,6.626952607978977561e-01,1.114285342788119384e-09,0.000000000000000000e+00,2.326248599697961217e-01,-7.120704139366261787e-01
1.000000000000000000e+00,3.481725052727628889e-01,9.424425726624094946e-01,3.133170698890095363e-01,3.387721263076515251e-16,0.000000000000000000e+00,2.384829277225810895e-01,-7.660740637409055864e-01
9.960266636326815526e-01,3.050765498472908788e-01,4.945743367856427763e-01,1.000000000000000000e+00,1.000000000000000000e+00,0.000000000000000000e+00,2.144824412085427068e-01,-4.624030302489889888e-01
9.999999839016336933e-01,3.346373289000120765e-01,9.670610104408546848e-01,8.003577669478483259e-01,0.000000000000000000e+00,0.000000000000000000e+00,2.292334189994513771e-01,-6.833329711473611345e-01
9.310121323747649891e-01,2.993640970001422152e-01,1.000000000000000000e+00,0.000000000000000000e+00,1.000000000000000000e+00,0.000000000000000000e+00,5.850333668384739561e-01,-8.789032433972565617e-01
8.984960328339530733e-01,3.367444303724825838e-01,3.182252595071942691e-01,9.999012743380469859e-01,1.000000000000000000e+00,0.000000000000000000e+00,2.123573491698346194e-01,-4.162695697572921794e-01
9.310174863844143944e-01,2.993640969442218358e-01,1.000000000000000000e+00,0.000000000000000000e+00,1.000000000000000000e+00,0.000000000000000000e+00,5.850321597338470347e-01,-8.789032433972565617e-01
9.310174246944999954e-01,2.993548484764824713e-01,1.000000000000000000e+00,0.000000000000000000e+00,1.000000000000000000e+00,0.000000000000000000e+00,5.850321691389560597e-01,-8.789032433972565617e-01
1.000000000000000000e+00,3.191892433617436464e-01,1.000000000000000000e+00,6.483082351013963462e-02,7.908270919400572918e-01,0.000000000000000000e+00,3.351904849377434492e-01,-8.789032433972565617e-01
9.310152833385862969e-01,2.993547020623292809e-01,1.000000000000000000e+00,0.000000000000000000e+00,1.000000000000000000e+00,0.000000000000000000e+00,5.850326509719354640e-01,-8.789032433972565617e-01
9.310123327407812122e-01,2.993640969645719463e-01,1.000000000000000000e+00,0.000000000000000000e+00,1.000000000000000000e+00,0.000000000000000000e+00,5.850333216751621990e-01,-8.789032433972565617e-01
9.310123327407812122e-01,2.993640969645719463e-01,1.000000000000000000e+00,0.000000000000000000e+00,1.000000000000000000e+00,0.000000000000000000e+00,5.850333216751621990e-01,-8.789032433972565617e-01
9.310123327407812122e-01,2.993640969645719463e-01,1.000000000000000000e+00,0.000000000000000000e+00,1.000000000000000000e+00,0.000000000000000000e+00,5.850333216751621990e-01,-8.789032433972565617e-01
9.310123327407812122e-01,2.993640969645719463e-01,1.000000000000000000e+00,0.000000000000000000e+00,1.000000000000000000e+00,0.000000000000000000e+00,5.850333216751621990e-01,-8.789032433972565617e-01
9.310174246944999954e-01,2.993548484764824713e-01,1.000000000000000000e+00,0.000000000000000000e+00,1.000000000000000000e+00,0.000000000000000000e+00,5.850321691389560597e-01,-8.789032433972565617e-01
9.310124603925435949e-01,2.993640969614680403e-01,1.000000000000000000e+00,0.000000000000000000e+00,1.000000000000000000e+00,0.000000000000000000e+00,5.850332929015042982e-01,-8.789032433972565617e-01
9.310123327407812122e-01,2.993640969645719463e-01,1.000000000000000000e+00,0.000000000000000000e+00,1.000000000000000000e+00,0.000000000000000000e+00,5.850333216751621990e-01,-8.789032433972565617e-01
9.310123327407812122e-01,2.993640969645719463e-01,1.000000000000000000e+00,0.000000000000000000e+00,1.000000000000000000e+00,0.000000000000000000e+00,5.850333216751621990e-01,-8.789032433972565617e-01
9.310154794491185548e-01,2.993548429231677743e-01,1.000000000000000000e+00,0.000000000000000000e+00,1.000000000000000000e+00,0.000000000000000000e+00,5.850326069767773918e-01,-8.789032433972565617e-01
9.310174863787072930e-01,2.993640969100228033e-01,1.000000000000000000e+00,0.000000000000000000e+00,1.000000000000000000e+00,0.000000000000000000e+00,5.850321597351317848e-01,-8.789032433972565617e-01
9.310154922594947591e-01,2.993643636218785153e-01,1.000000000000000000e+00,0.000000000000000000e+00,1.000000000000000000e+00,0.000000000000000000e+00,5.850326094338811345e-01,-8.789032433972565617e-01
9.310174864240712278e-01,2.993640969441998534e-01,1.000000000000000000e+00,0.000000000000000000e+00,1.000000000000000000e+00,0.000000000000000000e+00,5.850321597249039662e-01,-8.789032433972565617e-01
9.310174863844143944e-01,2.993640969442218358e-01,1.000000000000000000e+00,0.000000000000000000e+00,1.000000000000000000e+00,0.000000000000000000e+00,5.850321597338470347e-01,-8.789032433972565617e-01
9.310174864342878331e-01,2.993640969588673983e-01,1.000000000000000000e+00,0.000000000000000000e+00,1.000000000000000000e+00,0.000000000000000000e+00,5.850321597226009196e-01,-8.789032433972565617e-01
9.310126116234727078e-01,2.993640969597327617e-01,1.000000000000000000e+00,0.000000000000000000e+00,1.000000000000000000e+00,0.000000000000000000e+00,5.850332588124853572e-01,-8.789032433972565617e-01
9.310174509740509752e-01,2.993643901607674906e-01,1.000000000000000000e+00,0.000000000000000000e+00,1.000000000000000000e+00,0.000000000000000000e+00,5.850321677356616901e-01,-8.789032433972565617e-01
9.999999195372609728e-01,3.285669773702243890e-01,9.841756174429359127e-01,1.000000000000000000e+00,0.000000000000000000e+00,0.000000000000000000e+00,2.258001010440617851e-01,-6.565491435534377418e-01
9.310154965920809378e-01,2.993547703295640905e-01,1.000000000000000000e+00,0.000000000000000000e+00,1.000000000000000000e+00,0.000000000000000000e+00,5.850326030464023663e-01,-8.789032433972565617e-01
9.310203925914359857e-01,3.516413736566988413e-01,1.000000000000000000e+00,6.055533643136037774e-06,9.512393125909481828e-01,0.000000000000000000e+00,3.446444974100641989e-01,-8.789032433972565617e-01
9.310124638356221949e-01,2.993640991485755909e-01,1.000000000000000000e+00,0.000000000000000000e+00,1.000000000000000000e+00,0.000000000000000000e+00,5.850332921260363861e-01,-8.789032433972565617e-01
9.953942782492087860e-01,3.595301137738009523e-01,9.393569485676944719e-01,1.229188912885405549e-01,4.230168463478997665e-04,0.000000000000000000e+00,2.433794753103210584e-01,-8.025434079712773228e-01
9.310155709710253857e-01,2.993548552996410095e-01,1.000000000000000000e+00,0.000000000000000000e+00,1.000000000000000000e+00,0.000000000000000000e+00,5.850325863906828960e-01,-8.789032433972565617e-01
9.310123327407812122e-01,2.993640969645719463e-01,1.000000000000000000e+00,0.000000000000000000e+00,1.000000000000000000e+00,0.000000000000000000e+00,5.850333216751621990e-01,-8.789032433972565617e-01
9.310154965920809378e-01,2.993547703295640905e-01,1.000000000000000000e+00,0.000000000000000000e+00,1.000000000000000000e+00,0.000000000000000000e+00,5.850326030464023663e-01,-8.789032433972565617e-01
9.310123327407812122e-01,2.993640969645719463e-01,1.000000000000000000e+00,0.000000000000000000e+00,1.000000000000000000e+00,0.000000000000000000e+00,5.850333216751621990e-01,-8.789032433972565617e-01
9.310155777908190045e-01,2.993549336516874160e-01,1.000000000000000000e+00,0.000000000000000000e+00,1.000000000000000000e+00,0.000000000000000000e+00,5.850325849327218108e-01,-8.789032433972565617e-01
9.310155389413484750e-01,2.993550286176193120e-01,1.000000000000000000e+00,0.000000000000000000e+00,1.000000000000000000e+00,0.000000000000000000e+00,5.850325937692045786e-01,-8.789032433972565617e-01
9.310124389876486273e-01,2.993640970058003559e-01,1.000000000000000000e+00,0.000000000000000000e+00,1.000000000000000000e+00,0.000000000000000000e+00,5.850332977263636991e-01,-8.789032433972565617e-01
9.310123327407812122e-01,2.993640969645719463e-01,1.000000000000000000e+00,0.000000000000000000e+00,1.000000000000000000e+00,0.000000000000000000e+00,5.850333216751621990e-01,-8.789032433972565617e-01
9.310155283295066253e-01,2.993546378971206900e-01,1.000000000000000000e+00,0.000000000000000000e+00,1.000000000000000000e+00,0.000000000000000000e+00,5.850325957709449076e-01,-8.789032433972565617e-01
9.310155975291591890e-01,2.993641030901354472e-01,1.000000000000000000e+00,0.000000000000000000e+00,1.000000000000000000e+00,0.000000000000000000e+00,5.850325856610649744e-01,-8.789032433972565617e-01
9.310154751531194428e-01,2.993556152652342983e-01,1.000000000000000000e+00,0.000000000000000000e+00,1.000000000000000000e+00,0.000000000000000000e+00,5.850326086822683624e-01,-8.789032433972565617e-01
9.310154451705764389e-01,2.993549784047835893e-01,1.000000000000000000e+00,0.000000000000000000e+00,1.000000000000000000e+00,0.000000000000000000e+00,5.850326148252411596e-01,-8.789032433972565617e-01
9.310155583308642457e-01,2.993635876728420464e-01,1.000000000000000000e+00,0.000000000000000000e+00,1.000000000000000000e+00,0.000000000000000000e+00,5.850325944090022379e-01,-8.789032433972565617e-01
9.310154727484599713e-01,2.993548470812548157e-01,1.000000000000000000e+00,0.000000000000000000e+00,1.000000000000000000e+00,0.000000000000000000e+00,5.850326084889696521e-01,-8.789032433972565617e-01
9.310154451705764389e-01,2.993549784047835893e-01,1.000000000000000000e+00,0.000000000000000000e+00,1.000000000000000000e+00,0.000000000000000000e+00,5.850326148252411596e-01,-8.789032433972565617e-01
9.310123253816099398e-01,2.993640991535388984e-01,1.000000000000000000e+00,0.000000000000000000e+00,1.000000000000000000e+00,0.000000000000000000e+00,5.850333233346098893e-01,-8.789032433972565617e-01
9.310174864240712278e-01,2.993640969441998534e-01,1.000000000000000000e+00,0.000000000000000000e+00,1.000000000000000000e+00,0.000000000000000000e+00,5.850321597249039662e-01,-8.789032433972565617e-01
9.310203925914359857e-01,3.516413736566988413e-01,1.000000000000000000e+00,6.055533833241049585e-06,9.512393125909481828e-01,0.000000000000000000e+00,3.446444974100021374e-01,-8.789032433972565617e-01
9.310123327407812122e-01,2.993640969645719463e-01,1.000000000000000000e+00,0.000000000000000000e+00,1.000000000000000000e+00,0.000000000000000000e+00,5.850333216751621990e-01,-8.789032433972565617e-01
9.310203925914359857e-01,3.516413736566988413e-01,1.000000000000000000e+00,6.055533654466478178e-06,9.512393125909481828e-01,0.000000000000000000e+00,3.446444974100608682e-01,-8.789032433972565617e-01
9.999999839016336933e-01,3.346373289000120765e-01,9.670610104408546848e-01,8.003577669478483259e-01,0.000000000000000000e+00,0.000000000000000000e+00,2.292334189994513771e-01,-6.833329711473611345e-01
8.984960328339530733e-01,3.367444303724825838e-01,3.182252595071942691e-01,9.999012743380469859e-01,1.000000000000000000e+00,0.000000000000000000e+00,2.123573491698346194e-01,-4.162695697572921794e-01
9.310203925914359857e-01,3.516413736566988413e-01,1.000000000000000000e+00,6.055533664216704927e-06,9.512393125909481828e-01,0.000000000000000000e+00,3.446444974100576486e-01,-8.789032433972565617e-01
1.000000000000000000e+00,3.510902077893445217e-01,9.663440664371385491e-01,8.003577669478483259e-01,0.000000000000000000e+00,0.000000000000000000e+00,2.320266510437218876e-01,-6.833329711473611345e-01
9.310203925914359857e-01,3.516413736566988413e-01,1.000000000000000000e+00,6.055533657537413916e-06,9.512393125909481828e-01,0.000000000000000000e+00,3.446444974100595915e-01,-8.789032433972565617e-01
9.310203925914359857e-01,3.516413736566988413e-01,1.000000000000000000e+00,6.055533643136037774e-06,9.512393125909481828e-01,0.000000000000000000e+00,3.446444974100641989e-01,-8.789032433972565617e-01
9.310203925914359857e-01,3.516413736566988413e-01,1.000000000000000000e+00,6.055533836452431856e-06,9.512393125909481828e-01,0.000000000000000000e+00,3.446444974100009162e-01,-8.789032433972565617e-01
8.984960328339530733e-01,3.367444303724825838e-01,3.182252595071942691e-01,9.999012743380469859e-01,1.000000000000000000e+00,0.000000000000000000e+00,2.123573491698346194e-01,-4.162695697572921794e-01
9.310203925914359857e-01,3.516413736566988413e-01,1.000000000000000000e+00,6.055533833241049585e-06,9.512393125909481828e-01,0.000000000000000000e+00,3.446444974100021374e-01,-8.789032433972565617e-01
9.960236280579281010e-01,3.050765143996426176e-01,4.946328811441042528e-01,1.000000000000000000e+00,1.000000000000000000e+00,0.000000000000000000e+00,2.144836658038989097e-01,-4.624030302489889888e-01
8.987687687973243689e-01,3.374346796278381300e-01,3.261155035502268373e-01,1.000000000000000000e+00,9.509640822804529270e-01,0.000000000000000000e+00,2.133705557738768688e-01,-4.162695697572921794e-01
9.310203925914359857e-01,3.516413736566988413e-01,1.000000000000000000e+00,6.055533832958884275e-06,9.512393125909481828e-01,0.000000000000000000e+00,3.446444974100021374e-01,-8.789032433972565617e-01
9.310203925914359857e-01,3.516413736566988413e-01,1.000000000000000000e+00,6.055533657537413916e-06,9.512393125909481828e-01,0.000000000000000000e+00,3.446444974100595915e-01,-8.789032433972565617e-01
9.310175166945355851e-01,2.993640884514957023e-01,1.000000000000000000e+00,0.000000000000000000e+00,1.000000000000000000e+00,0.000000000000000000e+00,5.850321528979114394e-01,-8.789032433972565617e-01
9.310174863787072930e-01,2.993640969100228033e-01,1.000000000000000000e+00,0.000000000000000000e+00,1.000000000000000000e+00,0.000000000000000000e+00,5.850321597351317848e-01,-8.789032433972565617e-01
9.310155975291591890e-01,2.993641030901354472e-01,1.000000000000000000e+00,0.000000000000000000e+00,1.000000000000000000e+00,0.000000000000000000e+00,5.850325856610649744e-01,-8.789032433972565617e-01
9.310123327407812122e-01,2.993640969645719463e-01,1.000000000000000000e+00,0.000000000000000000e+00,1.000000000000000000e+00,0.000000000000000000e+00,5.850333216751621990e-01,-8.789032433972565617e-01
1.000000000000000000e+00,3.584704569764226578e-01,9.671582340793819510e-01,1.011061721611566933e-01,2.241820185053418606e-05,0.000000000000000000e+00,2.450443028082187891e-01,-8.476072638934537551e-01
9.310123327407812122e-01,2.993640969645719463e-01,1.000000000000000000e+00,0.000000000000000000e+00,1.000000000000000000e+00,0.000000000000000000e+00,5.850333216751621990e-01,-8.789032433972565617e-01
9.310123327407812122e-01,2.993640969645719463e-01,1.000000000000000000e+00,0.000000000000000000e+00,1.000000000000000000e+00,0.000000000000000000e+00,5.850333216751621990e-01,-8.789032433972565617e-01
9.310123253816099398e-01,2.993640991535388984e-01,1.000000000000000000e+00,0.000000000000000000e+00,1.000000000000000000e+00,0.000000000000000000e+00,5.850333233346098893e-01,-8.789032433972565617e-01
9.310123327407812122e-01,2.993640969645719463e-01,1.000000000000000000e+00,0.000000000000000000e+00,1.000000000000000000e+00,0.000000000000000000e+00,5.850333216751621990e-01,-8.789032433972565617e-01
9.310123327407812122e-01,2.993640969645719463e-01,1.000000000000000000e+00,0.000000000000000000e+00,1.000000000000000000e+00,0.000000000000000000e+00,5.850333216751621990e-01,-8.789032433972565617e-01
9.310122474276418814e-01,2.993547837218272778e-01,1.000000000000000000e+00,0.000000000000000000e+00,1.000000000000000000e+00,0.000000000000000000e+00,5.850333342091447175e-01,-8.789032433972565617e-01
9.310123327407812122e-01,2.993640969645719463e-01,1.000000000000000000e+00,0.000000000000000000e+00,1.000000000000000000e+00,0.000000000000000000e+00,5.850333216751621990e-01,-8.789032433972565617e-01
9.310124638356221949e-01,2.993640991485755909e-01,1.000000000000000000e+00,0.000000000000000000e+00,1.000000000000000000e+00,0.000000000000000000e+00,5.850332921260363861e-01,-8.789032433972565617e-01
9.310123327407812122e-01,2.993640969645719463e-01,1.000000000000000000e+00,0.000000000000000000e+00,1.000000000000000000e+00,0.000000000000000000e+00,5.850333216751621990e-01,-8.789032433972565617e-01
9.310124479095259753e-01,2.993640992862175998e-01,1.000000000000000000e+00,0.000000000000000000e+00,1.000000000000000000e+00,0.000000000000000000e+00,5.850332957159583014e-01,-8.789032433972565617e-01
9.310123327407812122e-01,2.993640969645719463e-01,1.000000000000000000e+00,0.000000000000000000e+00,1.000000000000000000e+00,0.000000000000000000e+00,5.850333216751621990e-01,-8.789032433972565617e-01
9.310152830694939929e-01,2.993640868603270055e-01,1.000000000000000000e+00,0.000000000000000000e+00,1.000000000000000000e+00,0.000000000000000000e+00,5.850326565601030593e-01,-8.789032433972565617e-01
9.310123327407812122e-01,2.993640969645719463e-01,1.000000000000000000e+00,0.000000000000000000e+00,1.000000000000000000e+00,0.000000000000000000e+00,5.850333216751621990e-01,-8.789032433972565617e-01
9.310124905485113178e-01,2.993640969896081416e-01,1.000000000000000000e+00,0.000000000000000000e+00,1.000000000000000000e+00,0.000000000000000000e+00,5.850332861040832277e-01,-8.789032433972565617e-01
9.310152690950085352e-01,2.993640992648792798e-01,1.000000000000000000e+00,0.000000000000000000e+00,1.000000000000000000e+00,0.000000000000000000e+00,5.850326597129478223e-01,-8.789032433972565617e-01
9.999999195372609728e-01,3.285669773702243890e-01,9.841756174429359127e-01,1.000000000000000000e+00,0.000000000000000000e+00,0.000000000000000000e+00,2.258001010440617851e-01,-6.565491435534377418e-01
9.310124603925435949e-01,2.993640969614680403e-01,1.000000000000000000e+00,0.000000000000000000e+00,1.000000000000000000e+00,0.000000000000000000e+00,5.850332929015042982e-01,-8.789032433972565617e-01
9.310155583308642457e-01,2.993635876728420464e-01,1.000000000000000000e+00,0.000000000000000000e+00,1.000000000000000000e+00,0.000000000000000000e+00,5.850325944090022379e-01,-8.789032433972565617e-01
8.987687687973243689e-01,3.374346796278381300e-01,3.261155035502268373e-01,1.000000000000000000e+00,9.509640822804529270e-01,0.000000000000000000e+00,2.133705557738768688e-01,-4.162695697572921794e-01
