1.000000000000000000e+00,3.345111764607595073e-01,9.664849585296998447e-01,8.087743283052745147e-01,2.983961265827226911e-05,0.000000000000000000e+00,2.290468303433510489e-01,-6.833329711473611345e-01
1.000000000000000000e+00,3.360104905592725677e-01,9.592833797730814238e-01,7.022733025451631805e-01,0.000000000000000000e+00,0.000000000000000000e+00,2.308758920682749127e-01,-6.973437434907322485e-01
9.999999999417857888e-01,3.200317983847704717e-01,8.032954164451492352e-01,1.000000000000000000e+00,0.000000000000000000e+00,0.000000000000000000e+00,2.198816739613026205e-01,-5.733987283981532013e-01
1.000000000000000000e+00,3.255436500553139934e-01,9.470226361099283174e-01,1.000000000000000000e+00,0.000000000000000000e+00,0.000000000000000000e+00,2.243753766648246273e-01,-6.379174498023663098e-01
9.999999999427114927e-01,3.181627532061446773e-01,6.757846585243532100e-01,1.000000000000000000e+00,1.253592315593364285e-08,0.000000000000000000e+00,2.175211597734015845e-01,-5.319768420667358999e-01
9.999999999992229549e-01,3.283686960929175780e-01,9.842012785282114873e-01,1.000000000000000000e+00,3.544356195339213743e-07,0.000000000000000000e+00,2.257997391963901257e-01,-6.565491435534377418e-01
9.999999999992710276e-01,3.485091502921116025e-01,9.600251155045637086e-01,3.596141208307285786e-01,0.000000000000000000e+00,0.000000000000000000e+00,2.384022079237829717e-01,-7.619646558962300809e-01
1.000000000000000000e+00,3.541600303590993759e-01,9.821046415151718501e-01,1.035534928922593606e-01,0.000000000000000000e+00,0.000000000000000000e+00,2.458299732161527695e-01,-8.555793477372729550e-01
1.000000000000000000e+00,3.221138490718147285e-01,8.706205576343509778e-01,1.000000000000000000e+00,0.000000000000000000e+00,0.000000000000000000e+00,2.217725039769148088e-01,-6.139534958029466694e-01
9.999999999999968914e-01,3.370834716290683208e-01,9.637235549625100539e-01,5.783594832859331181e-01,0.000000000000000000e+00,0.000000000000000000e+00,2.336456577771680865e-01,-7.213809293976628512e-01
1.000000000000000000e+00,3.542022438089892367e-01,9.667733787023699010e-01,1.391750847405779090e-01,0.000000000000000000e+00,0.000000000000000000e+00,2.439067890702302233e-01,-8.369488546264728379e-01
9.999999999969978459e-01,3.180905371864301556e-01,5.950717822005228141e-01,1.000000000000000000e+00,0.000000000000000000e+00,0.000000000000000000e+00,2.170377537782585686e-01,-4.914259576007637409e-01
1.000000000000000000e+00,3.478604992395438189e-01,9.429984172481987725e-01,2.037903631988249309e-01,0.000000000000000000e+00,0.000000000000000000e+00,2.408990431272823307e-01,-7.893527657364097783e-01
1.000000000000000000e+00,3.542343768979412388e-01,9.663975286351463856e-01,1.039976775534886544e-01,7.929922886078022426e-01,0.000000000000000000e+00,2.588344741645123848e-01,-8.789032433972565617e-01
9.999999999999968914e-01,3.370834704908069468e-01,9.599475067566357600e-01,4.684691333065648666e-01,0.000000000000000000e+00,0.000000000000000000e+00,2.360529411770609376e-01,-7.431634588220372706e-01
9.310121071973269657e-01,2.993674928957079651e-01,1.000000000000000000e+00,0.000000000000000000e+00,1.000000000000000000e+00,0.000000000000000000e+00,5.850333730286974010e-01,-8.789032433972565617e-01
9.310121071973268547e-01,2.993674929052140277e-01,1.000000000000000000e+00,0.000000000000000000e+00,1.000000000000000000e+00,0.000000000000000000e+00,5.850333730286974010e-01,-8.789032433972565617e-01
9.310121071973268547e-01,2.993674928959172976e-01,1.000000000000000000e+00,0.000000000000000000e+00,1.000000000000000000e+00,0.000000000000000000e+00,5.850333730286974010e-01,-8.789032433972565617e-01
9.999998181321243518e-01,3.501575408295871661e-01,9.601463406283263780e-01,3.547960398934849602e-01,4.597758454071136668e-04,0.000000000000000000e+00,2.386677224175378365e-01,-7.619646558962300809e-01
9.310121071973268547e-01,2.993674929076848845e-01,1.000000000000000000e+00,0.000000000000000000e+00,1.000000000000000000e+00,0.000000000000000000e+00,5.850333730286974010e-01,-8.789032433972565617e-01
9.310121071973268547e-01,2.993674928958133807e-01,1.000000000000000000e+00,0.000000000000000000e+00,1.000000000000000000e+00,0.000000000000000000e+00,5.850333730286974010e-01,-8.789032433972565617e-01
9.310121071973268547e-01,2.993674929013329655e-01,1.000000000000000000e+00,0.000000000000000000e+00,1.000000000000000000e+00,0.000000000000000000e+00,5.850333730286974010e-01,-8.789032433972565617e-01
9.310121071973268547e-01,2.993674929014412123e-01,1.000000000000000000e+00,0.000000000000000000e+00,1.000000000000000000e+00,0.000000000000000000e+00,5.850333730286974010e-01,-8.789032433972565617e-01
9.310121071973269657e-01,2.993674929013389052e-01,1.000000000000000000e+00,0.000000000000000000e+00,1.000000000000000000e+00,0.000000000000000000e+00,5.850333730286974010e-01,-8.789032433972565617e-01
9.310121071973268547e-01,2.993674928956711057e-01,1.000000000000000000e+00,0.000000000000000000e+00,1.000000000000000000e+00,0.000000000000000000e+00,5.850333730286974010e-01,-8.789032433972565617e-01
9.310121071973269657e-01,2.993674929051496347e-01,1.000000000000000000e+00,0.000000000000000000e+00,1.000000000000000000e+00,0.000000000000000000e+00,5.850333730286974010e-01,-8.789032433972565617e-01
9.310121071973268547e-01,2.993674928966264526e-01,1.000000000000000000e+00,0.000000000000000000e+00,1.000000000000000000e+00,0.000000000000000000e+00,5.850333730286974010e-01,-8.789032433972565617e-01
9.310121071973268547e-01,2.993674929011543862e-01,1.000000000000000000e+00,0.000000000000000000e+00,1.000000000000000000e+00,0.000000000000000000e+00,5.850333730286974010e-01,-8.789032433972565617e-01
9.310121071973268547e-01,2.993674928966540416e-01,1.000000000000000000e+00,0.000000000000000000e+00,1.000000000000000000e+00,0.000000000000000000e+00,5.850333730286974010e-01,-8.789032433972565617e-01
9.310121071973268547e-01,2.993674929071866164e-01,1.000000000000000000e+00,0.000000000000000000e+00,1.000000000000000000e+00,0.000000000000000000e+00,5.850333730286974010e-01,-8.789032433972565617e-01
9.310121071973268547e-01,2.993674928968875215e-01,1.000000000000000000e+00,0.000000000000000000e+00,1.000000000000000000e+00,0.000000000000000000e+00,5.850333730286974010e-01,-8.789032433972565617e-01
9.310121071973268547e-01,2.993674928966383875e-01,1.000000000000000000e+00,0.000000000000000000e+00,1.000000000000000000e+00,0.000000000000000000e+00,5.850333730286974010e-01,-8.789032433972565617e-01
9.310121071973270768e-01,2.993674929011256869e-01,1.000000000000000000e+00,0.000000000000000000e+00,1.000000000000000000e+00,0.000000000000000000e+00,5.850333730286974010e-01,-8.789032433972565617e-01
9.310121071973268547e-01,2.993674929052140277e-01,1.000000000000000000e+00,0.000000000000000000e+00,1.000000000000000000e+00,0.000000000000000000e+00,5.850333730286974010e-01,-8.789032433972565617e-01
9.310121071973270768e-01,2.993674928968044768e-01,1.000000000000000000e+00,0.000000000000000000e+00,1.000000000000000000e+00,0.000000000000000000e+00,5.850333730286974010e-01,-8.789032433972565617e-01
9.310121071973268547e-01,2.993674928957201220e-01,1.000000000000000000e+00,0.000000000000000000e+00,1.000000000000000000e+00,0.000000000000000000e+00,5.850333730286974010e-01,-8.789032433972565617e-01
9.999999999992710276e-01,3.485091502921116025e-01,9.600251155045637086e-01,3.596141208307285786e-01,0.000000000000000000e+00,0.000000000000000000e+00,2.384022079237829717e-01,-7.619646558962300809e-01
9.310121071973270768e-01,2.993674929013298569e-01,1.000000000000000000e+00,0.000000000000000000e+00,1.000000000000000000e+00,0.000000000000000000e+00,5.850333730286974010e-01,-8.789032433972565617e-01
9.310121071973269657e-01,2.993674929074404689e-01,1.000000000000000000e+00,0.000000000000000000e+00,1.000000000000000000e+00,0.000000000000000000e+00,5.850333730286974010e-01,-8.789032433972565617e-01
9.310121071973270768e-01,2.993674929013298569e-01,1.000000000000000000e+00,0.000000000000000000e+00,1.000000000000000000e+00,0.000000000000000000e+00,5.850333730286974010e-01,-8.789032433972565617e-01
9.997847259748524618e-01,3.493060305321434855e-01,9.563098880079817787e-01,3.079568693322835005e-01,0.000000000000000000e+00,0.000000000000000000e+00,2.393429944965251022e-01,-7.660740637409055864e-01
9.310121071973268547e-01,2.993674928958112158e-01,1.000000000000000000e+00,0.000000000000000000e+00,1.000000000000000000e+00,0.000000000000000000e+00,5.850333730286974010e-01,-8.789032433972565617e-01
9.310121071973268547e-01,2.993674928958348636e-01,1.000000000000000000e+00,0.000000000000000000e+00,1.000000000000000000e+00,0.000000000000000000e+00,5.850333730286974010e-01,-8.789032433972565617e-01
9.310121071973269657e-01,2.993674929013389052e-01,1.000000000000000000e+00,0.000000000000000000e+00,1.000000000000000000e+00,0.000000000000000000e+00,5.850333730286974010e-01,-8.789032433972565617e-01
9.310121071973268547e-01,2.993674928989810691e-01,1.000000000000000000e+00,0.000000000000000000e+00,1.000000000000000000e+00,0.000000000000000000e+00,5.850333730286974010e-01,-8.789032433972565617e-01
9.310121071973268547e-01,2.993674928956638892e-01,1.000000000000000000e+00,0.000000000000000000e+00,1.000000000000000000e+00,0.000000000000000000e+00,5.850333730286974010e-01,-8.789032433972565617e-01
9.310121071973268547e-01,2.993674928966471027e-01,1.000000000000000000e+00,0.000000000000000000e+00,1.000000000000000000e+00,0.000000000000000000e+00,5.850333730286974010e-01,-8.789032433972565617e-01
9.310121071973268547e-01,2.993674928958095505e-01,1.000000000000000000e+00,0.000000000000000000e+00,1.000000000000000000e+00,0.000000000000000000e+00,5.850333730286974010e-01,-8.789032433972565617e-01
9.310121071973270768e-01,2.993674928963821480e-01,1.000000000000000000e+00,0.000000000000000000e+00,1.000000000000000000e+00,0.000000000000000000e+00,5.850333730286974010e-01,-8.789032433972565617e-01
9.310121071973270768e-01,2.993674929013298569e-01,1.000000000000000000e+00,0.000000000000000000e+00,1.000000000000000000e+00,0.000000000000000000e+00,5.850333730286974010e-01,-8.789032433972565617e-01
9.310121071973270768e-01,2.993674929072207558e-01,1.000000000000000000e+00,0.000000000000000000e+00,1.000000000000000000e+00,0.000000000000000000e+00,5.850333730286974010e-01,-8.789032433972565617e-01
9.310121071973268547e-01,2.993674928966360560e-01,1.000000000000000000e+00,0.000000000000000000e+00,1.000000000000000000e+00,0.000000000000000000e+00,5.850333730286974010e-01,-8.789032433972565617e-01
9.310121071973268547e-01,2.993674928959172976e-01,1.000000000000000000e+00,0.000000000000000000e+00,1.000000000000000000e+00,0.000000000000000000e+00,5.850333730286974010e-01,-8.789032433972565617e-01
9.310121071973268547e-01,2.993674928956666093e-01,1.000000000000000000e+00,0.000000000000000000e+00,1.000000000000000000e+00,0.000000000000000000e+00,5.850333730286974010e-01,-8.789032433972565617e-01
9.310121071973268547e-01,2.993674928956638892e-01,1.000000000000000000e+00,0.000000000000000000e+00,1.000000000000000000e+00,0.000000000000000000e+00,5.850333730286974010e-01,-8.789032433972565617e-01
9.310121071973268547e-01,2.993674928966502669e-01,1.000000000000000000e+00,0.000000000000000000e+00,1.000000000000000000e+00,0.000000000000000000e+00,5.850333730286974010e-01,-8.789032433972565617e-01
9.310121071973269657e-01,2.993674928957079651e-01,1.000000000000000000e+00,0.000000000000000000e+00,1.000000000000000000e+00,0.000000000000000000e+00,5.850333730286974010e-01,-8.789032433972565617e-01
9.310121071973269657e-01,2.993674929013389052e-01,1.000000000000000000e+00,0.000000000000000000e+00,1.000000000000000000e+00,0.000000000000000000e+00,5.850333730286974010e-01,-8.789032433972565617e-01
9.310121071973269657e-01,2.993674929074404689e-01,1.000000000000000000e+00,0.000000000000000000e+00,1.000000000000000000e+00,0.000000000000000000e+00,5.850333730286974010e-01,-8.789032433972565617e-01
9.310121071973270768e-01,2.993674929013298569e-01,1.000000000000000000e+00,0.000000000000000000e+00,1.000000000000000000e+00,0.000000000000000000e+00,5.850333730286974010e-01,-8.789032433972565617e-01
9.999998181321243518e-01,3.501575408295871661e-01,9.601463406283263780e-01,3.547960398934849602e-01,4.597758454071136668e-04,0.000000000000000000e+00,2.386677224175378365e-01,-7.619646558962300809e-01
9.999998181321243518e-01,3.501575408295871661e-01,9.601463406283263780e-01,3.547960398934849602e-01,4.597758454071136668e-04,0.000000000000000000e+00,2.386677224175378365e-01,-7.619646558962300809e-01
9.999998181321243518e-01,3.501575408295871661e-01,9.601463406283263780e-01,3.547960398934849602e-01,4.597758454071136668e-04,0.000000000000000000e+00,2.386677224175378365e-01,-7.619646558962300809e-01
9.999998181321243518e-01,3.501575408295871661e-01,9.601463406283263780e-01,3.547960398934849602e-01,4.597758454071136668e-04,0.000000000000000000e+00,2.386677224175378365e-01,-7.619646558962300809e-01
9.310121071973269657e-01,2.993674929013389052e-01,1.000000000000000000e+00,0.000000000000000000e+00,1.000000000000000000e+00,0.000000000000000000e+00,5.850333730286974010e-01,-8.789032433972565617e-01
9.310121071973269657e-01,2.993674928985755046e-01,1.000000000000000000e+00,0.000000000000000000e+00,1.000000000000000000e+00,0.000000000000000000e+00,5.850333730286974010e-01,-8.789032433972565617e-01
9.310121071973269657e-01,2.993674929073716351e-01,1.000000000000000000e+00,0.000000000000000000e+00,1.000000000000000000e+00,0.000000000000000000e+00,5.850333730286974010e-01,-8.789032433972565617e-01
9.310121071973270768e-01,2.993674929013298569e-01,1.000000000000000000e+00,0.000000000000000000e+00,1.000000000000000000e+00,0.000000000000000000e+00,5.850333730286974010e-01,-8.789032433972565617e-01
9.310121071973268547e-01,2.993674928958075521e-01,1.000000000000000000e+00,0.000000000000000000e+00,1.000000000000000000e+00,0.000000000000000000e+00,5.850333730286974010e-01,-8.789032433972565617e-01
9.310121071973268547e-01,2.993674928957834602e-01,1.000000000000000000e+00,0.000000000000000000e+00,1.000000000000000000e+00,0.000000000000000000e+00,5.850333730286974010e-01,-8.789032433972565617e-01
9.999998181321243518e-01,3.501575408295871661e-01,9.601463406283263780e-01,3.547960398934849602e-01,4.597758454071136668e-04,0.000000000000000000e+00,2.386677224175378365e-01,-7.619646558962300809e-01
9.310121071973269657e-01,2.993674928957084092e-01,1.000000000000000000e+00,0.000000000000000000e+00,1.000000000000000000e+00,0.000000000000000000e+00,5.850333730286974010e-01,-8.789032433972565617e-01
9.999998181321243518e-01,3.501575408295871661e-01,9.601463406283263780e-01,3.547960398934849602e-01,4.597758454071136668e-04,0.000000000000000000e+00,2.386677224175378365e-01,-7.619646558962300809e-01
9.999998181321243518e-01,3.501575408295871661e-01,9.601463406283263780e-01,3.547960398934849602e-01,4.597758454071136668e-04,0.000000000000000000e+00,2.386677224175378365e-01,-7.619646558962300809e-01
9.999998181321243518e-01,3.501575408295871661e-01,9.601463406283263780e-01,3.547960398934849602e-01,4.597758454071136668e-04,0.000000000000000000e+00,2.386677224175378365e-01,-7.619646558962300809e-01
9.310121071973269657e-01,2.993674929074404689e-01,1.000000000000000000e+00,0.000000000000000000e+00,1.000000000000000000e+00,0.000000000000000000e+00,5.850333730286974010e-01,-8.789032433972565617e-01
1.000000000000000000e+00,3.541600303590993759e-01,9.821046415151718501e-01,1.035534928922593606e-01,0.000000000000000000e+00,0.000000000000000000e+00,2.458299732161527695e-01,-8.555793477372729550e-01
9.310121071973268547e-01,2.993674929014412123e-01,1.000000000000000000e+00,0.000000000000000000e+00,1.000000000000000000e+00,0.000000000000000000e+00,5.850333730286974010e-01,-8.789032433972565617e-01
9.310121071973268547e-01,2.993674928966360560e-01,1.000000000000000000e+00,0.000000000000000000e+00,1.000000000000000000e+00,0.000000000000000000e+00,5.850333730286974010e-01,-8.789032433972565617e-01
9.310121071973268547e-01,2.993674929070810342e-01,1.000000000000000000e+00,0.000000000000000000e+00,1.000000000000000000e+00,0.000000000000000000e+00,5.850333730286974010e-01,-8.789032433972565617e-01
1.000000000000000000e+00,3.748103309699648555e-01,9.941996590357783381e-01,6.815010640787762253e-02,3.417773459507333911e-02,0.000000000000000000e+00,2.504838391071754766e-01,-8.555793477372729550e-01
9.310121071973270768e-01,2.993674929013298569e-01,1.000000000000000000e+00,0.000000000000000000e+00,1.000000000000000000e+00,0.000000000000000000e+00,5.850333730286974010e-01,-8.789032433972565617e-01
9.310121071973270768e-01,2.993674929072207558e-01,1.000000000000000000e+00,0.000000000000000000e+00,1.000000000000000000e+00,0.000000000000000000e+00,5.850333730286974010e-01,-8.789032433972565617e-01
9.310121071973269657e-01,2.993674929048923961e-01,1.000000000000000000e+00,0.000000000000000000e+00,1.000000000000000000e+00,0.000000000000000000e+00,5.850333730286974010e-01,-8.789032433972565617e-01
9.310121071973269657e-01,2.993674928993800277e-01,1.000000000000000000e+00,0.000000000000000000e+00,1.000000000000000000e+00,0.000000000000000000e+00,5.850333730286974010e-01,-8.789032433972565617e-01
9.310121071973270768e-01,2.993674928989885631e-01,1.000000000000000000e+00,0.000000000000000000e+00,1.000000000000000000e+00,0.000000000000000000e+00,5.850333730286974010e-01,-8.789032433972565617e-01
9.310121071973268547e-01,2.993674928957834602e-01,1.000000000000000000e+00,0.000000000000000000e+00,1.000000000000000000e+00,0.000000000000000000e+00,5.850333730286974010e-01,-8.789032433972565617e-01
9.310121071973269657e-01,2.993674928990742168e-01,1.000000000000000000e+00,2.016549166696484512e-34,1.000000000000000000e+00,0.000000000000000000e+00,5.850333730286974010e-01,-8.789032433972565617e-01
9.310121071973269657e-01,2.993674929049392475e-01,1.000000000000000000e+00,0.000000000000000000e+00,1.000000000000000000e+00,0.000000000000000000e+00,5.850333730286974010e-01,-8.789032433972565617e-01
9.310121071973270768e-01,2.993674929011256869e-01,1.000000000000000000e+00,0.000000000000000000e+00,1.000000000000000000e+00,0.000000000000000000e+00,5.850333730286974010e-01,-8.789032433972565617e-01
9.310121071973269657e-01,2.993674929013389052e-01,1.000000000000000000e+00,0.000000000000000000e+00,1.000000000000000000e+00,0.000000000000000000e+00,5.850333730286974010e-01,-8.789032433972565617e-01
9.310121071973269657e-01,2.993674928985755046e-01,1.000000000000000000e+00,0.000000000000000000e+00,1.000000000000000000e+00,0.000000000000000000e+00,5.850333730286974010e-01,-8.789032433972565617e-01
9.310121071973270768e-01,2.993674929013298569e-01,1.000000000000000000e+00,0.000000000000000000e+00,1.000000000000000000e+00,0.000000000000000000e+00,5.850333730286974010e-01,-8.789032433972565617e-01
9.310121071973270768e-01,2.993674929073094626e-01,1.000000000000000000e+00,0.000000000000000000e+00,1.000000000000000000e+00,0.000000000000000000e+00,5.850333730286974010e-01,-8.789032433972565617e-01
9.310121071973268547e-01,2.993674928989809025e-01,1.000000000000000000e+00,0.000000000000000000e+00,1.000000000000000000e+00,0.000000000000000000e+00,5.850333730286974010e-01,-8.789032433972565617e-01
9.310121071973268547e-01,2.993674929081611147e-01,1.000000000000000000e+00,0.000000000000000000e+00,1.000000000000000000e+00,0.000000000000000000e+00,5.850333730286974010e-01,-8.789032433972565617e-01
9.310121071973269657e-01,2.993674928957079651e-01,1.000000000000000000e+00,0.000000000000000000e+00,1.000000000000000000e+00,0.000000000000000000e+00,5.850333730286974010e-01,-8.789032433972565617e-01
9.310121071973268547e-01,2.993674928966383875e-01,1.000000000000000000e+00,0.000000000000000000e+00,1.000000000000000000e+00,0.000000000000000000e+00,5.850333730286974010e-01,-8.789032433972565617e-01
9.310121071973269657e-01,2.993674928957897885e-01,1.000000000000000000e+00,0.000000000000000000e+00,1.000000000000000000e+00,0.000000000000000000e+00,5.850333730286974010e-01,-8.789032433972565617e-01
9.310121071973268547e-01,2.993674929014412123e-01,1.000000000000000000e+00,0.000000000000000000e+00,1.000000000000000000e+00,0.000000000000000000e+00,5.850333730286974010e-01,-8.789032433972565617e-01
