5.000000000000000000e+02,3.152213999999999849e-01
1.000000000000000000e+03,3.841488000000000125e-01
1.500000000000000000e+03,3.827629000000000170e-01
2.000000000000000000e+03,4.130461999999999745e-01
2.500000000000000000e+03,4.270407999999999982e-01
3.000000000000000000e+03,4.286208000000000240e-01
3.500000000000000000e+03,4.320834000000000064e-01
4.000000000000000000e+03,4.426914000000000127e-01
4.500000000000000000e+03,4.469741999999999882e-01
5.000000000000000000e+03,4.483807000000000209e-01
5.500000000000000000e+03,4.580595000000000083e-01
6.000000000000000000e+03,4.698703000000000185e-01
6.500000000000000000e+03,4.705688000000000093e-01
7.000000000000000000e+03,4.823020000000000085e-01
7.500000000000000000e+03,4.823365000000000014e-01
8.000000000000000000e+03,4.827080999999999733e-01
8.500000000000000000e+03,4.913089999999999957e-01
9.000000000000000000e+03,4.924544000000000143e-01
9.500000000000000000e+03,4.937362000000000140e-01
1.000000000000000000e+04,4.940955000000000208e-01
1.050000000000000000e+04,4.941025000000000000e-01
1.100000000000000000e+04,4.941127000000000158e-01
1.150000000000000000e+04,4.941128000000000187e-01
1.200000000000000000e+04,4.941139999999999977e-01
1.250000000000000000e+04,4.941192999999999835e-01
1.300000000000000000e+04,4.941209999999999769e-01
1.350000000000000000e+04,4.941462999999999828e-01
1.400000000000000000e+04,4.941343999999999737e-01
1.450000000000000000e+04,4.947540999999999745e-01
1.500000000000000000e+04,4.947711000000000192e-01
1.550000000000000000e+04,4.942302000000000084e-01
1.600000000000000000e+04,4.942303000000000113e-01
1.650000000000000000e+04,4.942411999999999916e-01
1.700000000000000000e+04,4.943392999999999815e-01
1.750000000000000000e+04,4.943606999999999863e-01
1.800000000000000000e+04,4.943717000000000250e-01
1.850000000000000000e+04,4.943921000000000010e-01
1.900000000000000000e+04,4.948483000000000187e-01
1.950000000000000000e+04,4.944292000000000131e-01
2.000000000000000000e+04,4.944292000000000131e-01
2.050000000000000000e+04,4.944436999999999860e-01
2.100000000000000000e+04,4.944522000000000084e-01
2.150000000000000000e+04,4.948218999999999812e-01
2.200000000000000000e+04,4.949490999999999752e-01
2.250000000000000000e+04,4.944869000000000070e-01
2.300000000000000000e+04,4.944880999999999860e-01
2.350000000000000000e+04,4.949605000000000254e-01
2.400000000000000000e+04,4.949686999999999837e-01
2.450000000000000000e+04,4.945668999999999760e-01
2.500000000000000000e+04,4.945673999999999904e-01
2.550000000000000000e+04,4.945673999999999904e-01
2.600000000000000000e+04,4.945673999999999904e-01
2.650000000000000000e+04,4.945673999999999904e-01
2.700000000000000000e+04,4.945481999999999934e-01
2.750000000000000000e+04,4.945496999999999810e-01
2.800000000000000000e+04,4.945537999999999879e-01
2.850000000000000000e+04,4.945537999999999879e-01
2.900000000000000000e+04,4.948540000000000161e-01
2.950000000000000000e+04,4.948540000000000161e-01
3.000000000000000000e+04,4.949870000000000103e-01
3.050000000000000000e+04,4.948540000000000161e-01
3.100000000000000000e+04,4.948543000000000247e-01
3.150000000000000000e+04,4.948545999999999778e-01
3.200000000000000000e+04,4.948606999999999867e-01
3.250000000000000000e+04,4.948620000000000241e-01
3.300000000000000000e+04,4.948692000000000091e-01
3.350000000000000000e+04,4.948682999999999832e-01
3.400000000000000000e+04,4.949894000000000238e-01
3.450000000000000000e+04,4.948682999999999832e-01
3.500000000000000000e+04,4.948691000000000062e-01
3.550000000000000000e+04,4.948691000000000062e-01
3.600000000000000000e+04,4.948838999999999877e-01
3.650000000000000000e+04,4.949915999999999761e-01
3.700000000000000000e+04,4.948704999999999909e-01
3.750000000000000000e+04,4.948712000000000111e-01
3.800000000000000000e+04,4.949617000000000044e-01
3.850000000000000000e+04,4.949245999999999923e-01
3.900000000000000000e+04,4.949929000000000134e-01
3.950000000000000000e+04,4.949929000000000134e-01
4.000000000000000000e+04,4.948737999999999748e-01
4.050000000000000000e+04,4.949932000000000221e-01
4.100000000000000000e+04,4.948852000000000251e-01
4.150000000000000000e+04,4.948738999999999777e-01
4.200000000000000000e+04,4.948744999999999949e-01
4.250000000000000000e+04,4.948747000000000007e-01
4.300000000000000000e+04,4.948747000000000007e-01
4.350000000000000000e+04,4.949942999999999982e-01
4.400000000000000000e+04,4.948808000000000096e-01
4.450000000000000000e+04,4.948809000000000125e-01
4.500000000000000000e+04,4.950015999999999861e-01
4.550000000000000000e+04,4.948870000000000213e-01
4.600000000000000000e+04,4.948884000000000061e-01
4.650000000000000000e+04,4.948821999999999943e-01
4.700000000000000000e+04,4.948906000000000138e-01
4.750000000000000000e+04,4.948872000000000271e-01
4.800000000000000000e+04,4.948872000000000271e-01
4.850000000000000000e+04,4.948872000000000271e-01
4.900000000000000000e+04,4.948872000000000271e-01
4.950000000000000000e+04,4.948904000000000081e-01
5.000000000000000000e+04,4.950102000000000113e-01
5.050000000000000000e+04,4.948905000000000109e-01
5.100000000000000000e+04,4.948905000000000109e-01
5.150000000000000000e+04,4.948913999999999813e-01
5.200000000000000000e+04,4.948973999999999873e-01
5.250000000000000000e+04,4.948917999999999928e-01
5.300000000000000000e+04,4.948917999999999928e-01
5.350000000000000000e+04,4.948922000000000043e-01
5.400000000000000000e+04,4.948923000000000072e-01
5.450000000000000000e+04,4.950120000000000076e-01
5.500000000000000000e+04,4.950127999999999751e-01
5.550000000000000000e+04,4.950127999999999751e-01
5.600000000000000000e+04,4.948930999999999747e-01
5.650000000000000000e+04,4.948930999999999747e-01
5.700000000000000000e+04,4.948930999999999747e-01
5.750000000000000000e+04,4.949861999999999873e-01
5.800000000000000000e+04,4.948949000000000265e-01
5.850000000000000000e+04,4.948947000000000207e-01
5.900000000000000000e+04,4.948946000000000178e-01
5.950000000000000000e+04,4.948946000000000178e-01
6.000000000000000000e+04,4.948946000000000178e-01
