8.378101308474842357e-01,3.618025134316111280e-01,2.365434161252175926e-01,9.999863226393899129e-01,1.000000000000000000e+00,0.000000000000000000e+00,2.111567940874660987e-01,-3.938646306545101061e-01
1.000000000000000000e+00,3.552256107807559293e-01,9.790261792731714818e-01,1.026399643562057595e-01,0.000000000000000000e+00,0.000000000000000000e+00,2.456231010502831491e-01,-8.555793477372729550e-01
1.000000000000000000e+00,3.552262457601818024e-01,9.664931170374769787e-01,1.025755934880795139e-01,7.952585594575525274e-01,0.000000000000000000e+00,2.589093908983344794e-01,-8.789032433972565617e-01
9.999992065078893155e-01,3.192656420921945459e-01,8.029703085586019640e-01,1.000000000000000000e+00,0.000000000000000000e+00,0.000000000000000000e+00,2.198876077569065224e-01,-5.733987283981532013e-01
1.000000000000000000e+00,3.228453793998838917e-01,8.703773179565555962e-01,1.000000000000000000e+00,0.000000000000000000e+00,0.000000000000000000e+00,2.217622241664405081e-01,-6.139534958029466694e-01
1.000000000000000000e+00,3.506867618513802576e-01,9.348123466858567765e-01,1.395527485873131746e-01,0.000000000000000000e+00,0.000000000000000000e+00,2.419408310372167525e-01,-8.025434079712773228e-01
9.999992146267117077e-01,3.370287599211353458e-01,9.650534418653596846e-01,5.773146233717123543e-01,0.000000000000000000e+00,0.000000000000000000e+00,2.337353228287291362e-01,-7.213809293976628512e-01
1.000000000000000000e+00,3.292408132425431178e-01,9.842103410928049190e-01,1.000000000000000000e+00,0.000000000000000000e+00,0.000000000000000000e+00,2.258143759717659016e-01,-6.565491435534377418e-01
9.999998435954379206e-01,3.339173975058181698e-01,9.583855109039186582e-01,7.020921038523617597e-01,0.000000000000000000e+00,0.000000000000000000e+00,2.308080538261779169e-01,-6.973437434907322485e-01
9.999956505166769372e-01,3.188604718240795610e-01,6.759135211563279677e-01,1.000000000000000000e+00,0.000000000000000000e+00,0.000000000000000000e+00,2.175376501186284117e-01,-5.319768420667358999e-01
9.999958896267806541e-01,3.250663421423842792e-01,9.304171730090373682e-01,1.000000000000000000e+00,0.000000000000000000e+00,0.000000000000000000e+00,2.237659117149231880e-01,-6.306637974936492030e-01
9.961224517202230677e-01,3.076907754105586146e-01,4.244393401849094194e-01,9.673395070540249385e-01,1.000000000000000000e+00,0.000000000000000000e+00,2.138518113108252572e-01,-4.479466323432776398e-01
1.000000000000000000e+00,3.506372952278222210e-01,9.070512181758284553e-01,1.395829473546896515e-01,0.000000000000000000e+00,0.000000000000000000e+00,2.404316735562906648e-01,-7.824072854834680513e-01
9.999998492805941552e-01,3.379160440166044665e-01,9.664489951957119240e-01,4.158471969457237516e-01,0.000000000000000000e+00,0.000000000000000000e+00,2.377261619720908714e-01,-7.553291157490923391e-01
1.000000000000000000e+00,3.549846325689631765e-01,9.658350530793697875e-01,1.394837914212356256e-01,0.000000000000000000e+00,0.000000000000000000e+00,2.438709497857284303e-01,-8.369488546264728379e-01
9.310125445052948034e-01,2.993671125332436067e-01,1.000000000000000000e+00,0.000000000000000000e+00,1.000000000000000000e+00,0.000000000000000000e+00,5.850332743926540680e-01,-8.789032433972565617e-01
9.310125445052948034e-01,2.993671125332436067e-01,1.000000000000000000e+00,0.000000000000000000e+00,1.000000000000000000e+00,0.000000000000000000e+00,5.850332743926540680e-01,-8.789032433972565617e-01
9.310125445052945814e-01,2.993671125301147207e-01,1.000000000000000000e+00,2.647443632798811005e-32,1.000000000000000000e+00,0.000000000000000000e+00,5.850332743926540680e-01,-8.789032433972565617e-01
9.997634102111807586e-01,3.513947891098969101e-01,1.000000000000000000e+00,1.000000000000000000e+00,9.307523055486799368e-01,0.000000000000000000e+00,2.452639379270533937e-01,-6.688831850163318160e-01
9.310125445052945814e-01,2.993671125303364877e-01,1.000000000000000000e+00,2.618461532793727988e-32,1.000000000000000000e+00,0.000000000000000000e+00,5.850332743926540680e-01,-8.789032433972565617e-01
9.310125445052945814e-01,2.993671125303364877e-01,1.000000000000000000e+00,2.619091300367902253e-32,1.000000000000000000e+00,0.000000000000000000e+00,5.850332743926540680e-01,-8.789032433972565617e-01
9.310125445052945814e-01,2.993671125314769643e-01,1.000000000000000000e+00,2.613499085538124461e-32,1.000000000000000000e+00,0.000000000000000000e+00,5.850332743926540680e-01,-8.789032433972565617e-01
9.310125445052946924e-01,2.993671125314980030e-01,1.000000000000000000e+00,7.090888892973009836e-34,1.000000000000000000e+00,0.000000000000000000e+00,5.850332743926540680e-01,-8.789032433972565617e-01
9.310125445052948034e-01,2.993671125332436067e-01,1.000000000000000000e+00,0.000000000000000000e+00,1.000000000000000000e+00,0.000000000000000000e+00,5.850332743926540680e-01,-8.789032433972565617e-01
9.310125445052944704e-01,2.993671125315454651e-01,1.000000000000000000e+00,1.208124474099392395e-33,1.000000000000000000e+00,0.000000000000000000e+00,5.850332743926540680e-01,-8.789032433972565617e-01
9.310125445052945814e-01,2.993671125301147207e-01,1.000000000000000000e+00,2.647443632798811005e-32,1.000000000000000000e+00,0.000000000000000000e+00,5.850332743926540680e-01,-8.789032433972565617e-01
9.310125445052945814e-01,2.993671125303364877e-01,1.000000000000000000e+00,2.618461532793727988e-32,1.000000000000000000e+00,0.000000000000000000e+00,5.850332743926540680e-01,-8.789032433972565617e-01
9.310125445052945814e-01,2.993671125314954495e-01,1.000000000000000000e+00,0.000000000000000000e+00,1.000000000000000000e+00,0.000000000000000000e+00,5.850332743926540680e-01,-8.789032433972565617e-01
9.310125445052943594e-01,2.993671125314775194e-01,1.000000000000000000e+00,0.000000000000000000e+00,1.000000000000000000e+00,0.000000000000000000e+00,5.850332743926540680e-01,-8.789032433972565617e-01
9.310125445052945814e-01,2.993671125301147207e-01,1.000000000000000000e+00,0.000000000000000000e+00,1.000000000000000000e+00,0.000000000000000000e+00,5.850332743926540680e-01,-8.789032433972565617e-01
9.310125445052945814e-01,2.993671125323293936e-01,1.000000000000000000e+00,2.555595415543753934e-32,1.000000000000000000e+00,0.000000000000000000e+00,5.850332743926540680e-01,-8.789032433972565617e-01
9.310125445052943594e-01,2.993671125315217063e-01,1.000000000000000000e+00,2.490592749476116250e-32,1.000000000000000000e+00,0.000000000000000000e+00,5.850332743926540680e-01,-8.789032433972565617e-01
9.310125445052943594e-01,2.993671125315524040e-01,1.000000000000000000e+00,2.849251744876573876e-32,1.000000000000000000e+00,0.000000000000000000e+00,5.850332743926540680e-01,-8.789032433972565617e-01
9.310125445052943594e-01,2.993671125315220949e-01,1.000000000000000000e+00,4.560582192787355765e-34,1.000000000000000000e+00,0.000000000000000000e+00,5.850332743926540680e-01,-8.789032433972565617e-01
9.310125445052945814e-01,2.993671125314770753e-01,1.000000000000000000e+00,0.000000000000000000e+00,1.000000000000000000e+00,0.000000000000000000e+00,5.850332743926540680e-01,-8.789032433972565617e-01
9.310125445052943594e-01,2.993671125315524040e-01,1.000000000000000000e+00,2.853500439650975483e-32,1.000000000000000000e+00,0.000000000000000000e+00,5.850332743926540680e-01,-8.789032433972565617e-01
1.000000000000000000e+00,3.552262457601818024e-01,9.664931170374769787e-01,1.025755934880795139e-01,7.952585594575525274e-01,0.000000000000000000e+00,2.589093908983344794e-01,-8.789032433972565617e-01
9.310125445052945814e-01,2.993671125301147207e-01,1.000000000000000000e+00,2.647443632798811005e-32,1.000000000000000000e+00,0.000000000000000000e+00,5.850332743926540680e-01,-8.789032433972565617e-01
9.725943245127320891e-01,3.366823143547412744e-01,9.996542942656394537e-01,1.000000000000000000e+00,9.247570989118456541e-01,0.000000000000000000e+00,2.426766406028036394e-01,-6.688831850163318160e-01
9.310125445052946924e-01,2.993671125314980030e-01,1.000000000000000000e+00,7.090888892973009836e-34,1.000000000000000000e+00,0.000000000000000000e+00,5.850332743926540680e-01,-8.789032433972565617e-01
9.987799987977566962e-01,3.555505999991593891e-01,9.658988800954984022e-01,1.339655280587740971e-01,0.000000000000000000e+00,0.000000000000000000e+00,2.440991887909918223e-01,-8.369488546264728379e-01
9.310125445052945814e-01,2.993671125303364877e-01,1.000000000000000000e+00,2.618461532793727988e-32,1.000000000000000000e+00,0.000000000000000000e+00,5.850332743926540680e-01,-8.789032433972565617e-01
9.310125445052946924e-01,2.993671125314980030e-01,1.000000000000000000e+00,7.090888892973009836e-34,1.000000000000000000e+00,0.000000000000000000e+00,5.850332743926540680e-01,-8.789032433972565617e-01
9.310125445052945814e-01,2.993671125303364877e-01,1.000000000000000000e+00,2.618461532793727988e-32,1.000000000000000000e+00,0.000000000000000000e+00,5.850332743926540680e-01,-8.789032433972565617e-01
9.310125445052945814e-01,2.993671125301147207e-01,1.000000000000000000e+00,2.647443632798811005e-32,1.000000000000000000e+00,0.000000000000000000e+00,5.850332743926540680e-01,-8.789032433972565617e-01
9.310125445052945814e-01,2.993671125303364877e-01,1.000000000000000000e+00,2.618461532793727988e-32,1.000000000000000000e+00,0.000000000000000000e+00,5.850332743926540680e-01,-8.789032433972565617e-01
9.310125445052943594e-01,2.993671125301248792e-01,1.000000000000000000e+00,0.000000000000000000e+00,1.000000000000000000e+00,0.000000000000000000e+00,5.850332743926540680e-01,-8.789032433972565617e-01
9.310125445052948034e-01,2.993671125332436067e-01,1.000000000000000000e+00,0.000000000000000000e+00,1.000000000000000000e+00,0.000000000000000000e+00,5.850332743926540680e-01,-8.789032433972565617e-01
9.310125445052945814e-01,2.993671125303364877e-01,1.000000000000000000e+00,2.618461532793727988e-32,1.000000000000000000e+00,0.000000000000000000e+00,5.850332743926540680e-01,-8.789032433972565617e-01
9.310125445052945814e-01,2.993671125315476855e-01,1.000000000000000000e+00,2.618461532793727988e-32,1.000000000000000000e+00,0.000000000000000000e+00,5.850332743926540680e-01,-8.789032433972565617e-01
9.310125445052945814e-01,2.993671125301147207e-01,1.000000000000000000e+00,2.647443632798811005e-32,1.000000000000000000e+00,0.000000000000000000e+00,5.850332743926540680e-01,-8.789032433972565617e-01
9.310125445052945814e-01,2.993671125315476855e-01,1.000000000000000000e+00,2.586863154020197538e-32,1.000000000000000000e+00,0.000000000000000000e+00,5.850332743926540680e-01,-8.789032433972565617e-01
9.310125445052945814e-01,2.993671125301167191e-01,1.000000000000000000e+00,2.578746382986734962e-32,1.000000000000000000e+00,0.000000000000000000e+00,5.850332743926540680e-01,-8.789032433972565617e-01
9.310125445052945814e-01,2.993671125301147207e-01,1.000000000000000000e+00,2.647443632798811005e-32,1.000000000000000000e+00,0.000000000000000000e+00,5.850332743926540680e-01,-8.789032433972565617e-01
9.310125445052943594e-01,2.993671125301249347e-01,1.000000000000000000e+00,2.752290297441691821e-32,1.000000000000000000e+00,0.000000000000000000e+00,5.850332743926540680e-01,-8.789032433972565617e-01
9.310125445052943594e-01,2.993671125301297642e-01,1.000000000000000000e+00,2.770119493814228670e-32,1.000000000000000000e+00,0.000000000000000000e+00,5.850332743926540680e-01,-8.789032433972565617e-01
9.999998435954379206e-01,3.339173975058181698e-01,9.583855109039186582e-01,7.020921038523617597e-01,0.000000000000000000e+00,0.000000000000000000e+00,2.308080538261779169e-01,-6.973437434907322485e-01
9.310125445052943594e-01,2.993671125303331015e-01,1.000000000000000000e+00,2.619097215014235861e-32,1.000000000000000000e+00,0.000000000000000000e+00,5.850332743926540680e-01,-8.789032433972565617e-01
1.000000000000000000e+00,3.234071041198605667e-01,8.594138942672115977e-01,9.999988300614289782e-01,0.000000000000000000e+00,0.000000000000000000e+00,2.214513481415058826e-01,-5.940250711959546015e-01
9.634131233062005473e-01,4.354359599118721724e-01,1.000000000000000000e+00,1.045719675412321216e-21,1.000000000000000000e+00,0.000000000000000000e+00,2.808366036510529518e-01,-8.789032433972565617e-01
9.366775394177974112e-01,3.511661624136823145e-01,1.000000000000000000e+00,8.640965280350966851e-03,9.704911013352487403e-01,0.000000000000000000e+00,3.301149757074514079e-01,-8.789032433972565617e-01
9.366775394177974112e-01,3.511661624136823145e-01,1.000000000000000000e+00,8.640965280350966851e-03,9.704911013352487403e-01,0.000000000000000000e+00,3.301149757074514079e-01,-8.789032433972565617e-01
9.366775394177974112e-01,3.511661624136823145e-01,1.000000000000000000e+00,8.640965280350966851e-03,9.704911013352487403e-01,0.000000000000000000e+00,3.301149757074514079e-01,-8.789032433972565617e-01
9.366775394177974112e-01,3.511661624136823145e-01,1.000000000000000000e+00,8.640965280350966851e-03,9.704911013352487403e-01,0.000000000000000000e+00,3.301149757074514079e-01,-8.789032433972565617e-01
9.366775394177974112e-01,3.511661624136823145e-01,1.000000000000000000e+00,8.640965280350966851e-03,9.704911013352487403e-01,0.000000000000000000e+00,3.301149757074514079e-01,-8.789032433972565617e-01
9.366775394177974112e-01,3.511661624136823145e-01,1.000000000000000000e+00,8.640965280350966851e-03,9.704911013352487403e-01,0.000000000000000000e+00,3.301149757074514079e-01,-8.789032433972565617e-01
9.366775394177974112e-01,3.511661624136823145e-01,1.000000000000000000e+00,8.640965280350966851e-03,9.704911013352487403e-01,0.000000000000000000e+00,3.301149757074514079e-01,-8.789032433972565617e-01
1.000000000000000000e+00,3.234071041198605667e-01,8.594138942672115977e-01,9.999988300614289782e-01,0.000000000000000000e+00,0.000000000000000000e+00,2.214513481415058826e-01,-5.940250711959546015e-01
1.000000000000000000e+00,3.228453793998838917e-01,8.703773179565555962e-01,1.000000000000000000e+00,0.000000000000000000e+00,0.000000000000000000e+00,2.217622241664405081e-01,-6.139534958029466694e-01
9.366775394177974112e-01,3.511661624136823145e-01,1.000000000000000000e+00,8.640965280350966851e-03,9.704911013352487403e-01,0.000000000000000000e+00,3.301149757074514079e-01,-8.789032433972565617e-01
9.365802383115889862e-01,3.355400411888342926e-01,9.843776837905083843e-01,1.000000000000000000e+00,7.360028853273842264e-02,0.000000000000000000e+00,2.362279229425526261e-01,-6.565491435534377418e-01
9.333883491820920142e-01,3.043242059268619348e-01,1.000000000000000000e+00,3.748182258837701175e-02,8.892862548526681010e-01,0.000000000000000000e+00,5.781859091272554263e-01,-8.789032433972565617e-01
9.366775394177974112e-01,3.511661624136823145e-01,1.000000000000000000e+00,8.640965280350966851e-03,9.704911013352487403e-01,0.000000000000000000e+00,3.301149757074514079e-01,-8.789032433972565617e-01
9.725943245127320891e-01,3.366823143547412744e-01,9.996542942656394537e-01,1.000000000000000000e+00,9.247570989118456541e-01,0.000000000000000000e+00,2.426766406028036394e-01,-6.688831850163318160e-01
9.732301342825800949e-01,3.355048916184820151e-01,9.997692010684507968e-01,1.000000000000000000e+00,6.441183180004894648e-02,0.000000000000000000e+00,2.305869819997892756e-01,-6.565491435534377418e-01
9.997634102111807586e-01,3.513947891098969101e-01,1.000000000000000000e+00,1.000000000000000000e+00,9.307523055486799368e-01,0.000000000000000000e+00,2.452639379270533937e-01,-6.688831850163318160e-01
9.999998492805941552e-01,3.379160440166044665e-01,9.664489951957119240e-01,4.158471969457237516e-01,0.000000000000000000e+00,0.000000000000000000e+00,2.377261619720908714e-01,-7.553291157490923391e-01
9.310125445052945814e-01,2.993671125301147207e-01,1.000000000000000000e+00,2.647443632798811005e-32,1.000000000000000000e+00,0.000000000000000000e+00,5.850332743926540680e-01,-8.789032433972565617e-01
9.987799987977566962e-01,3.555505999991593891e-01,9.658988800954984022e-01,1.339655280587740971e-01,0.000000000000000000e+00,0.000000000000000000e+00,2.440991887909918223e-01,-8.369488546264728379e-01
9.310125445052943594e-01,2.993671125315456316e-01,1.000000000000000000e+00,2.619500033550200255e-32,1.000000000000000000e+00,0.000000000000000000e+00,5.850332743926540680e-01,-8.789032433972565617e-01
9.870539709781422921e-01,3.428537068770438068e-01,1.000000000000000000e+00,9.772475161495635110e-01,0.000000000000000000e+00,0.000000000000000000e+00,2.285850977243029658e-01,-6.565491435534377418e-01
9.310125445052945814e-01,2.993671125304404601e-01,1.000000000000000000e+00,2.652599078346200459e-32,1.000000000000000000e+00,0.000000000000000000e+00,5.850332743926540680e-01,-8.789032433972565617e-01
9.310125445052948034e-01,2.993671125332436067e-01,1.000000000000000000e+00,0.000000000000000000e+00,1.000000000000000000e+00,0.000000000000000000e+00,5.850332743926540680e-01,-8.789032433972565617e-01
9.310125445052945814e-01,2.993671125323837390e-01,1.000000000000000000e+00,2.647850182088381642e-32,1.000000000000000000e+00,0.000000000000000000e+00,5.850332743926540680e-01,-8.789032433972565617e-01
9.310125445052945814e-01,2.993671125301147207e-01,1.000000000000000000e+00,2.647443632798811005e-32,1.000000000000000000e+00,0.000000000000000000e+00,5.850332743926540680e-01,-8.789032433972565617e-01
9.310125445052945814e-01,2.993671125303364877e-01,1.000000000000000000e+00,2.618461532793727988e-32,1.000000000000000000e+00,0.000000000000000000e+00,5.850332743926540680e-01,-8.789032433972565617e-01
9.310125445052946924e-01,2.993671125314980030e-01,1.000000000000000000e+00,7.090888892973009836e-34,1.000000000000000000e+00,0.000000000000000000e+00,5.850332743926540680e-01,-8.789032433972565617e-01
9.310125445052943594e-01,2.993671125301378133e-01,1.000000000000000000e+00,0.000000000000000000e+00,1.000000000000000000e+00,0.000000000000000000e+00,5.850332743926540680e-01,-8.789032433972565617e-01
9.310125445052945814e-01,2.993671125303364877e-01,1.000000000000000000e+00,2.618461532793727988e-32,1.000000000000000000e+00,0.000000000000000000e+00,5.850332743926540680e-01,-8.789032433972565617e-01
9.310125445052945814e-01,2.993671125304404601e-01,1.000000000000000000e+00,2.652840210083605286e-32,1.000000000000000000e+00,0.000000000000000000e+00,5.850332743926540680e-01,-8.789032433972565617e-01
9.310125445052945814e-01,2.993671125303364877e-01,1.000000000000000000e+00,2.618461532793727988e-32,1.000000000000000000e+00,0.000000000000000000e+00,5.850332743926540680e-01,-8.789032433972565617e-01
9.310125445052945814e-01,2.993671125324431914e-01,1.000000000000000000e+00,2.615890755324932226e-32,1.000000000000000000e+00,0.000000000000000000e+00,5.850332743926540680e-01,-8.789032433972565617e-01
9.310125445052945814e-01,2.993671125323293936e-01,1.000000000000000000e+00,2.555595415543753934e-32,1.000000000000000000e+00,0.000000000000000000e+00,5.850332743926540680e-01,-8.789032433972565617e-01
9.634131233062005473e-01,4.354359599118721724e-01,1.000000000000000000e+00,1.045719675412321216e-21,1.000000000000000000e+00,0.000000000000000000e+00,2.808366036510529518e-01,-8.789032433972565617e-01
9.310125445052945814e-01,2.993671125315476855e-01,1.000000000000000000e+00,2.880967531162222186e-32,1.000000000000000000e+00,0.000000000000000000e+00,5.850332743926540680e-01,-8.789032433972565617e-01
9.310125445052945814e-01,2.993671125332554861e-01,1.000000000000000000e+00,0.000000000000000000e+00,1.000000000000000000e+00,0.000000000000000000e+00,5.850332743926540680e-01,-8.789032433972565617e-01
9.999956505166769372e-01,3.188604718240795610e-01,6.759135211563279677e-01,1.000000000000000000e+00,0.000000000000000000e+00,0.000000000000000000e+00,2.175376501186284117e-01,-5.319768420667358999e-01
9.310125445052943594e-01,2.993671125315524040e-01,1.000000000000000000e+00,2.853500439650975483e-32,1.000000000000000000e+00,0.000000000000000000e+00,5.850332743926540680e-01,-8.789032433972565617e-01
9.310125445052945814e-01,2.993671125324431914e-01,1.000000000000000000e+00,2.615890755324932226e-32,1.000000000000000000e+00,0.000000000000000000e+00,5.850332743926540680e-01,-8.789032433972565617e-01
9.366775394177974112e-01,3.511661624136823145e-01,1.000000000000000000e+00,8.640965280350966851e-03,9.704911013352487403e-01,0.000000000000000000e+00,3.301149757074514079e-01,-8.789032433972565617e-01
