9.999999622198814109e-01,3.673153321944191418e-01,9.684559561905329295e-01,9.178122868912011456e-02,8.089332915066111962e-01,5.555555555555555802e-01,2.703682976597645560e-01,-9.340736922295825861e-01
1.000000000000000000e+00,3.568587366673006689e-01,9.070325410837229985e-01,2.619016874420463936e-01,0.000000000000000000e+00,5.555555555555555802e-01,2.465405894074970128e-01,-8.131187405944286795e-01
1.000000000000000000e+00,3.316675279232924045e-01,8.330522004694889127e-01,1.000000000000000000e+00,0.000000000000000000e+00,5.555555555555555802e-01,2.291566146199383036e-01,-6.535247570587220389e-01
1.000000000000000000e+00,3.280567513887849840e-01,5.844115061814921797e-01,1.000000000000000000e+00,0.000000000000000000e+00,5.555555555555555802e-01,2.248465311534249000e-01,-5.478760214010497398e-01
1.000000000000000000e+00,3.582005434738617100e-01,9.006946671777054103e-01,5.975018885833266458e-02,0.000000000000000000e+00,5.555555555555555802e-01,2.509177122509821389e-01,-8.696055203691929192e-01
9.999927878655044955e-01,3.446428600473939730e-01,9.883827026293501294e-01,7.343206588632839038e-01,0.000000000000000000e+00,5.555555555555555802e-01,2.406569233462152457e-01,-7.597758104719106731e-01
1.000000000000000000e+00,3.425346679842732334e-01,9.032975731380437079e-01,7.648289122306650700e-01,0.000000000000000000e+00,5.555555555555555802e-01,2.361448665240725719e-01,-7.248320921938764538e-01
9.999925511121678934e-01,3.295032826866762798e-01,7.780086329389794830e-01,1.000000000000000000e+00,0.000000000000000000e+00,5.555555555555555802e-01,2.275693512201557855e-01,-6.286380535953398629e-01
1.000000000000000000e+00,3.670177914490749815e-01,9.684558705657861921e-01,9.294459393471653230e-02,4.028361982751664599e-08,5.555555555555555802e-01,2.545686003705505684e-01,-9.188923909615499541e-01
1.000000000000000000e+00,3.444445397818904908e-01,9.362941134004335586e-01,7.336887977677626349e-01,0.000000000000000000e+00,5.555555555555555802e-01,2.381507310014429057e-01,-7.422998873989040680e-01
1.000000000000000000e+00,3.385654230059594316e-01,9.517631572831481979e-01,1.000000000000000000e+00,4.445245372044511282e-08,5.555555555555555802e-01,2.335289358506240920e-01,-6.952149666298622632e-01
1.000000000000000000e+00,3.343568760898762982e-01,9.029768018930406370e-01,1.000000000000000000e+00,0.000000000000000000e+00,5.555555555555555802e-01,2.315790289206776098e-01,-6.767772469634241173e-01
9.999999582191139158e-01,3.585004161656066279e-01,9.068554501767220888e-01,1.400861475824511371e-01,0.000000000000000000e+00,5.555555555555555802e-01,2.492669636803766520e-01,-8.473866421104376823e-01
9.999997889829458364e-01,3.521480089853192830e-01,8.283397358115750508e-01,1.280876035099818566e-01,4.147670234627450592e-08,5.555555555555555802e-01,2.449869151820069368e-01,-7.885177307124772161e-01
4.879000000000000004e-01,6.332545420069238817e-01,1.000000000000000000e+00,0.000000000000000000e+00,1.000000000000000000e+00,5.555555555555555802e-01,7.933767800082613952e-01,-9.340736922295825861e-01
9.999999574415123771e-01,3.269800346168814653e-01,7.072138344185865400e-01,1.000000000000000000e+00,0.000000000000000000e+00,5.555555555555555802e-01,2.260179279547603337e-01,-5.912938316998632704e-01
4.879000000000000004e-01,6.332545420069244368e-01,1.000000000000000000e+00,0.000000000000000000e+00,1.000000000000000000e+00,5.555555555555555802e-01,7.933767800082613952e-01,-9.340736922295825861e-01
4.879000000000000004e-01,6.332545420073423248e-01,1.000000000000000000e+00,0.000000000000000000e+00,1.000000000000000000e+00,5.555555555555555802e-01,7.933767800082613952e-01,-9.340736922295825861e-01
4.879000000000000004e-01,6.332545420069238817e-01,1.000000000000000000e+00,0.000000000000000000e+00,1.000000000000000000e+00,5.555555555555555802e-01,7.933767800082613952e-01,-9.340736922295825861e-01
4.879000000000000004e-01,6.332545420074363607e-01,1.000000000000000000e+00,0.000000000000000000e+00,1.000000000000000000e+00,5.555555555555555802e-01,7.933767800082613952e-01,-9.340736922295825861e-01
4.879000000000000004e-01,6.332545420049623397e-01,1.000000000000000000e+00,0.000000000000000000e+00,1.000000000000000000e+00,5.555555555555555802e-01,7.933767800082613952e-01,-9.340736922295825861e-01
4.879000000000000004e-01,6.332545420069244368e-01,1.000000000000000000e+00,0.000000000000000000e+00,1.000000000000000000e+00,5.555555555555555802e-01,7.933767800082613952e-01,-9.340736922295825861e-01
4.879000000000000004e-01,6.332545420077341225e-01,1.000000000000000000e+00,0.000000000000000000e+00,1.000000000000000000e+00,5.555555555555555802e-01,7.933767800082613952e-01,-9.340736922295825861e-01
4.879000000000000004e-01,6.332545420069243258e-01,1.000000000000000000e+00,0.000000000000000000e+00,1.000000000000000000e+00,5.555555555555555802e-01,7.933767800082613952e-01,-9.340736922295825861e-01
4.879000000000000004e-01,6.332545420069302100e-01,1.000000000000000000e+00,0.000000000000000000e+00,1.000000000000000000e+00,5.555555555555555802e-01,7.933767800082613952e-01,-9.340736922295825861e-01
4.879000000000000004e-01,6.332545420069146669e-01,1.000000000000000000e+00,0.000000000000000000e+00,1.000000000000000000e+00,5.555555555555555802e-01,7.933767800082613952e-01,-9.340736922295825861e-01
4.879000000000000004e-01,6.332545420069656261e-01,1.000000000000000000e+00,0.000000000000000000e+00,1.000000000000000000e+00,5.555555555555555802e-01,7.933767800082613952e-01,-9.340736922295825861e-01
4.879000000000000004e-01,6.332545420050352813e-01,1.000000000000000000e+00,0.000000000000000000e+00,1.000000000000000000e+00,5.555555555555555802e-01,7.933767800082613952e-01,-9.340736922295825861e-01
4.879000000000000004e-01,6.332545420069244368e-01,1.000000000000000000e+00,0.000000000000000000e+00,1.000000000000000000e+00,5.555555555555555802e-01,7.933767800082613952e-01,-9.340736922295825861e-01
4.879000000000000004e-01,6.332545420069006781e-01,1.000000000000000000e+00,0.000000000000000000e+00,1.000000000000000000e+00,5.555555555555555802e-01,7.933767800082613952e-01,-9.340736922295825861e-01
4.879000000000000004e-01,6.332545420074866538e-01,1.000000000000000000e+00,0.000000000000000000e+00,1.000000000000000000e+00,5.555555555555555802e-01,7.933767800082613952e-01,-9.340736922295825861e-01
4.879000000000000004e-01,6.332545420069238817e-01,1.000000000000000000e+00,0.000000000000000000e+00,1.000000000000000000e+00,5.555555555555555802e-01,7.933767800082613952e-01,-9.340736922295825861e-01
4.879000000000000004e-01,6.332545420049623397e-01,1.000000000000000000e+00,0.000000000000000000e+00,1.000000000000000000e+00,5.555555555555555802e-01,7.933767800082613952e-01,-9.340736922295825861e-01
4.879000000000000004e-01,6.332545420049623397e-01,1.000000000000000000e+00,0.000000000000000000e+00,1.000000000000000000e+00,5.555555555555555802e-01,7.933767800082613952e-01,-9.340736922295825861e-01
4.879000000000000004e-01,6.332545420068713682e-01,1.000000000000000000e+00,0.000000000000000000e+00,1.000000000000000000e+00,5.555555555555555802e-01,7.933767800082613952e-01,-9.340736922295825861e-01
4.879000000000000004e-01,6.332545420069243258e-01,1.000000000000000000e+00,0.000000000000000000e+00,1.000000000000000000e+00,5.555555555555555802e-01,7.933767800082613952e-01,-9.340736922295825861e-01
9.999999582191139158e-01,3.585004161656066279e-01,9.068554501767220888e-01,1.400861475824511371e-01,0.000000000000000000e+00,5.555555555555555802e-01,2.492669636803766520e-01,-8.473866421104376823e-01
4.879000000000000004e-01,6.332545420068169673e-01,1.000000000000000000e+00,0.000000000000000000e+00,1.000000000000000000e+00,5.555555555555555802e-01,7.933767800082613952e-01,-9.340736922295825861e-01
4.879000000000000004e-01,6.332545420069244368e-01,1.000000000000000000e+00,0.000000000000000000e+00,1.000000000000000000e+00,5.555555555555555802e-01,7.933767800082613952e-01,-9.340736922295825861e-01
4.879000000000000004e-01,6.332545420074363607e-01,1.000000000000000000e+00,0.000000000000000000e+00,1.000000000000000000e+00,5.555555555555555802e-01,7.933767800082613952e-01,-9.340736922295825861e-01
9.992060269812627071e-01,3.628823695000901739e-01,9.967330889071909228e-01,8.226086886812598864e-02,0.000000000000000000e+00,5.555555555555555802e-01,2.578595439909127651e-01,-9.188923909615499541e-01
4.879000000000000004e-01,6.332545420068169673e-01,1.000000000000000000e+00,0.000000000000000000e+00,1.000000000000000000e+00,5.555555555555555802e-01,7.933767800082613952e-01,-9.340736922295825861e-01
4.879000000000000004e-01,6.332545420078067311e-01,1.000000000000000000e+00,0.000000000000000000e+00,1.000000000000000000e+00,5.555555555555555802e-01,7.933767800082613952e-01,-9.340736922295825861e-01
4.879000000000000004e-01,6.332545420074866538e-01,1.000000000000000000e+00,0.000000000000000000e+00,1.000000000000000000e+00,5.555555555555555802e-01,7.933767800082613952e-01,-9.340736922295825861e-01
4.879000000000000004e-01,6.332545420074866538e-01,1.000000000000000000e+00,0.000000000000000000e+00,1.000000000000000000e+00,5.555555555555555802e-01,7.933767800082613952e-01,-9.340736922295825861e-01
4.879000000000000004e-01,6.332545420074332521e-01,1.000000000000000000e+00,0.000000000000000000e+00,1.000000000000000000e+00,5.555555555555555802e-01,7.933767800082613952e-01,-9.340736922295825861e-01
4.879000000000000004e-01,6.332545420021565841e-01,1.000000000000000000e+00,0.000000000000000000e+00,1.000000000000000000e+00,5.555555555555555802e-01,7.933767800082613952e-01,-9.340736922295825861e-01
4.879000000000000004e-01,6.332545420074332521e-01,1.000000000000000000e+00,0.000000000000000000e+00,1.000000000000000000e+00,5.555555555555555802e-01,7.933767800082613952e-01,-9.340736922295825861e-01
4.879000000000000004e-01,6.332545420077346776e-01,1.000000000000000000e+00,0.000000000000000000e+00,1.000000000000000000e+00,5.555555555555555802e-01,7.933767800082613952e-01,-9.340736922295825861e-01
4.879000000000000004e-01,6.332545420073423248e-01,1.000000000000000000e+00,0.000000000000000000e+00,1.000000000000000000e+00,5.555555555555555802e-01,7.933767800082613952e-01,-9.340736922295825861e-01
4.879000000000000004e-01,6.332545420068264042e-01,1.000000000000000000e+00,0.000000000000000000e+00,1.000000000000000000e+00,5.555555555555555802e-01,7.933767800082613952e-01,-9.340736922295825861e-01
4.879000000000000004e-01,6.332545420069238817e-01,1.000000000000000000e+00,0.000000000000000000e+00,1.000000000000000000e+00,5.555555555555555802e-01,7.933767800082613952e-01,-9.340736922295825861e-01
4.879000000000000004e-01,6.332545420068264042e-01,1.000000000000000000e+00,0.000000000000000000e+00,1.000000000000000000e+00,5.555555555555555802e-01,7.933767800082613952e-01,-9.340736922295825861e-01
4.879000000000000004e-01,6.332545420049623397e-01,1.000000000000000000e+00,0.000000000000000000e+00,1.000000000000000000e+00,5.555555555555555802e-01,7.933767800082613952e-01,-9.340736922295825861e-01
4.879000000000000004e-01,6.332545420069118913e-01,1.000000000000000000e+00,0.000000000000000000e+00,1.000000000000000000e+00,5.555555555555555802e-01,7.933767800082613952e-01,-9.340736922295825861e-01
4.879000000000000004e-01,6.332545420069244368e-01,1.000000000000000000e+00,0.000000000000000000e+00,1.000000000000000000e+00,5.555555555555555802e-01,7.933767800082613952e-01,-9.340736922295825861e-01
1.000000000000000000e+00,3.284553695953281727e-01,7.319565407544343927e-01,9.999999931730576552e-01,0.000000000000000000e+00,5.555555555555555802e-01,2.264840160550350145e-01,-6.089094496700381276e-01
4.879000000000000004e-01,6.332545420069302100e-01,1.000000000000000000e+00,0.000000000000000000e+00,1.000000000000000000e+00,5.555555555555555802e-01,7.933767800082613952e-01,-9.340736922295825861e-01
1.000000000000000000e+00,3.576439188570787464e-01,8.390521101589248909e-01,0.000000000000000000e+00,0.000000000000000000e+00,5.555555555555555802e-01,2.482156379491213538e-01,-8.182826674575891523e-01
4.879000000000000004e-01,6.332545420074866538e-01,1.000000000000000000e+00,0.000000000000000000e+00,1.000000000000000000e+00,5.555555555555555802e-01,7.933767800082613952e-01,-9.340736922295825861e-01
1.000000000000000000e+00,3.576384301456521642e-01,8.278933957786511755e-01,0.000000000000000000e+00,0.000000000000000000e+00,5.555555555555555802e-01,2.475301927294206450e-01,-8.182826674575891523e-01
4.879000000000000004e-01,6.332545420069238817e-01,1.000000000000000000e+00,0.000000000000000000e+00,1.000000000000000000e+00,5.555555555555555802e-01,7.933767800082613952e-01,-9.340736922295825861e-01
1.000000000000000000e+00,3.568587366673006689e-01,9.070325410837229985e-01,2.619016874420463936e-01,0.000000000000000000e+00,5.555555555555555802e-01,2.465405894074970128e-01,-8.131187405944286795e-01
9.999999999989402921e-01,3.568593157612247047e-01,9.070289555098092205e-01,2.619095803879982753e-01,0.000000000000000000e+00,5.555555555555555802e-01,2.465402488410661785e-01,-8.131187405944286795e-01
4.879000000000000004e-01,6.332545420069302100e-01,1.000000000000000000e+00,0.000000000000000000e+00,1.000000000000000000e+00,5.555555555555555802e-01,7.933767800082613952e-01,-9.340736922295825861e-01
1.000000000000000000e+00,3.568692742856322542e-01,9.070286268816307729e-01,2.618755955242320077e-01,0.000000000000000000e+00,5.555555555555555802e-01,2.465412641534869553e-01,-8.131187405944286795e-01
9.999999999911516335e-01,3.568694102122093037e-01,9.070286615532842101e-01,2.618709136434589912e-01,0.000000000000000000e+00,5.555555555555555802e-01,2.465413683024246239e-01,-8.131187405944286795e-01
4.879000000000000004e-01,6.332545420069302100e-01,1.000000000000000000e+00,0.000000000000000000e+00,1.000000000000000000e+00,5.555555555555555802e-01,7.933767800082613952e-01,-9.340736922295825861e-01
9.999999558814932632e-01,3.568855067994141650e-01,9.070323882585076269e-01,1.478349447100288372e-01,0.000000000000000000e+00,5.555555555555555802e-01,2.491543296970747945e-01,-8.264119681901541670e-01
1.000000000000000000e+00,3.568854790318273240e-01,9.070323882585076269e-01,2.627946736748633105e-01,0.000000000000000000e+00,5.555555555555555802e-01,2.465228104089224603e-01,-7.962444127912789993e-01
4.879000000000000004e-01,6.332545420069244368e-01,1.000000000000000000e+00,0.000000000000000000e+00,1.000000000000000000e+00,5.555555555555555802e-01,7.933767800082613952e-01,-9.340736922295825861e-01
4.879000000000000004e-01,6.332545420069302100e-01,1.000000000000000000e+00,0.000000000000000000e+00,1.000000000000000000e+00,5.555555555555555802e-01,7.933767800082613952e-01,-9.340736922295825861e-01
4.879000000000000004e-01,6.332545420077341225e-01,1.000000000000000000e+00,0.000000000000000000e+00,1.000000000000000000e+00,5.555555555555555802e-01,7.933767800082613952e-01,-9.340736922295825861e-01
4.879000000000000004e-01,6.332545420068264042e-01,1.000000000000000000e+00,0.000000000000000000e+00,1.000000000000000000e+00,5.555555555555555802e-01,7.933767800082613952e-01,-9.340736922295825861e-01
4.879000000000000004e-01,6.332545420069244368e-01,1.000000000000000000e+00,0.000000000000000000e+00,1.000000000000000000e+00,5.555555555555555802e-01,7.933767800082613952e-01,-9.340736922295825861e-01
1.000000000000000000e+00,3.576439188570787464e-01,8.390521101589248909e-01,0.000000000000000000e+00,0.000000000000000000e+00,5.555555555555555802e-01,2.482156379491213538e-01,-8.182826674575891523e-01
4.879000000000000004e-01,6.332545420069238817e-01,1.000000000000000000e+00,0.000000000000000000e+00,1.000000000000000000e+00,5.555555555555555802e-01,7.933767800082613952e-01,-9.340736922295825861e-01
4.879000000000000004e-01,6.332545420069651820e-01,1.000000000000000000e+00,0.000000000000000000e+00,1.000000000000000000e+00,5.555555555555555802e-01,7.933767800082613952e-01,-9.340736922295825861e-01
4.879000000000000004e-01,6.332545420073423248e-01,1.000000000000000000e+00,0.000000000000000000e+00,1.000000000000000000e+00,5.555555555555555802e-01,7.933767800082613952e-01,-9.340736922295825861e-01
4.879000000000000004e-01,6.332545420069639608e-01,1.000000000000000000e+00,0.000000000000000000e+00,1.000000000000000000e+00,5.555555555555555802e-01,7.933767800082613952e-01,-9.340736922295825861e-01
6.838722885604699986e-01,6.854254810117963448e-01,1.000000000000000000e+00,0.000000000000000000e+00,9.999999999999953371e-01,5.555555555555555802e-01,3.463539494972593946e-01,-9.340736922295825861e-01
4.879000000000000004e-01,6.332545420069238817e-01,1.000000000000000000e+00,0.000000000000000000e+00,1.000000000000000000e+00,5.555555555555555802e-01,7.933767800082613952e-01,-9.340736922295825861e-01
4.879000000000000004e-01,6.332545420069238817e-01,1.000000000000000000e+00,0.000000000000000000e+00,1.000000000000000000e+00,5.555555555555555802e-01,7.933767800082613952e-01,-9.340736922295825861e-01
4.879000000000000004e-01,6.332545420075305076e-01,1.000000000000000000e+00,0.000000000000000000e+00,1.000000000000000000e+00,5.555555555555555802e-01,7.933767800082613952e-01,-9.340736922295825861e-01
4.879000000000000004e-01,6.332545420074866538e-01,1.000000000000000000e+00,0.000000000000000000e+00,1.000000000000000000e+00,5.555555555555555802e-01,7.933767800082613952e-01,-9.340736922295825861e-01
4.879000000000000004e-01,6.332545420069238817e-01,1.000000000000000000e+00,0.000000000000000000e+00,1.000000000000000000e+00,5.555555555555555802e-01,7.933767800082613952e-01,-9.340736922295825861e-01
4.879000000000000004e-01,6.332545420069238817e-01,1.000000000000000000e+00,0.000000000000000000e+00,1.000000000000000000e+00,5.555555555555555802e-01,7.933767800082613952e-01,-9.340736922295825861e-01
4.879000000000000004e-01,6.332545420068458331e-01,1.000000000000000000e+00,0.000000000000000000e+00,1.000000000000000000e+00,5.555555555555555802e-01,7.933767800082613952e-01,-9.340736922295825861e-01
4.879000000000000004e-01,6.332545420069238817e-01,1.000000000000000000e+00,0.000000000000000000e+00,1.000000000000000000e+00,5.555555555555555802e-01,7.933767800082613952e-01,-9.340736922295825861e-01
4.879000000000000004e-01,6.332545420075305076e-01,1.000000000000000000e+00,0.000000000000000000e+00,1.000000000000000000e+00,5.555555555555555802e-01,7.933767800082613952e-01,-9.340736922295825861e-01
4.879000000000000004e-01,6.332545420074363607e-01,1.000000000000000000e+00,0.000000000000000000e+00,1.000000000000000000e+00,5.555555555555555802e-01,7.933767800082613952e-01,-9.340736922295825861e-01
4.879000000000000004e-01,6.332545420069238817e-01,1.000000000000000000e+00,0.000000000000000000e+00,1.000000000000000000e+00,5.555555555555555802e-01,7.933767800082613952e-01,-9.340736922295825861e-01
4.879000000000000004e-01,6.332545420069641828e-01,1.000000000000000000e+00,0.000000000000000000e+00,1.000000000000000000e+00,5.555555555555555802e-01,7.933767800082613952e-01,-9.340736922295825861e-01
9.976613849296218639e-01,3.676099224554523204e-01,9.032513214062731777e-01,6.000327027652480744e-02,0.000000000000000000e+00,5.555555555555555802e-01,2.512883502148990367e-01,-8.696055203691929192e-01
4.879000000000000004e-01,6.332545420074332521e-01,1.000000000000000000e+00,0.000000000000000000e+00,1.000000000000000000e+00,5.555555555555555802e-01,7.933767800082613952e-01,-9.340736922295825861e-01
4.879000000000000004e-01,6.332545420069238817e-01,1.000000000000000000e+00,0.000000000000000000e+00,1.000000000000000000e+00,5.555555555555555802e-01,7.933767800082613952e-01,-9.340736922295825861e-01
9.999999574415123771e-01,3.269800346168814653e-01,7.072138344185865400e-01,1.000000000000000000e+00,0.000000000000000000e+00,5.555555555555555802e-01,2.260179279547603337e-01,-5.912938316998632704e-01
4.879000000000000004e-01,6.332545420077341225e-01,1.000000000000000000e+00,0.000000000000000000e+00,1.000000000000000000e+00,5.555555555555555802e-01,7.933767800082613952e-01,-9.340736922295825861e-01
4.879000000000000004e-01,6.332545420049623397e-01,1.000000000000000000e+00,0.000000000000000000e+00,1.000000000000000000e+00,5.555555555555555802e-01,7.933767800082613952e-01,-9.340736922295825861e-01
1.000000000000000000e+00,3.576439188570787464e-01,8.390521101589248909e-01,0.000000000000000000e+00,0.000000000000000000e+00,5.555555555555555802e-01,2.482156379491213538e-01,-8.182826674575891523e-01
