9.999999958739957950e-01,3.338397742515251121e-01,5.737816338043988384e-01,1.000000000000000000e+00,0.000000000000000000e+00,7.777777777777777901e-01,2.274048794185239419e-01,-5.646238009114301626e-01
1.000000000000000000e+00,3.404743394382059862e-01,7.441791062550464630e-01,9.882897465622182409e-01,0.000000000000000000e+00,7.777777777777777901e-01,2.303567192720535062e-01,-6.327752321144648473e-01
1.000000000000000000e+00,3.444563408048327280e-01,8.349488784977212585e-01,9.879877036206170526e-01,0.000000000000000000e+00,7.777777777777777901e-01,2.331106118343413969e-01,-6.780914499229147019e-01
1.000000000000000000e+00,3.402787091547396225e-01,8.345520007677355023e-01,8.215548168288402398e-01,0.000000000000000000e+00,7.777777777777777901e-01,2.352146359708631174e-01,-7.235871597518549470e-01
1.000000000000000000e+00,3.403638871617520323e-01,9.030658669122664239e-01,8.504900274665962989e-01,0.000000000000000000e+00,7.777777777777777901e-01,2.374104255367174565e-01,-7.340360092946833781e-01
1.000000000000000000e+00,3.403022572024080317e-01,9.336870757058866044e-01,8.389380467436425848e-01,0.000000000000000000e+00,7.777777777777777901e-01,2.391738009200400639e-01,-7.402743459021134953e-01
9.999948130272783287e-01,3.527597902164256727e-01,9.810258639447758666e-01,8.441424848684890847e-01,0.000000000000000000e+00,7.777777777777777901e-01,2.413077933843665590e-01,-7.516013896585642673e-01
1.000000000000000000e+00,3.516441807268362307e-01,8.554737428264188592e-01,4.686246821772306892e-01,0.000000000000000000e+00,7.777777777777777901e-01,2.426080405446561783e-01,-7.707245847765989977e-01
1.000000000000000000e+00,3.528924973397256637e-01,9.872017893881985806e-01,7.201129099103477094e-01,0.000000000000000000e+00,7.777777777777777901e-01,2.439549600615842639e-01,-7.800359744616111035e-01
9.999992222253117902e-01,3.528973053063023113e-01,9.068457801119346184e-01,4.690165042213290114e-01,5.721253893640898773e-09,7.777777777777777901e-01,2.450782568070943301e-01,-8.024420931486743180e-01
9.999992646733337764e-01,3.528675525548790048e-01,9.068457801119346184e-01,4.453048468149797823e-01,5.815520257185222366e-09,7.777777777777777901e-01,2.455789613481957623e-01,-8.089869206593469642e-01
9.999998908528096031e-01,3.560554574907727754e-01,9.354449243990887730e-01,4.690142081404324315e-01,7.390000722136313275e-08,7.777777777777777901e-01,2.466075668302325219e-01,-8.241047584604679344e-01
1.000000000000000000e+00,3.560519920631046165e-01,9.375408774937075140e-01,4.683248671072246516e-01,6.617732791714106468e-04,7.777777777777777901e-01,2.467592143290397999e-01,-8.241047584604679344e-01
9.999999999493133229e-01,3.560767568514201509e-01,9.355197119930783733e-01,3.825234096163265818e-01,3.873224967927696816e-06,7.777777777777777901e-01,2.485476011870573487e-01,-8.347308935685111564e-01
9.999998913022151159e-01,3.560558877378554032e-01,9.369299409254895350e-01,3.512494353070774178e-01,4.008529597426737246e-06,7.777777777777777901e-01,2.494084179211207841e-01,-8.347308935685111564e-01
1.000000000000000000e+00,3.618303889519323135e-01,9.376973378162758443e-01,3.305277651524258786e-01,0.000000000000000000e+00,7.777777777777777901e-01,2.498423390436031732e-01,-8.488651702668352783e-01
1.000000000000000000e+00,3.619691979520984204e-01,9.383608558009609579e-01,3.304698867797393746e-01,0.000000000000000000e+00,7.777777777777777901e-01,2.498865606743987389e-01,-8.488651702668352783e-01
1.000000000000000000e+00,3.620253690175700978e-01,9.826513015360317516e-01,3.854565068469895661e-01,4.029606303488275556e-04,7.777777777777777901e-01,2.512820047076943508e-01,-8.530784473371716414e-01
1.000000000000000000e+00,3.638336717678602450e-01,9.796038023285831287e-01,3.305262139561547241e-01,4.531129050390080131e-09,7.777777777777777901e-01,2.524136398165752193e-01,-8.746393759982966642e-01
1.000000000000000000e+00,3.638336717678602450e-01,9.796038023285831287e-01,3.305262139561547241e-01,4.531129050390080131e-09,7.777777777777777901e-01,2.524136398165752193e-01,-8.746393759982966642e-01
1.000000000000000000e+00,3.638336717678602450e-01,9.796038023285831287e-01,3.305262139561547241e-01,4.531129050390080131e-09,7.777777777777777901e-01,2.524136398165752193e-01,-8.746393759982966642e-01
1.000000000000000000e+00,3.620188179481118040e-01,9.825639763664937298e-01,3.283492407288002290e-01,4.575794466195282097e-09,7.777777777777777901e-01,2.527078607176771463e-01,-8.746393759982966642e-01
1.000000000000000000e+00,3.668321062532580723e-01,9.003267160292973692e-01,6.111317739565007290e-02,0.000000000000000000e+00,7.777777777777777901e-01,2.537405879075613213e-01,-8.867051105058908478e-01
1.000000000000000000e+00,3.668321062532580723e-01,9.003267160292973692e-01,6.111317739565007290e-02,0.000000000000000000e+00,7.777777777777777901e-01,2.537405879075613213e-01,-8.867051105058908478e-01
1.000000000000000000e+00,3.668321062532580723e-01,9.003267160292973692e-01,6.111317739565007290e-02,0.000000000000000000e+00,7.777777777777777901e-01,2.537405879075613213e-01,-8.867051105058908478e-01
1.000000000000000000e+00,3.668629769414485930e-01,9.068460003279686932e-01,7.109124831878997630e-02,0.000000000000000000e+00,7.777777777777777901e-01,2.539442241902887254e-01,-8.917474652738189844e-01
1.000000000000000000e+00,3.668615930162901773e-01,9.068459327465813180e-01,4.605461309829900901e-02,0.000000000000000000e+00,7.777777777777777901e-01,2.545607344611134915e-01,-8.957381177143672879e-01
1.000000000000000000e+00,3.668649781313378933e-01,9.070109090254556694e-01,4.200620974537982999e-02,0.000000000000000000e+00,7.777777777777777901e-01,2.546748790299590559e-01,-8.957381177143672879e-01
1.000000000000000000e+00,3.668644656521077851e-01,9.097558906705858206e-01,0.000000000000000000e+00,0.000000000000000000e+00,7.777777777777777901e-01,2.560008139691650753e-01,-8.957381177143672879e-01
1.000000000000000000e+00,3.699244600571770514e-01,9.684320979005437424e-01,1.404283540303643274e-01,0.000000000000000000e+00,7.777777777777777901e-01,2.565274303681766566e-01,-9.104772358446812097e-01
1.000000000000000000e+00,3.699244600571770514e-01,9.684320979005437424e-01,1.404283540303643274e-01,0.000000000000000000e+00,7.777777777777777901e-01,2.565274303681766566e-01,-9.104772358446812097e-01
1.000000000000000000e+00,3.699244600571770514e-01,9.684320979005437424e-01,1.404283540303643274e-01,0.000000000000000000e+00,7.777777777777777901e-01,2.565274303681766566e-01,-9.104772358446812097e-01
1.000000000000000000e+00,3.699244600571770514e-01,9.684320979005437424e-01,1.404283540303643274e-01,0.000000000000000000e+00,7.777777777777777901e-01,2.565274303681766566e-01,-9.104772358446812097e-01
1.000000000000000000e+00,3.700499150475666243e-01,9.684327693755818700e-01,1.404160574581682086e-01,0.000000000000000000e+00,7.777777777777777901e-01,2.565279728042859086e-01,-9.104772358446812097e-01
1.000000000000000000e+00,3.711247088338109346e-01,9.684321323821987182e-01,1.107395210398822299e-01,0.000000000000000000e+00,7.777777777777777901e-01,2.573274209200410723e-01,-9.280030684009394903e-01
1.000000000000000000e+00,3.711247088338109346e-01,9.684321323821987182e-01,1.107395210398822299e-01,0.000000000000000000e+00,7.777777777777777901e-01,2.573274209200410723e-01,-9.280030684009394903e-01
1.000000000000000000e+00,3.711247088338109346e-01,9.684321323821987182e-01,1.107395210398822299e-01,0.000000000000000000e+00,7.777777777777777901e-01,2.573274209200410723e-01,-9.280030684009394903e-01
1.000000000000000000e+00,3.711247088338109346e-01,9.684321323821987182e-01,1.107395210398822299e-01,0.000000000000000000e+00,7.777777777777777901e-01,2.573274209200410723e-01,-9.280030684009394903e-01
1.000000000000000000e+00,3.711247088338109346e-01,9.684321323821987182e-01,1.107395210398822299e-01,0.000000000000000000e+00,7.777777777777777901e-01,2.573274209200410723e-01,-9.280030684009394903e-01
1.000000000000000000e+00,3.711247088338109346e-01,9.684321323821987182e-01,1.107395210398822299e-01,0.000000000000000000e+00,7.777777777777777901e-01,2.573274209200410723e-01,-9.280030684009394903e-01
1.000000000000000000e+00,3.711247088338109346e-01,9.684321323821987182e-01,1.107395210398822299e-01,0.000000000000000000e+00,7.777777777777777901e-01,2.573274209200410723e-01,-9.280030684009394903e-01
1.000000000000000000e+00,3.711247088338109346e-01,9.684321323821987182e-01,1.107395210398822299e-01,0.000000000000000000e+00,7.777777777777777901e-01,2.573274209200410723e-01,-9.280030684009394903e-01
1.000000000000000000e+00,3.708477085840312104e-01,9.684327235036034320e-01,1.107342980607748939e-01,0.000000000000000000e+00,7.777777777777777901e-01,2.573283949117062264e-01,-9.280030684009394903e-01
1.000000000000000000e+00,3.708619523903192716e-01,9.684327235378801246e-01,1.107342980607746719e-01,0.000000000000000000e+00,7.777777777777777901e-01,2.573283169710032237e-01,-9.280030684009394903e-01
1.000000000000000000e+00,3.711247088358944346e-01,9.684321323859287345e-01,1.107394858284274919e-01,0.000000000000000000e+00,7.777777777777777901e-01,2.573274218773299316e-01,-9.280030684009394903e-01
1.000000000000000000e+00,3.754032152549650059e-01,9.684319614268049881e-01,1.040761522625612522e-02,0.000000000000000000e+00,7.777777777777777901e-01,2.601355263980591470e-01,-9.500593680276834263e-01
1.000000000000000000e+00,3.754032152549650059e-01,9.684319614268049881e-01,1.040761522625612522e-02,0.000000000000000000e+00,7.777777777777777901e-01,2.601355263980591470e-01,-9.500593680276834263e-01
1.000000000000000000e+00,3.754032152549650059e-01,9.684319614268049881e-01,1.040761522625612522e-02,0.000000000000000000e+00,7.777777777777777901e-01,2.601355263980591470e-01,-9.500593680276834263e-01
1.000000000000000000e+00,3.754032152549650059e-01,9.684319614268049881e-01,1.040761522625612522e-02,0.000000000000000000e+00,7.777777777777777901e-01,2.601355263980591470e-01,-9.500593680276834263e-01
1.000000000000000000e+00,3.754032152549650059e-01,9.684319614268049881e-01,1.040761522625612522e-02,0.000000000000000000e+00,7.777777777777777901e-01,2.601355263980591470e-01,-9.500593680276834263e-01
1.000000000000000000e+00,3.754032152549650059e-01,9.684319614268049881e-01,1.040761522625612522e-02,0.000000000000000000e+00,7.777777777777777901e-01,2.601355263980591470e-01,-9.500593680276834263e-01
1.000000000000000000e+00,3.754032152549650059e-01,9.684319614268049881e-01,1.040761522625612522e-02,0.000000000000000000e+00,7.777777777777777901e-01,2.601355263980591470e-01,-9.500593680276834263e-01
1.000000000000000000e+00,3.754032152549650059e-01,9.684319614268049881e-01,1.040761522625612522e-02,0.000000000000000000e+00,7.777777777777777901e-01,2.601355263980591470e-01,-9.500593680276834263e-01
1.000000000000000000e+00,3.754032152549650059e-01,9.684319614268049881e-01,1.040761522625612522e-02,0.000000000000000000e+00,7.777777777777777901e-01,2.601355263980591470e-01,-9.500593680276834263e-01
1.000000000000000000e+00,3.754032152549650059e-01,9.684319614268049881e-01,1.040761522625612522e-02,0.000000000000000000e+00,7.777777777777777901e-01,2.601355263980591470e-01,-9.500593680276834263e-01
1.000000000000000000e+00,3.754032152549650059e-01,9.684319614268049881e-01,1.040761522625612522e-02,0.000000000000000000e+00,7.777777777777777901e-01,2.601355263980591470e-01,-9.500593680276834263e-01
1.000000000000000000e+00,3.754032152549650059e-01,9.684319614268049881e-01,1.040761522625612522e-02,0.000000000000000000e+00,7.777777777777777901e-01,2.601355263980591470e-01,-9.500593680276834263e-01
1.000000000000000000e+00,3.754032152549650059e-01,9.684319614268049881e-01,1.040761522625612522e-02,0.000000000000000000e+00,7.777777777777777901e-01,2.601355263980591470e-01,-9.500593680276834263e-01
1.000000000000000000e+00,3.754032152549650059e-01,9.684319614268049881e-01,1.040761522625612522e-02,0.000000000000000000e+00,7.777777777777777901e-01,2.601355263980591470e-01,-9.500593680276834263e-01
1.000000000000000000e+00,3.754032152549650059e-01,9.684319614268049881e-01,1.040761522625612522e-02,0.000000000000000000e+00,7.777777777777777901e-01,2.601355263980591470e-01,-9.500593680276834263e-01
1.000000000000000000e+00,3.754032152549650059e-01,9.684319614268049881e-01,1.040761522625612522e-02,0.000000000000000000e+00,7.777777777777777901e-01,2.601355263980591470e-01,-9.500593680276834263e-01
1.000000000000000000e+00,3.754032152549650059e-01,9.684319614268049881e-01,1.040761522625612522e-02,0.000000000000000000e+00,7.777777777777777901e-01,2.601355263980591470e-01,-9.500593680276834263e-01
1.000000000000000000e+00,3.754032152549650059e-01,9.684319614268049881e-01,1.040761522625612522e-02,0.000000000000000000e+00,7.777777777777777901e-01,2.601355263980591470e-01,-9.500593680276834263e-01
1.000000000000000000e+00,3.753218490759626658e-01,9.684398622645022936e-01,1.010607534103810656e-02,0.000000000000000000e+00,7.777777777777777901e-01,2.601449218016629872e-01,-9.500593680276834263e-01
1.000000000000000000e+00,3.755103250695763784e-01,9.689132066714124525e-01,1.010598002281920191e-02,1.774953766094578000e-02,7.777777777777777901e-01,2.609171032046515570e-01,-9.500593680276834263e-01
9.999919499239237064e-01,3.755814136728022334e-01,9.689095470186319670e-01,1.010850384160356594e-02,9.176624017876253842e-03,7.777777777777777901e-01,2.605651796210707860e-01,-9.500593680276834263e-01
9.929258039373262124e-01,3.754032152549650059e-01,9.684319614268049881e-01,3.577964307750721926e-03,7.207149215743613446e-03,7.777777777777777901e-01,2.613915044549153244e-01,-9.500593680276834263e-01
1.000000000000000000e+00,3.755103250695763784e-01,9.689161984138952022e-01,0.000000000000000000e+00,1.879491193950739297e-02,7.777777777777777901e-01,2.612587009555822348e-01,-9.500593680276834263e-01
9.837193138017160665e-01,3.755742792843864142e-01,9.740170013051456799e-01,0.000000000000000000e+00,1.451239616464192195e-03,7.777777777777777901e-01,2.629950971491557543e-01,-9.500593680276834263e-01
9.873757692039177858e-01,4.004317659573063404e-01,9.738525163439473165e-01,5.910564733998494025e-03,8.265260353111919533e-02,7.777777777777777901e-01,2.670645552415133461e-01,-9.500593680276834263e-01
9.870343777531643825e-01,3.749268976769615791e-01,9.738536244663109631e-01,5.324755469094591756e-03,6.430280172401055261e-02,7.777777777777777901e-01,2.651190068359489671e-01,-9.500593680276834263e-01
9.876864514983275667e-01,3.900294740048131925e-01,9.815571682853541091e-01,0.000000000000000000e+00,6.925733868552216843e-02,7.777777777777777901e-01,2.659511609080540406e-01,-9.500593680276834263e-01
9.876775845820621180e-01,4.179803590493417209e-01,9.749396787485108407e-01,5.947187411846991886e-03,8.265260353111919533e-02,7.777777777777777901e-01,2.697289678708313931e-01,-9.500593680276834263e-01
9.836919773108583342e-01,4.013907317773662831e-01,9.740144192160622438e-01,0.000000000000000000e+00,0.000000000000000000e+00,7.777777777777777901e-01,2.644782976270064201e-01,-9.500593680276834263e-01
1.000000000000000000e+00,3.980114039066015019e-01,9.776835580726915831e-01,5.244212297389666544e-03,8.277275299712713585e-02,7.777777777777777901e-01,2.662966774691981620e-01,-9.500593680276834263e-01
1.000000000000000000e+00,5.683084900809295403e-01,1.000000000000000000e+00,6.724749426629400562e-03,1.079844991979694302e-01,7.777777777777777901e-01,2.819587258862749635e-01,-9.500593680276834263e-01
9.652190706694875333e-01,5.879123446111597096e-01,9.996919282283993624e-01,6.669335319403838641e-03,1.134703943898529577e-03,7.777777777777777901e-01,2.807176593792350960e-01,-9.500593680276834263e-01
9.652190706694875333e-01,5.870262765259370852e-01,9.999933549274528932e-01,6.725473524865672667e-03,0.000000000000000000e+00,7.777777777777777901e-01,2.806578495227781689e-01,-9.500593680276834263e-01
1.000000000000000000e+00,5.664634199013650617e-01,1.000000000000000000e+00,6.724749426629400562e-03,1.079844991979694302e-01,7.777777777777777901e-01,2.818925132976722869e-01,-9.500593680276834263e-01
9.658208797008930313e-01,6.028187014126471510e-01,9.687906592904175218e-01,0.000000000000000000e+00,4.734388164707434288e-03,7.777777777777777901e-01,2.797355940448950640e-01,-9.500593680276834263e-01
9.463253570396132908e-01,5.509354299286081114e-01,9.962632093932054511e-01,6.668676955564889486e-03,0.000000000000000000e+00,7.777777777777777901e-01,2.808150552417300050e-01,-9.500593680276834263e-01
9.574718976597749176e-01,5.879649987350831220e-01,9.687592763508802163e-01,0.000000000000000000e+00,6.655481773949985247e-03,7.777777777777777901e-01,2.798002242021166430e-01,-9.500593680276834263e-01
9.574718976597749176e-01,5.879649987350831220e-01,9.687592763508802163e-01,0.000000000000000000e+00,6.655481773949985247e-03,7.777777777777777901e-01,2.798002242021166430e-01,-9.500593680276834263e-01
9.658730149073129212e-01,5.880259136378022111e-01,9.687617926226884668e-01,0.000000000000000000e+00,6.603714510559720481e-03,7.777777777777777901e-01,2.792746059013543336e-01,-9.500593680276834263e-01
9.463253570396132908e-01,5.504360096317801876e-01,9.975790944118972936e-01,0.000000000000000000e+00,0.000000000000000000e+00,7.777777777777777901e-01,2.810388547528308023e-01,-9.500593680276834263e-01
9.463253570396132908e-01,5.504360096317801876e-01,9.975790944118972936e-01,0.000000000000000000e+00,0.000000000000000000e+00,7.777777777777777901e-01,2.810388547528308023e-01,-9.500593680276834263e-01
9.574718976597749176e-01,5.879649987350831220e-01,9.687592763508802163e-01,0.000000000000000000e+00,6.655481773949985247e-03,7.777777777777777901e-01,2.798002242021166430e-01,-9.500593680276834263e-01
9.488663470423898127e-01,5.603227928280447578e-01,9.692851653477250196e-01,0.000000000000000000e+00,2.499780409745363391e-02,7.777777777777777901e-01,2.804030994292395218e-01,-9.500593680276834263e-01
9.463253570396132908e-01,5.889493684905350301e-01,9.684540636943610448e-01,0.000000000000000000e+00,5.460274792414756412e-03,7.777777777777777901e-01,2.804990574797124880e-01,-9.500593680276834263e-01
9.461942345300388135e-01,5.880326299400762124e-01,9.970293844391009408e-01,0.000000000000000000e+00,1.765883580064015260e-04,7.777777777777777901e-01,2.820034170891864145e-01,-9.500593680276834263e-01
9.494805812788413846e-01,5.888867265293781239e-01,9.692828813504472674e-01,0.000000000000000000e+00,2.513189522974853402e-02,7.777777777777777901e-01,2.811748413093241306e-01,-9.500593680276834263e-01
9.487993006891267678e-01,5.607338628645641698e-01,9.959670717216281277e-01,0.000000000000000000e+00,0.000000000000000000e+00,7.777777777777777901e-01,2.810357149041646241e-01,-9.500593680276834263e-01
9.487993006891267678e-01,5.607338628645641698e-01,9.959670717216281277e-01,0.000000000000000000e+00,0.000000000000000000e+00,7.777777777777777901e-01,2.810357149041646241e-01,-9.500593680276834263e-01
9.462461957217773723e-01,5.609257714250256432e-01,9.887452994550779417e-01,0.000000000000000000e+00,1.678223721324104785e-04,7.777777777777777901e-01,2.807770131661422308e-01,-9.500593680276834263e-01
9.462461957217773723e-01,5.609257714250256432e-01,9.887452994550779417e-01,0.000000000000000000e+00,1.678223721324104785e-04,7.777777777777777901e-01,2.807770131661422308e-01,-9.500593680276834263e-01
1.000000000000000000e+00,5.607338628645641698e-01,9.959058683776744747e-01,0.000000000000000000e+00,0.000000000000000000e+00,7.777777777777777901e-01,2.774641523481410355e-01,-9.500593680276834263e-01
9.994576679311661938e-01,5.609263058401038338e-01,9.885879137232559399e-01,0.000000000000000000e+00,2.170029252832945304e-06,7.777777777777777901e-01,2.771078991245352063e-01,-9.500593680276834263e-01
9.462461957217773723e-01,5.609257528551769845e-01,9.887392458939364692e-01,0.000000000000000000e+00,0.000000000000000000e+00,7.777777777777777901e-01,2.807690384148991414e-01,-9.500593680276834263e-01
1.000000000000000000e+00,5.609325209682173297e-01,9.881780402436814992e-01,0.000000000000000000e+00,1.683422024367726489e-04,7.777777777777777901e-01,2.770608952772962152e-01,-9.500593680276834263e-01
1.000000000000000000e+00,5.609257731874559560e-01,9.887447085775649125e-01,0.000000000000000000e+00,8.200957653190643756e-07,7.777777777777777901e-01,2.770840039636527363e-01,-9.500593680276834263e-01
