1.000000000000000000e+00,3.240614216228574485e-01,5.906497907177806761e-01,1.000000000000000000e+00,0.000000000000000000e+00,3.333333333333333148e-01,2.220319965120562955e-01,-5.211868572552512680e-01
1.000000000000000000e+00,3.298340134675103452e-01,7.933358682373443660e-01,1.000000000000000000e+00,3.320917608055719869e-05,3.333333333333333148e-01,2.251257324078285438e-01,-6.031536983985114064e-01
1.000000000000000000e+00,3.298337010080272247e-01,8.791970641981826651e-01,1.000000000000000000e+00,3.320983789267961000e-05,3.333333333333333148e-01,2.275226104585122977e-01,-6.289567684026853289e-01
1.000000000000000000e+00,3.303416487124252177e-01,9.369338191024767504e-01,1.000000000000000000e+00,3.384859991855233380e-05,3.333333333333333148e-01,2.296768592778260232e-01,-6.609354831168607891e-01
9.999999674332034072e-01,3.436233908687379435e-01,9.685753278395616839e-01,1.000000000000000000e+00,0.000000000000000000e+00,3.333333333333333148e-01,2.318509514890662593e-01,-6.738995840334657261e-01
1.000000000000000000e+00,3.436245359025850710e-01,9.685742221538922170e-01,8.777598526849276217e-01,3.424681833244468517e-05,3.333333333333333148e-01,2.338022548409486034e-01,-6.860193632167016498e-01
1.000000000000000000e+00,3.427893764132298737e-01,9.684127598548097904e-01,8.005601762213364614e-01,3.650809723046132276e-05,3.333333333333333148e-01,2.350507669705463598e-01,-7.149139878278172322e-01
9.999998012396239533e-01,3.436795586237655353e-01,9.718907190292801479e-01,7.317715754965948838e-01,3.448789368141901197e-05,3.333333333333333148e-01,2.365406568470675430e-01,-7.149139878278172322e-01
1.000000000000000000e+00,3.427396452048743214e-01,9.592735858839597229e-01,6.601745871803021970e-01,1.633895209575494961e-06,3.333333333333333148e-01,2.373777016154325348e-01,-7.527106912122994986e-01
9.999604798076735523e-01,3.421776703901235339e-01,9.594836807937966450e-01,6.551807761251712270e-01,3.650809723046132276e-05,3.333333333333333148e-01,2.374976921969882138e-01,-7.527106912122994986e-01
9.999981498269501223e-01,3.421692658087983618e-01,9.594416366975292432e-01,6.551816074041684201e-01,3.418084764714678786e-02,3.333333333333333148e-01,2.388209237114208294e-01,-7.527106912122994986e-01
9.999999893810208595e-01,3.436202543242692364e-01,9.678779012600395859e-01,5.328058546398422024e-01,3.448789368141901197e-05,3.333333333333333148e-01,2.406569583025049974e-01,-7.559237303487601478e-01
1.000000000000000000e+00,3.481888872874082108e-01,9.603077574637127745e-01,4.690429577340958223e-01,0.000000000000000000e+00,3.333333333333333148e-01,2.415160774591648130e-01,-7.840154207357848959e-01
1.000000000000000000e+00,3.481888872874082108e-01,9.603077574637127745e-01,4.690429577340958223e-01,0.000000000000000000e+00,3.333333333333333148e-01,2.415160774591648130e-01,-7.840154207357848959e-01
1.000000000000000000e+00,3.503016500240569986e-01,9.603078388082291195e-01,4.688949555334556707e-01,3.818431576398634060e-07,3.333333333333333148e-01,2.415641115373204639e-01,-7.840154207357848959e-01
1.000000000000000000e+00,3.503160594089209656e-01,8.805242861321161962e-01,1.963593615242597290e-01,3.779294547772448717e-07,3.333333333333333148e-01,2.431980245587675449e-01,-7.897945728594870651e-01
1.000000000000000000e+00,3.520728580747853331e-01,8.842286663656279133e-01,2.045691042111638935e-01,0.000000000000000000e+00,3.333333333333333148e-01,2.432343559520589171e-01,-8.000129836917684312e-01
1.000000000000000000e+00,3.522506134360566254e-01,8.994323658778429209e-01,2.029737949450712842e-01,0.000000000000000000e+00,3.333333333333333148e-01,2.440902177309255683e-01,-8.109774560691530576e-01
1.000000000000000000e+00,3.522506134360566254e-01,8.994323658778429209e-01,2.029737949450712842e-01,0.000000000000000000e+00,3.333333333333333148e-01,2.440902177309255683e-01,-8.109774560691530576e-01
1.000000000000000000e+00,3.522491691030908978e-01,9.001087651413872681e-01,2.009702521230708749e-01,0.000000000000000000e+00,3.333333333333333148e-01,2.441720684920091200e-01,-8.109774560691530576e-01
1.000000000000000000e+00,3.524000191239796131e-01,9.603111736777868446e-01,3.132666301663056818e-01,0.000000000000000000e+00,3.333333333333333148e-01,2.450624895304455986e-01,-8.177244820231895917e-01
1.000000000000000000e+00,3.552075716347668499e-01,9.804090358372486991e-01,3.132664936952842538e-01,0.000000000000000000e+00,3.333333333333333148e-01,2.462346866978797344e-01,-8.254703382393270283e-01
1.000000000000000000e+00,3.552042037199844571e-01,9.803178093922896297e-01,3.132666272381805506e-01,0.000000000000000000e+00,3.333333333333333148e-01,2.462292039486868034e-01,-8.254703382393270283e-01
1.000000000000000000e+00,3.553365112407200765e-01,9.804371701308924880e-01,3.132664796108844407e-01,0.000000000000000000e+00,3.333333333333333148e-01,2.462365395946131408e-01,-8.254703382393270283e-01
1.000000000000000000e+00,3.571671832525938894e-01,9.423798747671631171e-01,1.828221623413921471e-01,0.000000000000000000e+00,3.333333333333333148e-01,2.470772787952067173e-01,-8.293514205974868991e-01
1.000000000000000000e+00,3.573122981601881132e-01,9.561878529033268626e-01,1.828245078815630975e-01,0.000000000000000000e+00,3.333333333333333148e-01,2.479363892807540382e-01,-8.417895622697193492e-01
1.000000000000000000e+00,3.573122981601881132e-01,9.561878529033268626e-01,1.828245078815630975e-01,0.000000000000000000e+00,3.333333333333333148e-01,2.479363892807540382e-01,-8.417895622697193492e-01
1.000000000000000000e+00,3.573122981601881132e-01,9.561878529033268626e-01,1.828245078815630975e-01,0.000000000000000000e+00,3.333333333333333148e-01,2.479363892807540382e-01,-8.417895622697193492e-01
1.000000000000000000e+00,3.590475732389873387e-01,9.561973090900611760e-01,1.828219527816428158e-01,0.000000000000000000e+00,3.333333333333333148e-01,2.479511000255729680e-01,-8.417895622697193492e-01
1.000000000000000000e+00,3.590107736967841356e-01,9.561624911115497172e-01,1.404320888400375222e-01,0.000000000000000000e+00,3.333333333333333148e-01,2.489919148673923610e-01,-8.457929497068070734e-01
1.000000000000000000e+00,3.590107736967841356e-01,9.561624911115497172e-01,1.404320888400375222e-01,0.000000000000000000e+00,3.333333333333333148e-01,2.489919148673923610e-01,-8.457929497068070734e-01
1.000000000000000000e+00,3.602681781374629244e-01,9.657725529598742975e-01,1.404446320372329804e-01,0.000000000000000000e+00,3.333333333333333148e-01,2.496224922437312310e-01,-8.564989983914443883e-01
1.000000000000000000e+00,3.602681781374629244e-01,9.657725529598742975e-01,1.404446320372329804e-01,0.000000000000000000e+00,3.333333333333333148e-01,2.496224922437312310e-01,-8.564989983914443883e-01
1.000000000000000000e+00,3.602681781374629244e-01,9.657725529598742975e-01,1.404446320372329804e-01,0.000000000000000000e+00,3.333333333333333148e-01,2.496224922437312310e-01,-8.564989983914443883e-01
1.000000000000000000e+00,3.602681781374629244e-01,9.657725529598742975e-01,1.404446320372329804e-01,0.000000000000000000e+00,3.333333333333333148e-01,2.496224922437312310e-01,-8.564989983914443883e-01
1.000000000000000000e+00,3.617860400774453034e-01,9.658030557873084065e-01,1.400608430230111112e-01,0.000000000000000000e+00,3.333333333333333148e-01,2.496558920155247385e-01,-8.564989983914443883e-01
1.000000000000000000e+00,3.618258480890368944e-01,9.657706364417372180e-01,1.018866894700146269e-01,0.000000000000000000e+00,3.333333333333333148e-01,2.506243955930254619e-01,-8.873478600204930400e-01
1.000000000000000000e+00,3.618258480890368944e-01,9.657706364417372180e-01,1.018866894700146269e-01,0.000000000000000000e+00,3.333333333333333148e-01,2.506243955930254619e-01,-8.873478600204930400e-01
1.000000000000000000e+00,3.618258480890368944e-01,9.657706364417372180e-01,1.018866894700146269e-01,0.000000000000000000e+00,3.333333333333333148e-01,2.506243955930254619e-01,-8.873478600204930400e-01
1.000000000000000000e+00,3.618258480890368944e-01,9.657706364417372180e-01,1.018866894700146269e-01,0.000000000000000000e+00,3.333333333333333148e-01,2.506243955930254619e-01,-8.873478600204930400e-01
1.000000000000000000e+00,3.618258480890368944e-01,9.657706364417372180e-01,1.018866894700146269e-01,0.000000000000000000e+00,3.333333333333333148e-01,2.506243955930254619e-01,-8.873478600204930400e-01
1.000000000000000000e+00,3.618258481112751612e-01,9.657706363534928062e-01,1.018866894700146269e-01,0.000000000000000000e+00,3.333333333333333148e-01,2.506243955869884577e-01,-8.873478600204930400e-01
1.000000000000000000e+00,3.618258481112751612e-01,9.657706363534928062e-01,1.018866894700146269e-01,0.000000000000000000e+00,3.333333333333333148e-01,2.506243955869884577e-01,-8.873478600204930400e-01
1.000000000000000000e+00,3.618258481112751612e-01,9.657706363534928062e-01,1.018866894700146269e-01,0.000000000000000000e+00,3.333333333333333148e-01,2.506243955869884577e-01,-8.873478600204930400e-01
1.000000000000000000e+00,3.618258481112751612e-01,9.657706363534930283e-01,1.018866894700146269e-01,0.000000000000000000e+00,3.333333333333333148e-01,2.506243955869886242e-01,-8.873478600204930400e-01
1.000000000000000000e+00,3.618258481112751612e-01,9.657706363534928062e-01,1.018866894700146269e-01,0.000000000000000000e+00,3.333333333333333148e-01,2.506243955869884577e-01,-8.873478600204930400e-01
1.000000000000000000e+00,3.618258481112751612e-01,9.657706363534928062e-01,1.018866894700146269e-01,0.000000000000000000e+00,3.333333333333333148e-01,2.506243955869884577e-01,-8.873478600204930400e-01
1.000000000000000000e+00,3.618258481112751612e-01,9.657706363534928062e-01,1.018866894700146269e-01,0.000000000000000000e+00,3.333333333333333148e-01,2.506243955869884577e-01,-8.873478600204930400e-01
1.000000000000000000e+00,3.618258481112751612e-01,9.657706363534928062e-01,1.018866894700146269e-01,0.000000000000000000e+00,3.333333333333333148e-01,2.506243955869884577e-01,-8.873478600204930400e-01
1.000000000000000000e+00,3.618258481112751612e-01,9.657706363534928062e-01,1.018866894700146269e-01,0.000000000000000000e+00,3.333333333333333148e-01,2.506243955869884577e-01,-8.873478600204930400e-01
1.000000000000000000e+00,3.618258481112751612e-01,9.657706363534928062e-01,1.018866894700146269e-01,0.000000000000000000e+00,3.333333333333333148e-01,2.506243955869884577e-01,-8.873478600204930400e-01
1.000000000000000000e+00,3.618258481112751612e-01,9.657706363534928062e-01,1.018866894700146269e-01,0.000000000000000000e+00,3.333333333333333148e-01,2.506243955869884577e-01,-8.873478600204930400e-01
1.000000000000000000e+00,3.618258483889647548e-01,9.657706363488582912e-01,1.018866894700146269e-01,0.000000000000000000e+00,3.333333333333333148e-01,2.506243955866675477e-01,-8.873478600204930400e-01
1.000000000000000000e+00,3.618258483926148350e-01,9.657706361812802287e-01,1.018866894700146269e-01,0.000000000000000000e+00,3.333333333333333148e-01,2.506243955752037178e-01,-8.873478600204930400e-01
1.000000000000000000e+00,3.618258483926148350e-01,9.657706361812293805e-01,1.018866894700146269e-01,0.000000000000000000e+00,3.333333333333333148e-01,2.506243955752003316e-01,-8.873478600204930400e-01
1.000000000000000000e+00,3.618258483926148350e-01,9.657706361812293805e-01,1.018866894700146269e-01,0.000000000000000000e+00,3.333333333333333148e-01,2.506243955752003316e-01,-8.873478600204930400e-01
1.000000000000000000e+00,3.618258483926148350e-01,9.657706361812293805e-01,1.018866894700146269e-01,0.000000000000000000e+00,3.333333333333333148e-01,2.506243955752003316e-01,-8.873478600204930400e-01
1.000000000000000000e+00,3.618258483926148350e-01,9.657706361812802287e-01,1.018866894700146269e-01,0.000000000000000000e+00,3.333333333333333148e-01,2.506243955752037178e-01,-8.873478600204930400e-01
1.000000000000000000e+00,3.617731844132085484e-01,9.658040900363595860e-01,1.018802798799611081e-01,0.000000000000000000e+00,3.333333333333333148e-01,2.506268859744886779e-01,-8.873478600204930400e-01
1.000000000000000000e+00,3.617731844132085484e-01,9.657790541161518361e-01,1.018802798799611081e-01,0.000000000000000000e+00,3.333333333333333148e-01,2.506251704323986251e-01,-8.873478600204930400e-01
1.000000000000000000e+00,3.644660463887757773e-01,9.769786936135309574e-01,6.527656342233136011e-02,0.000000000000000000e+00,3.333333333333333148e-01,2.523930775744815946e-01,-8.926073193274963735e-01
1.000000000000000000e+00,3.644660463887757773e-01,9.769786936135309574e-01,6.527656342233136011e-02,0.000000000000000000e+00,3.333333333333333148e-01,2.523930775744815946e-01,-8.926073193274963735e-01
1.000000000000000000e+00,3.644660463887757773e-01,9.769786936135309574e-01,6.527656342233136011e-02,0.000000000000000000e+00,3.333333333333333148e-01,2.523930775744815946e-01,-8.926073193274963735e-01
1.000000000000000000e+00,3.644660463887757773e-01,9.769786936135309574e-01,6.527656342233136011e-02,0.000000000000000000e+00,3.333333333333333148e-01,2.523930775744815946e-01,-8.926073193274963735e-01
1.000000000000000000e+00,3.644660463887757773e-01,9.769786936135309574e-01,6.527656342233136011e-02,0.000000000000000000e+00,3.333333333333333148e-01,2.523930775744815946e-01,-8.926073193274963735e-01
1.000000000000000000e+00,3.644660463887757773e-01,9.769786936135309574e-01,6.527656342233136011e-02,0.000000000000000000e+00,3.333333333333333148e-01,2.523930775744815946e-01,-8.926073193274963735e-01
1.000000000000000000e+00,3.644660463887757773e-01,9.769786936135309574e-01,6.527656342233136011e-02,0.000000000000000000e+00,3.333333333333333148e-01,2.523930775744815946e-01,-8.926073193274963735e-01
1.000000000000000000e+00,3.666512973761518190e-01,9.769849009161496456e-01,6.487313910592952537e-02,0.000000000000000000e+00,3.333333333333333148e-01,2.524491870342810973e-01,-8.926073193274963735e-01
1.000000000000000000e+00,3.666625706171930954e-01,9.769685398826085665e-01,1.299847226722124216e-02,0.000000000000000000e+00,3.333333333333333148e-01,2.538489573523182719e-01,-9.076210774254018787e-01
1.000000000000000000e+00,3.666625706171930954e-01,9.769685398826085665e-01,1.299847226722124216e-02,0.000000000000000000e+00,3.333333333333333148e-01,2.538489573523182719e-01,-9.076210774254018787e-01
1.000000000000000000e+00,3.666625706171930954e-01,9.769685398826085665e-01,1.299847226722124216e-02,0.000000000000000000e+00,3.333333333333333148e-01,2.538489573523182719e-01,-9.076210774254018787e-01
1.000000000000000000e+00,3.666625706171930954e-01,9.769685398826085665e-01,1.299847226722124216e-02,0.000000000000000000e+00,3.333333333333333148e-01,2.538489573523182719e-01,-9.076210774254018787e-01
1.000000000000000000e+00,3.666625706171930954e-01,9.769685398826085665e-01,1.299847226722124216e-02,0.000000000000000000e+00,3.333333333333333148e-01,2.538489573523182719e-01,-9.076210774254018787e-01
1.000000000000000000e+00,3.666625706171930954e-01,9.769685398826085665e-01,1.299847226722124216e-02,0.000000000000000000e+00,3.333333333333333148e-01,2.538489573523182719e-01,-9.076210774254018787e-01
1.000000000000000000e+00,3.666625706171930954e-01,9.769685398826085665e-01,1.299847226722124216e-02,0.000000000000000000e+00,3.333333333333333148e-01,2.538489573523182719e-01,-9.076210774254018787e-01
1.000000000000000000e+00,3.666625706171930954e-01,9.769685398826085665e-01,1.299847226722124216e-02,0.000000000000000000e+00,3.333333333333333148e-01,2.538489573523182719e-01,-9.076210774254018787e-01
1.000000000000000000e+00,3.666625706171930954e-01,9.769685398826085665e-01,1.299847226722124216e-02,0.000000000000000000e+00,3.333333333333333148e-01,2.538489573523182719e-01,-9.076210774254018787e-01
1.000000000000000000e+00,3.666625706171930954e-01,9.769685398826085665e-01,1.299847226722124216e-02,0.000000000000000000e+00,3.333333333333333148e-01,2.538489573523182719e-01,-9.076210774254018787e-01
1.000000000000000000e+00,3.666625706171930954e-01,9.769685398826085665e-01,1.299847226722124216e-02,0.000000000000000000e+00,3.333333333333333148e-01,2.538489573523182719e-01,-9.076210774254018787e-01
1.000000000000000000e+00,3.666625706171930954e-01,9.769685398826085665e-01,1.299847226722124216e-02,0.000000000000000000e+00,3.333333333333333148e-01,2.538489573523182719e-01,-9.076210774254018787e-01
1.000000000000000000e+00,3.666625706171930954e-01,9.769685398826085665e-01,1.299847226722124216e-02,0.000000000000000000e+00,3.333333333333333148e-01,2.538489573523182719e-01,-9.076210774254018787e-01
1.000000000000000000e+00,3.666625706171930954e-01,9.769685398826085665e-01,1.299847226722124216e-02,0.000000000000000000e+00,3.333333333333333148e-01,2.538489573523182719e-01,-9.076210774254018787e-01
1.000000000000000000e+00,3.666625706171930954e-01,9.769685398826085665e-01,1.299847226722124216e-02,0.000000000000000000e+00,3.333333333333333148e-01,2.538489573523182719e-01,-9.076210774254018787e-01
1.000000000000000000e+00,3.666625706171930954e-01,9.769685398826085665e-01,1.299847226722124216e-02,0.000000000000000000e+00,3.333333333333333148e-01,2.538489573523182719e-01,-9.076210774254018787e-01
1.000000000000000000e+00,3.666625706171930954e-01,9.769685398826085665e-01,1.299847226722124216e-02,0.000000000000000000e+00,3.333333333333333148e-01,2.538489573523182719e-01,-9.076210774254018787e-01
1.000000000000000000e+00,3.666625706171930954e-01,9.769685398826085665e-01,1.299847226722124216e-02,0.000000000000000000e+00,3.333333333333333148e-01,2.538489573523182719e-01,-9.076210774254018787e-01
1.000000000000000000e+00,3.666625706171930954e-01,9.769685398826085665e-01,1.299847226722124216e-02,0.000000000000000000e+00,3.333333333333333148e-01,2.538489573523182719e-01,-9.076210774254018787e-01
1.000000000000000000e+00,3.666625706171930954e-01,9.769685398826085665e-01,1.299847226722124216e-02,0.000000000000000000e+00,3.333333333333333148e-01,2.538489573523182719e-01,-9.076210774254018787e-01
1.000000000000000000e+00,3.666625706171930954e-01,9.769685398826085665e-01,1.299847226722124216e-02,0.000000000000000000e+00,3.333333333333333148e-01,2.538489573523182719e-01,-9.076210774254018787e-01
1.000000000000000000e+00,3.666625706171930954e-01,9.769685398826085665e-01,1.299847226722124216e-02,0.000000000000000000e+00,3.333333333333333148e-01,2.538489573523182719e-01,-9.076210774254018787e-01
1.000000000000000000e+00,3.666625706171930954e-01,9.769685398826085665e-01,1.299847226722124216e-02,0.000000000000000000e+00,3.333333333333333148e-01,2.538489573523182719e-01,-9.076210774254018787e-01
1.000000000000000000e+00,3.666625706171930954e-01,9.769685398826085665e-01,1.299847226722124216e-02,0.000000000000000000e+00,3.333333333333333148e-01,2.538489573523182719e-01,-9.076210774254018787e-01
1.000000000000000000e+00,3.666625706171930954e-01,9.769685398826085665e-01,1.299847226722124216e-02,0.000000000000000000e+00,3.333333333333333148e-01,2.538489573523182719e-01,-9.076210774254018787e-01
1.000000000000000000e+00,3.666625706171930954e-01,9.769685398826085665e-01,1.299847226722124216e-02,0.000000000000000000e+00,3.333333333333333148e-01,2.538489573523182719e-01,-9.076210774254018787e-01
1.000000000000000000e+00,3.666625706171930954e-01,9.769685398826085665e-01,1.299847226722124216e-02,0.000000000000000000e+00,3.333333333333333148e-01,2.538489573523182719e-01,-9.076210774254018787e-01
1.000000000000000000e+00,3.666625706171930954e-01,9.769685398826085665e-01,1.299847226722124216e-02,0.000000000000000000e+00,3.333333333333333148e-01,2.538489573523182719e-01,-9.076210774254018787e-01
1.000000000000000000e+00,3.666625706171930954e-01,9.769685398826085665e-01,1.299847226722124216e-02,0.000000000000000000e+00,3.333333333333333148e-01,2.538489573523182719e-01,-9.076210774254018787e-01
1.000000000000000000e+00,3.666625706171930954e-01,9.769685398826085665e-01,1.299847226722124216e-02,0.000000000000000000e+00,3.333333333333333148e-01,2.538489573523182719e-01,-9.076210774254018787e-01
1.000000000000000000e+00,3.666625706171930954e-01,9.769685398826085665e-01,1.299847226722124216e-02,0.000000000000000000e+00,3.333333333333333148e-01,2.538489573523182719e-01,-9.076210774254018787e-01
9.136172357093772511e-01,4.052410402487229835e-01,1.000000000000000000e+00,1.857177386835356936e-03,2.620984747282456562e-01,3.333333333333333148e-01,2.744643282924439376e-01,-9.076210774254018787e-01
