1.000000000000000000e+00,3.271073878058158857e-01,5.876156021464982171e-01,1.000000000000000000e+00,0.000000000000000000e+00,5.555555555555555802e-01,2.248491995906743424e-01,-5.503017117740608422e-01
9.957090974045907927e-01,3.359320935753847825e-01,7.694250539493123764e-01,1.000000000000000000e+00,0.000000000000000000e+00,5.555555555555555802e-01,2.279213432435507336e-01,-6.158175165255832528e-01
9.999774323891172934e-01,3.357734794801431333e-01,8.376050025328982684e-01,9.763655089790637120e-01,0.000000000000000000e+00,5.555555555555555802e-01,2.299014043507828509e-01,-6.535247570587220389e-01
1.000000000000000000e+00,3.366737893125423264e-01,9.031113254468146057e-01,9.874709245591659634e-01,0.000000000000000000e+00,5.555555555555555802e-01,2.318603471063517274e-01,-6.767772469634241173e-01
1.000000000000000000e+00,3.364842755345033298e-01,9.518040731674528576e-01,9.704128312776711951e-01,0.000000000000000000e+00,5.555555555555555802e-01,2.341349935061396714e-01,-6.952149666298622632e-01
9.999843650880385626e-01,3.364851275136289677e-01,9.031038439685831198e-01,7.879185335253776623e-01,0.000000000000000000e+00,5.555555555555555802e-01,2.358007532040813925e-01,-7.112662693969449279e-01
9.999843824628048550e-01,3.404134961533097914e-01,9.035822541473524927e-01,7.386325993400467693e-01,0.000000000000000000e+00,5.555555555555555802e-01,2.366125471606366770e-01,-7.248320921938764538e-01
9.999843371940907444e-01,3.447174362904532607e-01,9.363020567436828312e-01,7.308889253353991755e-01,0.000000000000000000e+00,5.555555555555555802e-01,2.382142310721111211e-01,-7.422998873989040680e-01
1.000000000000000000e+00,3.362415874129223714e-01,9.980542875432678596e-01,8.507788659509359919e-01,0.000000000000000000e+00,5.555555555555555802e-01,2.396936426369246642e-01,-7.484288542424497592e-01
1.000000000000000000e+00,3.451008559752830052e-01,9.029782776277388567e-01,5.263659876342569044e-01,0.000000000000000000e+00,5.555555555555555802e-01,2.408006953053694887e-01,-7.593908314292594497e-01
1.000000000000000000e+00,3.512447880561253566e-01,9.184837639193832448e-01,5.040388890151666912e-01,0.000000000000000000e+00,5.555555555555555802e-01,2.420486317785635888e-01,-7.626534871416065231e-01
1.000000000000000000e+00,3.493314244544361569e-01,9.362105396433587634e-01,5.065560014644687747e-01,0.000000000000000000e+00,5.555555555555555802e-01,2.428091643672183053e-01,-7.914537789291975489e-01
1.000000000000000000e+00,3.493314244544361569e-01,9.362105396433587634e-01,5.065560014644687747e-01,0.000000000000000000e+00,5.555555555555555802e-01,2.428091643672183053e-01,-7.914537789291975489e-01
1.000000000000000000e+00,3.515157977500598663e-01,9.346856910392657980e-01,4.479896436681079508e-01,0.000000000000000000e+00,5.555555555555555802e-01,2.439785668282105635e-01,-7.990517711485376484e-01
1.000000000000000000e+00,3.515157977500598663e-01,9.360375792276328655e-01,4.466958116572356530e-01,0.000000000000000000e+00,5.555555555555555802e-01,2.440781487164667141e-01,-7.990517711485376484e-01
9.999846028323123859e-01,3.553048161396606397e-01,9.844684516900816806e-01,5.195137035689999516e-01,0.000000000000000000e+00,5.555555555555555802e-01,2.451355244474048012e-01,-8.046229212425012323e-01
1.000000000000000000e+00,3.552678153215816925e-01,9.534524390821470519e-01,3.954353872071320053e-01,0.000000000000000000e+00,5.555555555555555802e-01,2.461670192816035885e-01,-8.095195344491011857e-01
1.000000000000000000e+00,3.552678153215816925e-01,9.623992618736638693e-01,4.029302147529982281e-01,0.000000000000000000e+00,5.555555555555555802e-01,2.465011354978048075e-01,-8.259129590659268771e-01
1.000000000000000000e+00,3.552678153215816925e-01,9.623992618736638693e-01,4.029302147529982281e-01,0.000000000000000000e+00,5.555555555555555802e-01,2.465011354978048075e-01,-8.259129590659268771e-01
1.000000000000000000e+00,3.590690579172666208e-01,9.624608326258805580e-01,4.024250436789185148e-01,0.000000000000000000e+00,5.555555555555555802e-01,2.466660125812349114e-01,-8.259129590659268771e-01
1.000000000000000000e+00,3.593525809057496190e-01,9.567176545195463788e-01,3.303032225101635300e-01,0.000000000000000000e+00,5.555555555555555802e-01,2.478987377257121649e-01,-8.277203206296679383e-01
1.000000000000000000e+00,3.593562130767355423e-01,9.789039433453911032e-01,3.305430160214680724e-01,0.000000000000000000e+00,5.555555555555555802e-01,2.491880789001305885e-01,-8.508030911002590901e-01
1.000000000000000000e+00,3.593562130767355423e-01,9.789039433453911032e-01,3.305430160214680724e-01,0.000000000000000000e+00,5.555555555555555802e-01,2.491880789001305885e-01,-8.508030911002590901e-01
1.000000000000000000e+00,3.593562130767355423e-01,9.789039433453911032e-01,3.305430160214680724e-01,0.000000000000000000e+00,5.555555555555555802e-01,2.491880789001305885e-01,-8.508030911002590901e-01
1.000000000000000000e+00,3.593562130767355423e-01,9.789039433453911032e-01,3.305430160214680724e-01,0.000000000000000000e+00,5.555555555555555802e-01,2.491880789001305885e-01,-8.508030911002590901e-01
1.000000000000000000e+00,3.593562130767355423e-01,9.789039433453911032e-01,3.305430160214680724e-01,0.000000000000000000e+00,5.555555555555555802e-01,2.491880789001305885e-01,-8.508030911002590901e-01
1.000000000000000000e+00,3.593562130767355423e-01,9.789039433453911032e-01,3.305430160214680724e-01,0.000000000000000000e+00,5.555555555555555802e-01,2.491880789001305885e-01,-8.508030911002590901e-01
1.000000000000000000e+00,3.593562094545847407e-01,9.862028465880354755e-01,3.170020316129116833e-01,0.000000000000000000e+00,5.555555555555555802e-01,2.499859360038471645e-01,-8.531224327235431559e-01
1.000000000000000000e+00,3.593563180298671167e-01,9.862112430874352409e-01,3.166368547343414441e-01,0.000000000000000000e+00,5.555555555555555802e-01,2.499958215143506524e-01,-8.531224327235431559e-01
1.000000000000000000e+00,3.622501085313519220e-01,9.628697821041558580e-01,2.226732597339634578e-01,0.000000000000000000e+00,5.555555555555555802e-01,2.508298526641491444e-01,-8.602375933492041327e-01
1.000000000000000000e+00,3.622501085313519220e-01,9.628697821041558580e-01,2.226732597339634578e-01,0.000000000000000000e+00,5.555555555555555802e-01,2.508298526641491444e-01,-8.602375933492041327e-01
1.000000000000000000e+00,3.622501085313424851e-01,9.694432711820391013e-01,2.226732597339634578e-01,0.000000000000000000e+00,5.555555555555555802e-01,2.512543317965660328e-01,-8.823475018406499171e-01
1.000000000000000000e+00,3.622501085313424851e-01,9.694432711820391013e-01,2.226732597339634578e-01,0.000000000000000000e+00,5.555555555555555802e-01,2.512543317965660328e-01,-8.823475018406499171e-01
1.000000000000000000e+00,3.622501085313424851e-01,9.694432711820391013e-01,2.226732597339634578e-01,0.000000000000000000e+00,5.555555555555555802e-01,2.512543317965660328e-01,-8.823475018406499171e-01
1.000000000000000000e+00,3.622501085313424851e-01,9.694432711820391013e-01,2.226732597339634578e-01,0.000000000000000000e+00,5.555555555555555802e-01,2.512543317965660328e-01,-8.823475018406499171e-01
1.000000000000000000e+00,3.622501085313424851e-01,9.694432711820391013e-01,2.226732597339634578e-01,0.000000000000000000e+00,5.555555555555555802e-01,2.512543317965660328e-01,-8.823475018406499171e-01
1.000000000000000000e+00,3.622501085313424851e-01,9.694432711820391013e-01,2.226732597339634578e-01,0.000000000000000000e+00,5.555555555555555802e-01,2.512543317965660328e-01,-8.823475018406499171e-01
1.000000000000000000e+00,3.622501085313424851e-01,9.694432711820391013e-01,2.226732597339634578e-01,0.000000000000000000e+00,5.555555555555555802e-01,2.512543317965660328e-01,-8.823475018406499171e-01
1.000000000000000000e+00,3.622501085313424851e-01,9.694432711820391013e-01,2.226732597339634578e-01,0.000000000000000000e+00,5.555555555555555802e-01,2.512543317965660328e-01,-8.823475018406499171e-01
1.000000000000000000e+00,3.622501085313424851e-01,9.694432711820391013e-01,2.226732597339634578e-01,0.000000000000000000e+00,5.555555555555555802e-01,2.512543317965660328e-01,-8.823475018406499171e-01
1.000000000000000000e+00,3.622501085313424851e-01,9.694432711820391013e-01,2.226732597339634578e-01,0.000000000000000000e+00,5.555555555555555802e-01,2.512543317965660328e-01,-8.823475018406499171e-01
1.000000000000000000e+00,3.622501085313424851e-01,9.694432711820391013e-01,2.226732597339634578e-01,0.000000000000000000e+00,5.555555555555555802e-01,2.512543317965660328e-01,-8.823475018406499171e-01
1.000000000000000000e+00,3.648349001044028928e-01,9.702198586326601371e-01,2.100658175279333795e-01,0.000000000000000000e+00,5.555555555555555802e-01,2.516650752511324085e-01,-8.823475018406499171e-01
1.000000000000000000e+00,3.622501085313414304e-01,9.694432711820391013e-01,2.226732597315921880e-01,0.000000000000000000e+00,5.555555555555555802e-01,2.512543317966257628e-01,-8.823475018406499171e-01
1.000000000000000000e+00,3.648390350222306400e-01,9.955794174395844465e-01,2.226732921031230883e-01,0.000000000000000000e+00,5.555555555555555802e-01,2.530084225104693441e-01,-8.873642038757780792e-01
1.000000000000000000e+00,3.648390350222306400e-01,9.955794174395844465e-01,2.226732921031230883e-01,0.000000000000000000e+00,5.555555555555555802e-01,2.530084225104693441e-01,-8.873642038757780792e-01
1.000000000000000000e+00,3.648390350222306400e-01,9.955794174395844465e-01,2.226732921031230883e-01,0.000000000000000000e+00,5.555555555555555802e-01,2.530084225104693441e-01,-8.873642038757780792e-01
1.000000000000000000e+00,3.646928699082306324e-01,9.955986298194161588e-01,2.226732921029064838e-01,0.000000000000000000e+00,5.555555555555555802e-01,2.530098555429985963e-01,-8.873642038757780792e-01
1.000000000000000000e+00,3.671715425344722616e-01,9.684371041110706457e-01,9.532843789032822979e-02,0.000000000000000000e+00,5.555555555555555802e-01,2.545023349912532984e-01,-9.188923909615499541e-01
1.000000000000000000e+00,3.671715425344722616e-01,9.684371041110706457e-01,9.532843789032822979e-02,0.000000000000000000e+00,5.555555555555555802e-01,2.545023349912532984e-01,-9.188923909615499541e-01
1.000000000000000000e+00,3.671715425344722616e-01,9.684371041110706457e-01,9.532843789032822979e-02,0.000000000000000000e+00,5.555555555555555802e-01,2.545023349912532984e-01,-9.188923909615499541e-01
1.000000000000000000e+00,3.671715425344722616e-01,9.684371041110706457e-01,9.532843789032822979e-02,0.000000000000000000e+00,5.555555555555555802e-01,2.545023349912532984e-01,-9.188923909615499541e-01
1.000000000000000000e+00,3.671715425344722616e-01,9.684371041110706457e-01,9.532843789032822979e-02,0.000000000000000000e+00,5.555555555555555802e-01,2.545023349912532984e-01,-9.188923909615499541e-01
1.000000000000000000e+00,3.671715425344722616e-01,9.684371041110706457e-01,9.532843789032822979e-02,0.000000000000000000e+00,5.555555555555555802e-01,2.545023349912532984e-01,-9.188923909615499541e-01
1.000000000000000000e+00,3.671715425344722616e-01,9.684371041110706457e-01,9.532843789032822979e-02,0.000000000000000000e+00,5.555555555555555802e-01,2.545023349912532984e-01,-9.188923909615499541e-01
1.000000000000000000e+00,3.671715425344722616e-01,9.684371041110706457e-01,9.532843789032822979e-02,0.000000000000000000e+00,5.555555555555555802e-01,2.545023349912532984e-01,-9.188923909615499541e-01
1.000000000000000000e+00,3.671715425344722616e-01,9.684371041110706457e-01,9.532843789032822979e-02,0.000000000000000000e+00,5.555555555555555802e-01,2.545023349912532984e-01,-9.188923909615499541e-01
1.000000000000000000e+00,3.671715425344722616e-01,9.684371041110706457e-01,9.532843789032822979e-02,0.000000000000000000e+00,5.555555555555555802e-01,2.545023349912532984e-01,-9.188923909615499541e-01
1.000000000000000000e+00,3.671715425344722616e-01,9.684371041110706457e-01,9.532843789032822979e-02,0.000000000000000000e+00,5.555555555555555802e-01,2.545023349912532984e-01,-9.188923909615499541e-01
1.000000000000000000e+00,3.671715425344722616e-01,9.684371041110706457e-01,9.532843789032822979e-02,0.000000000000000000e+00,5.555555555555555802e-01,2.545023349912532984e-01,-9.188923909615499541e-01
1.000000000000000000e+00,3.671715425344722616e-01,9.684371041110706457e-01,9.532843789032822979e-02,0.000000000000000000e+00,5.555555555555555802e-01,2.545023349912532984e-01,-9.188923909615499541e-01
1.000000000000000000e+00,3.671715425344722616e-01,9.684371041110706457e-01,9.532843789032822979e-02,0.000000000000000000e+00,5.555555555555555802e-01,2.545023349912532984e-01,-9.188923909615499541e-01
1.000000000000000000e+00,3.671715425344722616e-01,9.684371041110706457e-01,9.532843789032822979e-02,0.000000000000000000e+00,5.555555555555555802e-01,2.545023349912532984e-01,-9.188923909615499541e-01
1.000000000000000000e+00,3.671715425344722616e-01,9.684371041110706457e-01,9.532843789032822979e-02,0.000000000000000000e+00,5.555555555555555802e-01,2.545023349912532984e-01,-9.188923909615499541e-01
1.000000000000000000e+00,3.671715425344722616e-01,9.684371041110706457e-01,9.532843789032822979e-02,0.000000000000000000e+00,5.555555555555555802e-01,2.545023349912532984e-01,-9.188923909615499541e-01
1.000000000000000000e+00,3.671715425344722616e-01,9.684371041110706457e-01,9.532843789032822979e-02,0.000000000000000000e+00,5.555555555555555802e-01,2.545023349912532984e-01,-9.188923909615499541e-01
1.000000000000000000e+00,3.671715425344722616e-01,9.684371041110706457e-01,9.532843789032822979e-02,0.000000000000000000e+00,5.555555555555555802e-01,2.545023349912532984e-01,-9.188923909615499541e-01
1.000000000000000000e+00,3.671715425344722616e-01,9.684371041110706457e-01,9.532843789032822979e-02,0.000000000000000000e+00,5.555555555555555802e-01,2.545023349912532984e-01,-9.188923909615499541e-01
1.000000000000000000e+00,3.671715425344722616e-01,9.684371041110706457e-01,9.532843789032822979e-02,0.000000000000000000e+00,5.555555555555555802e-01,2.545023349912532984e-01,-9.188923909615499541e-01
1.000000000000000000e+00,3.671715425344722616e-01,9.684371041110706457e-01,9.532843789032822979e-02,0.000000000000000000e+00,5.555555555555555802e-01,2.545023349912532984e-01,-9.188923909615499541e-01
1.000000000000000000e+00,3.671715425344722616e-01,9.684371041110706457e-01,9.532843789032822979e-02,0.000000000000000000e+00,5.555555555555555802e-01,2.545023349912532984e-01,-9.188923909615499541e-01
1.000000000000000000e+00,3.671715425344722616e-01,9.684371041110706457e-01,9.532843789032822979e-02,0.000000000000000000e+00,5.555555555555555802e-01,2.545023349912532984e-01,-9.188923909615499541e-01
1.000000000000000000e+00,3.671715425344722616e-01,9.684371041110706457e-01,9.532843789032822979e-02,0.000000000000000000e+00,5.555555555555555802e-01,2.545023349912532984e-01,-9.188923909615499541e-01
1.000000000000000000e+00,3.671715425344722616e-01,9.684371041110706457e-01,9.532843789032822979e-02,0.000000000000000000e+00,5.555555555555555802e-01,2.545023349912532984e-01,-9.188923909615499541e-01
1.000000000000000000e+00,3.671715425344722616e-01,9.684371041110706457e-01,9.532843789032822979e-02,0.000000000000000000e+00,5.555555555555555802e-01,2.545023349912532984e-01,-9.188923909615499541e-01
1.000000000000000000e+00,3.671715425344722616e-01,9.684371041110706457e-01,9.532843789032822979e-02,0.000000000000000000e+00,5.555555555555555802e-01,2.545023349912532984e-01,-9.188923909615499541e-01
1.000000000000000000e+00,3.671715425344722616e-01,9.684371041110706457e-01,9.532843789032822979e-02,0.000000000000000000e+00,5.555555555555555802e-01,2.545023349912532984e-01,-9.188923909615499541e-01
1.000000000000000000e+00,3.671715425344722616e-01,9.684371041110706457e-01,9.532843789032822979e-02,0.000000000000000000e+00,5.555555555555555802e-01,2.545023349912532984e-01,-9.188923909615499541e-01
1.000000000000000000e+00,3.671715425344722616e-01,9.684371041110706457e-01,9.532843789032822979e-02,0.000000000000000000e+00,5.555555555555555802e-01,2.545023349912532984e-01,-9.188923909615499541e-01
1.000000000000000000e+00,3.671715425344722616e-01,9.684371041110706457e-01,9.532843789032822979e-02,0.000000000000000000e+00,5.555555555555555802e-01,2.545023349912532984e-01,-9.188923909615499541e-01
1.000000000000000000e+00,3.671715425344722616e-01,9.684371041110706457e-01,9.532843789032822979e-02,0.000000000000000000e+00,5.555555555555555802e-01,2.545023349912532984e-01,-9.188923909615499541e-01
1.000000000000000000e+00,3.671715425344722616e-01,9.684371041110706457e-01,9.532843789032822979e-02,0.000000000000000000e+00,5.555555555555555802e-01,2.545023349912532984e-01,-9.188923909615499541e-01
1.000000000000000000e+00,3.671715425344722616e-01,9.684371041110706457e-01,9.532843789032822979e-02,0.000000000000000000e+00,5.555555555555555802e-01,2.545023349912532984e-01,-9.188923909615499541e-01
1.000000000000000000e+00,3.671715425344722616e-01,9.684371041110706457e-01,9.532843789032822979e-02,0.000000000000000000e+00,5.555555555555555802e-01,2.545023349912532984e-01,-9.188923909615499541e-01
1.000000000000000000e+00,3.671715425344722616e-01,9.684371041110706457e-01,9.532843789032822979e-02,0.000000000000000000e+00,5.555555555555555802e-01,2.545023349912532984e-01,-9.188923909615499541e-01
1.000000000000000000e+00,3.671715425344722616e-01,9.684371041110706457e-01,9.532843789032822979e-02,0.000000000000000000e+00,5.555555555555555802e-01,2.545023349912532984e-01,-9.188923909615499541e-01
1.000000000000000000e+00,3.671715425344722616e-01,9.684371041110706457e-01,9.532843789032822979e-02,0.000000000000000000e+00,5.555555555555555802e-01,2.545023349912532984e-01,-9.188923909615499541e-01
1.000000000000000000e+00,3.671715425344722616e-01,9.684371041110706457e-01,9.532843789032822979e-02,0.000000000000000000e+00,5.555555555555555802e-01,2.545023349912532984e-01,-9.188923909615499541e-01
1.000000000000000000e+00,3.671715425344722616e-01,9.684371041110706457e-01,9.532843789032822979e-02,0.000000000000000000e+00,5.555555555555555802e-01,2.545023349912532984e-01,-9.188923909615499541e-01
1.000000000000000000e+00,3.671715425344722616e-01,9.684371041110706457e-01,9.532843789032822979e-02,0.000000000000000000e+00,5.555555555555555802e-01,2.545023349912532984e-01,-9.188923909615499541e-01
1.000000000000000000e+00,3.671715425344722616e-01,9.684371041110706457e-01,9.532843789032822979e-02,0.000000000000000000e+00,5.555555555555555802e-01,2.545023349912532984e-01,-9.188923909615499541e-01
1.000000000000000000e+00,3.671715425344722616e-01,9.684371041110706457e-01,9.532843789032822979e-02,0.000000000000000000e+00,5.555555555555555802e-01,2.545023349912532984e-01,-9.188923909615499541e-01
1.000000000000000000e+00,3.671715425344722616e-01,9.684371041110706457e-01,9.532843789032822979e-02,0.000000000000000000e+00,5.555555555555555802e-01,2.545023349912532984e-01,-9.188923909615499541e-01
1.000000000000000000e+00,3.671715425344722616e-01,9.684371041110706457e-01,9.532843789032822979e-02,0.000000000000000000e+00,5.555555555555555802e-01,2.545023349912532984e-01,-9.188923909615499541e-01
1.000000000000000000e+00,3.671715425344722616e-01,9.684371041110706457e-01,9.532843789032822979e-02,0.000000000000000000e+00,5.555555555555555802e-01,2.545023349912532984e-01,-9.188923909615499541e-01
1.000000000000000000e+00,3.671715425344722616e-01,9.684371041110706457e-01,9.532843789032822979e-02,0.000000000000000000e+00,5.555555555555555802e-01,2.545023349912532984e-01,-9.188923909615499541e-01
1.000000000000000000e+00,3.671715425344722616e-01,9.684371041110706457e-01,9.532843789032822979e-02,0.000000000000000000e+00,5.555555555555555802e-01,2.545023349912532984e-01,-9.188923909615499541e-01
1.000000000000000000e+00,3.671715425344722616e-01,9.684371041110706457e-01,9.532843789032822979e-02,0.000000000000000000e+00,5.555555555555555802e-01,2.545023349912532984e-01,-9.188923909615499541e-01
1.000000000000000000e+00,3.671715425344722616e-01,9.684371041110706457e-01,9.532843789032822979e-02,0.000000000000000000e+00,5.555555555555555802e-01,2.545023349912532984e-01,-9.188923909615499541e-01
9.979547742510200825e-01,3.726493315081534918e-01,1.000000000000000000e+00,5.203233235907761545e-02,1.524405632484040485e-01,5.555555555555555802e-01,2.641290055524352365e-01,-9.188923909615499541e-01
