1.000000000000000000e+00,3.293546839222756262e-01,5.815760598413730609e-01,1.000000000000000000e+00,1.670114228263266577e-06,6.666666666666666297e-01,2.261098547417417781e-01,-5.558299269563308220e-01
1.000000000000000000e+00,3.299921371078514132e-01,7.867476156396282505e-01,9.992895021127840005e-01,1.505985550442612784e-06,6.666666666666666297e-01,2.292593665779753820e-01,-6.401470264112574249e-01
1.000000000000000000e+00,3.299549695937640803e-01,8.564173808038233471e-01,9.992898351262750056e-01,7.732836152569512510e-06,6.666666666666666297e-01,2.317307761541051725e-01,-6.665779147219909051e-01
1.000000000000000000e+00,3.343500299752095173e-01,9.149254190421376443e-01,9.874367333331975916e-01,1.655042851183413915e-06,6.666666666666666297e-01,2.339503200089100843e-01,-6.983302868479061010e-01
1.000000000000000000e+00,3.446635609776584896e-01,9.526413341862405293e-01,9.999785747220206744e-01,8.863354976032771903e-05,6.666666666666666297e-01,2.354054453680693715e-01,-7.127510963736133354e-01
1.000000000000000000e+00,3.448860524558733376e-01,9.054996981007612522e-01,7.472441956719210188e-01,9.398189427149042590e-07,6.666666666666666297e-01,2.380625462645614421e-01,-7.248320921938764538e-01
9.999999999836678422e-01,3.456135879119434651e-01,9.363311801744707008e-01,7.345041317874748676e-01,1.435794692354479577e-06,6.666666666666666297e-01,2.396514335054587275e-01,-7.549358074156486964e-01
9.999999999842692500e-01,3.456124506839093891e-01,9.363295232524406764e-01,6.922131971613771917e-01,8.806628530092758364e-05,6.666666666666666297e-01,2.405203169281121267e-01,-7.597260663242496603e-01
1.000000000000000000e+00,3.509788843354809673e-01,9.377693925548017395e-01,6.211970591645168405e-01,2.121256037646489005e-07,6.666666666666666297e-01,2.420904643201667594e-01,-7.684974610114884142e-01
1.000000000000000000e+00,3.509790825750664367e-01,9.970631824129804199e-01,7.092120088310386317e-01,9.383080356904102107e-07,6.666666666666666297e-01,2.431578851153542442e-01,-7.760757531917663599e-01
1.000000000000000000e+00,3.509790249316181443e-01,9.756237233549122090e-01,6.283105600542572278e-01,0.000000000000000000e+00,6.666666666666666297e-01,2.437956343936925896e-01,-8.128889507069092524e-01
1.000000000000000000e+00,3.509790249403653695e-01,9.756237233549122090e-01,6.283105600542754354e-01,0.000000000000000000e+00,6.666666666666666297e-01,2.437956343936245607e-01,-8.128889507069092524e-01
1.000000000000000000e+00,3.509790249403653695e-01,9.942278574038815320e-01,6.283105600524162559e-01,0.000000000000000000e+00,6.666666666666666297e-01,2.448213236929921710e-01,-8.215888111315012843e-01
1.000000000000000000e+00,3.509790822746968186e-01,9.970975093407656864e-01,6.225234478048528031e-01,8.359496862526696285e-05,6.666666666666666297e-01,2.451302046121960898e-01,-8.215888111315012843e-01
1.000000000000000000e+00,3.585991006885447252e-01,9.369374966012303796e-01,3.828510276174937887e-01,0.000000000000000000e+00,6.666666666666666297e-01,2.471548670480002707e-01,-8.223108796485475436e-01
1.000000000000000000e+00,3.586010295788992774e-01,9.366589743598624507e-01,3.162143756295596742e-01,0.000000000000000000e+00,6.666666666666666297e-01,2.485691953342411553e-01,-8.379738355091754798e-01
1.000000000000000000e+00,3.586010295788992774e-01,9.366589743598624507e-01,3.162143756295596742e-01,0.000000000000000000e+00,6.666666666666666297e-01,2.485691953342411553e-01,-8.379738355091754798e-01
1.000000000000000000e+00,3.575394034912074970e-01,9.367168933590820368e-01,2.863402569433840528e-01,1.666513689168163410e-06,6.666666666666666297e-01,2.492901950662945454e-01,-8.379738355091754798e-01
1.000000000000000000e+00,3.597880955795664248e-01,9.419278068854433084e-01,2.619604277919553303e-01,0.000000000000000000e+00,6.666666666666666297e-01,2.501526385560611798e-01,-8.485548287057488315e-01
1.000000000000000000e+00,3.595981745052302392e-01,9.423432304941793403e-01,2.589866275211093471e-01,7.615356749747650240e-05,6.666666666666666297e-01,2.502587186548424492e-01,-8.485548287057488315e-01
1.000000000000000000e+00,3.595961857263618722e-01,9.076034754291808504e-01,1.356409616993564382e-01,1.787490143951670702e-06,6.666666666666666297e-01,2.510261064447531498e-01,-8.497626576221278816e-01
1.000000000000000000e+00,3.630368794479925110e-01,9.419307143336446142e-01,2.019565612784122444e-01,0.000000000000000000e+00,6.666666666666666297e-01,2.515858938308825343e-01,-8.717037576136380528e-01
1.000000000000000000e+00,3.630368794479925110e-01,9.419307143336446142e-01,2.019565612784122444e-01,0.000000000000000000e+00,6.666666666666666297e-01,2.515858938308825343e-01,-8.717037576136380528e-01
1.000000000000000000e+00,3.630368794479925110e-01,9.419307143336446142e-01,2.019565612784122444e-01,0.000000000000000000e+00,6.666666666666666297e-01,2.515858938308825343e-01,-8.717037576136380528e-01
1.000000000000000000e+00,3.630368794479925110e-01,9.419307143336446142e-01,2.019565612784122444e-01,0.000000000000000000e+00,6.666666666666666297e-01,2.515858938308825343e-01,-8.717037576136380528e-01
1.000000000000000000e+00,3.633879183865916240e-01,9.332476572783942048e-01,1.402666833696059046e-01,8.564475129201847865e-16,6.666666666666666297e-01,2.525312929404974205e-01,-8.781747478076949998e-01
1.000000000000000000e+00,3.633879183865916240e-01,9.332476572783942048e-01,1.402666833696059046e-01,8.564475129201847865e-16,6.666666666666666297e-01,2.525312929404974205e-01,-8.781747478076949998e-01
1.000000000000000000e+00,3.657498751014574556e-01,9.350267179255216110e-01,1.397943129643467175e-01,0.000000000000000000e+00,6.666666666666666297e-01,2.526729378323308572e-01,-8.781747478076949998e-01
1.000000000000000000e+00,3.657455296341693973e-01,9.068668543458873188e-01,1.237651671040237121e-02,0.000000000000000000e+00,6.666666666666666297e-01,2.538940493261922504e-01,-8.861320453635701533e-01
1.000000000000000000e+00,3.657455296341693973e-01,9.068668543458873188e-01,1.237651671040237121e-02,0.000000000000000000e+00,6.666666666666666297e-01,2.538940493261922504e-01,-8.861320453635701533e-01
1.000000000000000000e+00,3.657410370294869040e-01,9.072260538986871570e-01,9.086560291685700369e-03,0.000000000000000000e+00,6.666666666666666297e-01,2.540049313173108891e-01,-8.861320453635701533e-01
1.000000000000000000e+00,3.655021791414586052e-01,9.337758873990985586e-01,5.134134663553616140e-02,7.199525113497467739e-07,6.666666666666666297e-01,2.548605090651788196e-01,-8.867623149278487382e-01
1.000000000000000000e+00,3.694941324592346255e-01,9.684311421652757046e-01,9.535209361486383928e-02,0.000000000000000000e+00,6.666666666666666297e-01,2.561559077039307075e-01,-9.281355226973226902e-01
1.000000000000000000e+00,3.694941324592346255e-01,9.684311421652757046e-01,9.535209361486383928e-02,0.000000000000000000e+00,6.666666666666666297e-01,2.561559077039307075e-01,-9.281355226973226902e-01
1.000000000000000000e+00,3.694941324592346255e-01,9.684311421652757046e-01,9.535209361486383928e-02,0.000000000000000000e+00,6.666666666666666297e-01,2.561559077039307075e-01,-9.281355226973226902e-01
1.000000000000000000e+00,3.694941324592346255e-01,9.684311421652757046e-01,9.535209361486383928e-02,0.000000000000000000e+00,6.666666666666666297e-01,2.561559077039307075e-01,-9.281355226973226902e-01
1.000000000000000000e+00,3.694941324592346255e-01,9.684311421652757046e-01,9.535209361486383928e-02,0.000000000000000000e+00,6.666666666666666297e-01,2.561559077039307075e-01,-9.281355226973226902e-01
1.000000000000000000e+00,3.694941324592346255e-01,9.684311421652757046e-01,9.535209361486383928e-02,0.000000000000000000e+00,6.666666666666666297e-01,2.561559077039307075e-01,-9.281355226973226902e-01
1.000000000000000000e+00,3.694941324592346255e-01,9.684311421652757046e-01,9.535209361486383928e-02,0.000000000000000000e+00,6.666666666666666297e-01,2.561559077039307075e-01,-9.281355226973226902e-01
1.000000000000000000e+00,3.694941324592346255e-01,9.684311421652757046e-01,9.535209361486383928e-02,0.000000000000000000e+00,6.666666666666666297e-01,2.561559077039307075e-01,-9.281355226973226902e-01
1.000000000000000000e+00,3.694941324592346255e-01,9.684311421652757046e-01,9.535209361486383928e-02,0.000000000000000000e+00,6.666666666666666297e-01,2.561559077039307075e-01,-9.281355226973226902e-01
1.000000000000000000e+00,3.694941324592346255e-01,9.684311421652757046e-01,9.535209361486383928e-02,0.000000000000000000e+00,6.666666666666666297e-01,2.561559077039307075e-01,-9.281355226973226902e-01
1.000000000000000000e+00,3.694941324592346255e-01,9.684311421652757046e-01,9.535209361486383928e-02,0.000000000000000000e+00,6.666666666666666297e-01,2.561559077039307075e-01,-9.281355226973226902e-01
1.000000000000000000e+00,3.694941324592346255e-01,9.684311421652757046e-01,9.535209361486383928e-02,0.000000000000000000e+00,6.666666666666666297e-01,2.561559077039307075e-01,-9.281355226973226902e-01
1.000000000000000000e+00,3.694941324592346255e-01,9.684311421652757046e-01,9.535209361486383928e-02,0.000000000000000000e+00,6.666666666666666297e-01,2.561559077039307075e-01,-9.281355226973226902e-01
1.000000000000000000e+00,3.694941324592346255e-01,9.684311421652757046e-01,9.535209361486383928e-02,0.000000000000000000e+00,6.666666666666666297e-01,2.561559077039307075e-01,-9.281355226973226902e-01
1.000000000000000000e+00,3.694941324592346255e-01,9.684311421652757046e-01,9.535209361486383928e-02,0.000000000000000000e+00,6.666666666666666297e-01,2.561559077039307075e-01,-9.281355226973226902e-01
1.000000000000000000e+00,3.694941324592346255e-01,9.684311421652757046e-01,9.535209361486383928e-02,0.000000000000000000e+00,6.666666666666666297e-01,2.561559077039307075e-01,-9.281355226973226902e-01
1.000000000000000000e+00,3.694941324592346255e-01,9.684311421652757046e-01,9.535209361486383928e-02,0.000000000000000000e+00,6.666666666666666297e-01,2.561559077039307075e-01,-9.281355226973226902e-01
1.000000000000000000e+00,3.694941324592346255e-01,9.684311421652757046e-01,9.535209361486383928e-02,0.000000000000000000e+00,6.666666666666666297e-01,2.561559077039307075e-01,-9.281355226973226902e-01
1.000000000000000000e+00,3.694941324592346255e-01,9.684311421652757046e-01,9.535209361486383928e-02,0.000000000000000000e+00,6.666666666666666297e-01,2.561559077039307075e-01,-9.281355226973226902e-01
1.000000000000000000e+00,3.694941324592346255e-01,9.684311421652757046e-01,9.535209361486383928e-02,0.000000000000000000e+00,6.666666666666666297e-01,2.561559077039307075e-01,-9.281355226973226902e-01
1.000000000000000000e+00,3.694941324592346255e-01,9.684311421652757046e-01,9.535209361486383928e-02,0.000000000000000000e+00,6.666666666666666297e-01,2.561559077039307075e-01,-9.281355226973226902e-01
1.000000000000000000e+00,3.694941324592346255e-01,9.684311421652757046e-01,9.535209361486383928e-02,0.000000000000000000e+00,6.666666666666666297e-01,2.561559077039307075e-01,-9.281355226973226902e-01
1.000000000000000000e+00,3.694941324592346255e-01,9.684311421652757046e-01,9.535209361486383928e-02,0.000000000000000000e+00,6.666666666666666297e-01,2.561559077039307075e-01,-9.281355226973226902e-01
1.000000000000000000e+00,3.694941324592346255e-01,9.684311421652757046e-01,9.535209361486383928e-02,0.000000000000000000e+00,6.666666666666666297e-01,2.561559077039307075e-01,-9.281355226973226902e-01
1.000000000000000000e+00,3.694941324592346255e-01,9.684311421652757046e-01,9.535209361486383928e-02,0.000000000000000000e+00,6.666666666666666297e-01,2.561559077039307075e-01,-9.281355226973226902e-01
1.000000000000000000e+00,3.689716530709535869e-01,9.687796448736637478e-01,9.535101536618871554e-02,0.000000000000000000e+00,6.666666666666666297e-01,2.561847212863401779e-01,-9.281355226973226902e-01
1.000000000000000000e+00,3.689716530709535869e-01,9.687796448736637478e-01,9.535101536618871554e-02,0.000000000000000000e+00,6.666666666666666297e-01,2.561847212863401779e-01,-9.281355226973226902e-01
1.000000000000000000e+00,3.684856311660879569e-01,9.724442028983868447e-01,8.246674059540376467e-02,0.000000000000000000e+00,6.666666666666666297e-01,2.568471474404754318e-01,-9.281355226973226902e-01
1.000000000000000000e+00,3.857739048782386493e-01,9.694647101695538227e-01,0.000000000000000000e+00,0.000000000000000000e+00,6.666666666666666297e-01,2.598556418624738962e-01,-9.281355226973226902e-01
1.000000000000000000e+00,3.908472600597858726e-01,9.694942037648394129e-01,9.518818563261567667e-02,0.000000000000000000e+00,6.666666666666666297e-01,2.586251111225141286e-01,-9.281355226973226902e-01
1.000000000000000000e+00,3.908472600597858726e-01,9.694942037648394129e-01,9.518818563261567667e-02,0.000000000000000000e+00,6.666666666666666297e-01,2.586251111225141286e-01,-9.281355226973226902e-01
1.000000000000000000e+00,3.724213146580119815e-01,9.687651763524713910e-01,9.535292395446315350e-02,2.744875488653888973e-01,6.666666666666666297e-01,2.647299183181752169e-01,-9.312924686305560362e-01
1.000000000000000000e+00,3.724213146580119815e-01,9.687651763524713910e-01,9.535292395446315350e-02,2.744875488653888973e-01,6.666666666666666297e-01,2.647299183181752169e-01,-9.312924686305560362e-01
1.000000000000000000e+00,3.724213146580119815e-01,9.687651763524713910e-01,9.535292395446315350e-02,2.744875488653888973e-01,6.666666666666666297e-01,2.647299183181752169e-01,-9.312924686305560362e-01
1.000000000000000000e+00,3.724213146580119815e-01,9.687651763524713910e-01,9.535292395446315350e-02,2.744875488653888973e-01,6.666666666666666297e-01,2.647299183181752169e-01,-9.312924686305560362e-01
1.000000000000000000e+00,3.778044161951743529e-01,9.694910526864813916e-01,9.521468069048340255e-02,2.747976795791792770e-01,6.666666666666666297e-01,2.650375115130077508e-01,-9.312924686305560362e-01
1.000000000000000000e+00,3.750798682505266934e-01,9.687682026983865935e-01,3.077364620019744021e-02,2.744885442355948224e-01,6.666666666666666297e-01,2.666207638685652026e-01,-9.398556726028922670e-01
1.000000000000000000e+00,3.750798682505266934e-01,9.687682026983865935e-01,3.077364620019744021e-02,2.744885442355948224e-01,6.666666666666666297e-01,2.666207638685652026e-01,-9.398556726028922670e-01
1.000000000000000000e+00,3.750798682505266934e-01,9.687682026983865935e-01,3.077364620019744021e-02,2.744885442355948224e-01,6.666666666666666297e-01,2.666207638685652026e-01,-9.398556726028922670e-01
1.000000000000000000e+00,3.750798682505266934e-01,9.687682026983865935e-01,3.077364620019744021e-02,2.744885442355948224e-01,6.666666666666666297e-01,2.666207638685652026e-01,-9.398556726028922670e-01
1.000000000000000000e+00,3.750798682505266934e-01,9.687682026983865935e-01,3.077364620019744021e-02,2.744885442355948224e-01,6.666666666666666297e-01,2.666207638685652026e-01,-9.398556726028922670e-01
1.000000000000000000e+00,3.750798682505266934e-01,9.687682026983865935e-01,3.077364620019744021e-02,2.744885442355948224e-01,6.666666666666666297e-01,2.666207638685652026e-01,-9.398556726028922670e-01
1.000000000000000000e+00,3.750798682505266934e-01,9.687682026983865935e-01,3.077364620019744021e-02,2.744885442355948224e-01,6.666666666666666297e-01,2.666207638685652026e-01,-9.398556726028922670e-01
1.000000000000000000e+00,3.750798682505266934e-01,9.687682026983865935e-01,3.077364620019744021e-02,2.744885442355948224e-01,6.666666666666666297e-01,2.666207638685652026e-01,-9.398556726028922670e-01
1.000000000000000000e+00,3.750798682505266934e-01,9.687682026983865935e-01,3.077364620019744021e-02,2.744885442355948224e-01,6.666666666666666297e-01,2.666207638685652026e-01,-9.398556726028922670e-01
1.000000000000000000e+00,3.750798682505266934e-01,9.687682026983865935e-01,3.077364620019744021e-02,2.744885442355948224e-01,6.666666666666666297e-01,2.666207638685652026e-01,-9.398556726028922670e-01
1.000000000000000000e+00,3.750798682505266934e-01,9.687682026983865935e-01,3.077364620019744021e-02,2.744885442355948224e-01,6.666666666666666297e-01,2.666207638685652026e-01,-9.398556726028922670e-01
1.000000000000000000e+00,3.750793527934162541e-01,9.694910527404833056e-01,3.042115483199142600e-02,2.748152612523929172e-01,6.666666666666666297e-01,2.667044062109809599e-01,-9.398556726028922670e-01
9.821541678681268150e-01,3.775187539799868541e-01,9.694910527404833056e-01,0.000000000000000000e+00,2.748152612523929172e-01,6.666666666666666297e-01,2.697988092889752609e-01,-9.398556726028922670e-01
1.000000000000000000e+00,3.689504223106819802e-01,9.685318336836028497e-01,9.524349171521939716e-02,8.008143690982370000e-01,6.666666666666666297e-01,2.719540204010073570e-01,-9.503255390351014187e-01
1.000000000000000000e+00,3.689504223106819802e-01,9.685318336836028497e-01,9.524349171521939716e-02,8.008143690982370000e-01,6.666666666666666297e-01,2.719540204010073570e-01,-9.503255390351014187e-01
1.000000000000000000e+00,3.689504223106819802e-01,9.685318336836028497e-01,9.524349171521939716e-02,8.008143690982370000e-01,6.666666666666666297e-01,2.719540204010073570e-01,-9.503255390351014187e-01
1.000000000000000000e+00,3.689504223106819802e-01,9.685318336836028497e-01,9.524349171521939716e-02,8.008143690982370000e-01,6.666666666666666297e-01,2.719540204010073570e-01,-9.503255390351014187e-01
1.000000000000000000e+00,3.689504223106819802e-01,9.685318336836028497e-01,9.524349171521939716e-02,8.008143690982370000e-01,6.666666666666666297e-01,2.719540204010073570e-01,-9.503255390351014187e-01
1.000000000000000000e+00,3.689504223106819802e-01,9.685318336836028497e-01,9.524349171521939716e-02,8.008143690982370000e-01,6.666666666666666297e-01,2.719540204010073570e-01,-9.503255390351014187e-01
1.000000000000000000e+00,3.689504223106819802e-01,9.685318336836028497e-01,9.524349171521939716e-02,8.008143690982370000e-01,6.666666666666666297e-01,2.719540204010073570e-01,-9.503255390351014187e-01
1.000000000000000000e+00,3.689504223106819802e-01,9.685318336836028497e-01,9.524349171521939716e-02,8.008143690982370000e-01,6.666666666666666297e-01,2.719540204010073570e-01,-9.503255390351014187e-01
1.000000000000000000e+00,3.689504223106819802e-01,9.685318336836028497e-01,9.524349171521939716e-02,8.008143690982370000e-01,6.666666666666666297e-01,2.719540204010073570e-01,-9.503255390351014187e-01
1.000000000000000000e+00,3.689504223106819802e-01,9.685318336836028497e-01,9.524349171521939716e-02,8.008143690982370000e-01,6.666666666666666297e-01,2.719540204010073570e-01,-9.503255390351014187e-01
1.000000000000000000e+00,3.689504223106819802e-01,9.685318336836028497e-01,9.524349171521939716e-02,8.008143690982370000e-01,6.666666666666666297e-01,2.719540204010073570e-01,-9.503255390351014187e-01
1.000000000000000000e+00,3.689504223106819802e-01,9.685318336836028497e-01,9.524349171521939716e-02,8.008143690982370000e-01,6.666666666666666297e-01,2.719540204010073570e-01,-9.503255390351014187e-01
1.000000000000000000e+00,3.689504223106819802e-01,9.685318336836035158e-01,9.524349171521939716e-02,8.008143690982370000e-01,6.666666666666666297e-01,2.719540204010073570e-01,-9.503255390351014187e-01
1.000000000000000000e+00,3.689504223106819802e-01,9.685318336836035158e-01,9.524349171521939716e-02,8.008143690982370000e-01,6.666666666666666297e-01,2.719540204010073570e-01,-9.503255390351014187e-01
1.000000000000000000e+00,3.689504223106819802e-01,9.685318336836035158e-01,9.524349171521939716e-02,8.008143690982370000e-01,6.666666666666666297e-01,2.719540204010073570e-01,-9.503255390351014187e-01
1.000000000000000000e+00,3.689504223106819802e-01,9.685318336836035158e-01,9.524349171521939716e-02,8.008143690982370000e-01,6.666666666666666297e-01,2.719540204010073570e-01,-9.503255390351014187e-01
1.000000000000000000e+00,3.689504223106819802e-01,9.685318336836035158e-01,9.524349171521939716e-02,8.008143690982370000e-01,6.666666666666666297e-01,2.719540204010073570e-01,-9.503255390351014187e-01
1.000000000000000000e+00,3.689504223106819802e-01,9.685318336836035158e-01,9.524349171521939716e-02,8.008143690982370000e-01,6.666666666666666297e-01,2.719540204010073570e-01,-9.503255390351014187e-01
9.710113424855558728e-01,5.625052832149384230e-01,9.781016469048956496e-01,5.067164767474784115e-02,9.005317210540421113e-01,6.666666666666666297e-01,2.943123328858027188e-01,-9.503255390351014187e-01
