5.000000000000000000e+02,3.914279999999999843e-02
1.000000000000000000e+03,3.881749999999999784e-02
1.500000000000000000e+03,4.524299999999999849e-02
2.000000000000000000e+03,4.671270000000000283e-02
2.500000000000000000e+03,4.699020000000000280e-02
3.000000000000000000e+03,4.700819999999999999e-02
3.500000000000000000e+03,4.702089999999999742e-02
4.000000000000000000e+03,4.904229999999999701e-02
4.500000000000000000e+03,4.872529999999999917e-02
5.000000000000000000e+03,4.886109999999999759e-02
5.500000000000000000e+03,4.851079999999999975e-02
6.000000000000000000e+03,4.851699999999999763e-02
6.500000000000000000e+03,4.852259999999999907e-02
7.000000000000000000e+03,4.852540000000000325e-02
7.500000000000000000e+03,4.776740000000000153e-02
8.000000000000000000e+03,4.780240000000000183e-02
8.500000000000000000e+03,4.781169999999999864e-02
9.000000000000000000e+03,4.782820000000000127e-02
9.500000000000000000e+03,4.880070000000000241e-02
1.000000000000000000e+04,4.881289999999999935e-02
1.050000000000000000e+04,4.886879999999999696e-02
1.100000000000000000e+04,4.888900000000000190e-02
1.150000000000000000e+04,4.818270000000000192e-02
1.200000000000000000e+04,4.846090000000000120e-02
1.250000000000000000e+04,4.846090000000000120e-02
1.300000000000000000e+04,4.846070000000000239e-02
1.350000000000000000e+04,4.846910000000000107e-02
1.400000000000000000e+04,4.846969999999999751e-02
1.450000000000000000e+04,4.847019999999999801e-02
1.500000000000000000e+04,4.847180000000000238e-02
1.550000000000000000e+04,4.848609999999999726e-02
1.600000000000000000e+04,4.848990000000000244e-02
1.650000000000000000e+04,4.849049999999999888e-02
1.700000000000000000e+04,4.849269999999999969e-02
1.750000000000000000e+04,4.849599999999999744e-02
1.800000000000000000e+04,4.849769999999999776e-02
1.850000000000000000e+04,4.849950000000000094e-02
1.900000000000000000e+04,4.850229999999999819e-02
1.950000000000000000e+04,4.851069999999999688e-02
2.000000000000000000e+04,4.851189999999999669e-02
2.050000000000000000e+04,4.851420000000000038e-02
2.100000000000000000e+04,4.851430000000000325e-02
2.150000000000000000e+04,4.851459999999999800e-02
2.200000000000000000e+04,4.851509999999999850e-02
2.250000000000000000e+04,4.851629999999999832e-02
2.300000000000000000e+04,4.851629999999999832e-02
2.350000000000000000e+04,4.851660000000000000e-02
2.400000000000000000e+04,4.851660000000000000e-02
2.450000000000000000e+04,4.851660000000000000e-02
2.500000000000000000e+04,4.851670000000000288e-02
2.550000000000000000e+04,4.851740000000000219e-02
2.600000000000000000e+04,4.851740000000000219e-02
2.650000000000000000e+04,4.851849999999999913e-02
2.700000000000000000e+04,4.851849999999999913e-02
2.750000000000000000e+04,4.852469999999999700e-02
2.800000000000000000e+04,4.852469999999999700e-02
2.850000000000000000e+04,4.852469999999999700e-02
2.900000000000000000e+04,4.852510000000000157e-02
2.950000000000000000e+04,4.852510000000000157e-02
3.000000000000000000e+04,4.853009999999999963e-02
3.050000000000000000e+04,4.853060000000000013e-02
3.100000000000000000e+04,4.853960000000000219e-02
3.150000000000000000e+04,4.852950000000000319e-02
3.200000000000000000e+04,4.855099999999999694e-02
3.250000000000000000e+04,4.855330000000000062e-02
3.300000000000000000e+04,4.857109999999999900e-02
3.350000000000000000e+04,4.857109999999999900e-02
3.400000000000000000e+04,4.857820000000000193e-02
3.450000000000000000e+04,4.858130000000000087e-02
3.500000000000000000e+04,4.858559999999999962e-02
3.550000000000000000e+04,4.859179999999999749e-02
3.600000000000000000e+04,4.859179999999999749e-02
3.650000000000000000e+04,4.859179999999999749e-02
3.700000000000000000e+04,4.859209999999999918e-02
3.750000000000000000e+04,4.859209999999999918e-02
3.800000000000000000e+04,4.859240000000000087e-02
3.850000000000000000e+04,4.859240000000000087e-02
3.900000000000000000e+04,4.859249999999999681e-02
3.950000000000000000e+04,4.859249999999999681e-02
4.000000000000000000e+04,4.859249999999999681e-02
4.050000000000000000e+04,4.859249999999999681e-02
4.100000000000000000e+04,4.859249999999999681e-02
4.150000000000000000e+04,4.859259999999999968e-02
4.200000000000000000e+04,4.859259999999999968e-02
4.250000000000000000e+04,4.859259999999999968e-02
4.300000000000000000e+04,4.859259999999999968e-02
4.350000000000000000e+04,4.859259999999999968e-02
4.400000000000000000e+04,4.859279999999999849e-02
4.450000000000000000e+04,4.859299999999999731e-02
4.500000000000000000e+04,4.859299999999999731e-02
4.550000000000000000e+04,4.859299999999999731e-02
4.600000000000000000e+04,4.859360000000000068e-02
4.650000000000000000e+04,4.859369999999999662e-02
4.700000000000000000e+04,4.859379999999999949e-02
4.750000000000000000e+04,4.859390000000000237e-02
4.800000000000000000e+04,4.859390000000000237e-02
4.850000000000000000e+04,4.859449999999999881e-02
4.900000000000000000e+04,4.859519999999999812e-02
4.950000000000000000e+04,4.859610000000000318e-02
5.000000000000000000e+04,4.874030000000000029e-02
5.050000000000000000e+04,4.874699999999999867e-02
5.100000000000000000e+04,4.876799999999999885e-02
5.150000000000000000e+04,4.877399999999999791e-02
5.200000000000000000e+04,4.877440000000000248e-02
5.250000000000000000e+04,4.904780000000000251e-02
5.300000000000000000e+04,4.904530000000000001e-02
5.350000000000000000e+04,4.904530000000000001e-02
5.400000000000000000e+04,4.904900000000000232e-02
5.450000000000000000e+04,4.904900000000000232e-02
5.500000000000000000e+04,4.904920000000000113e-02
5.550000000000000000e+04,4.904920000000000113e-02
5.600000000000000000e+04,4.904970000000000163e-02
5.650000000000000000e+04,4.905029999999999807e-02
5.700000000000000000e+04,4.905029999999999807e-02
5.750000000000000000e+04,4.905299999999999938e-02
5.800000000000000000e+04,4.905299999999999938e-02
5.850000000000000000e+04,4.905439999999999801e-02
5.900000000000000000e+04,4.905439999999999801e-02
5.950000000000000000e+04,4.905450000000000088e-02
6.000000000000000000e+04,4.905480000000000257e-02
