1.000000000000000000e+00,3.200650212944157746e-01,5.922594073513268720e-01,1.000000000000000000e+00,0.000000000000000000e+00,1.111111111111111049e-01,2.188057492671829918e-01,-4.997963303778780730e-01
1.000000000000000000e+00,3.250033331813004245e-01,8.031511944978443340e-01,1.000000000000000000e+00,0.000000000000000000e+00,1.111111111111111049e-01,2.218542009687668182e-01,-5.833601045977830912e-01
1.000000000000000000e+00,3.253537326314897560e-01,8.850939489123177406e-01,1.000000000000000000e+00,0.000000000000000000e+00,1.111111111111111049e-01,2.241535501789124751e-01,-6.266612229200664297e-01
1.000000000000000000e+00,3.253537318541906975e-01,9.314656155153744344e-01,1.000000000000000000e+00,0.000000000000000000e+00,1.111111111111111049e-01,2.258486514697432834e-01,-6.489025709377428397e-01
1.000000000000000000e+00,3.303911216300919329e-01,9.770311677181814369e-01,1.000000000000000000e+00,0.000000000000000000e+00,1.111111111111111049e-01,2.275159343580984150e-01,-6.717250422970819645e-01
9.999999994110936319e-01,3.350053425726377543e-01,9.339591342570006116e-01,8.096300693484004274e-01,0.000000000000000000e+00,1.111111111111111049e-01,2.296861004964798336e-01,-6.742456791641385783e-01
1.000000000000000000e+00,3.343529399596072427e-01,9.771060465967046360e-01,8.083975707672014233e-01,0.000000000000000000e+00,1.111111111111111049e-01,2.314171228435151773e-01,-6.830368066466697696e-01
1.000000000000000000e+00,3.357465218485135572e-01,9.377808650479214636e-01,6.681913755085001627e-01,0.000000000000000000e+00,1.111111111111111049e-01,2.325836308068277569e-01,-7.030057076223399370e-01
9.999946594955052559e-01,3.345274042893048860e-01,9.649880538395925189e-01,6.985931657056211330e-01,0.000000000000000000e+00,1.111111111111111049e-01,2.332510211634992170e-01,-7.105926688777635114e-01
1.000000000000000000e+00,3.351919811812545946e-01,9.377808650479214636e-01,5.763266901335459824e-01,0.000000000000000000e+00,1.111111111111111049e-01,2.346487644476779599e-01,-7.198204468574077586e-01
9.999999625947408877e-01,3.422766463193954722e-01,9.530085943799214698e-01,5.778068719050387658e-01,0.000000000000000000e+00,1.111111111111111049e-01,2.351967198737856812e-01,-7.337383648114453871e-01
9.994845079333946058e-01,3.422565520168541764e-01,1.000000000000000000e+00,6.121793623941045315e-01,0.000000000000000000e+00,1.111111111111111049e-01,2.366712841044220639e-01,-7.347106107654303164e-01
1.000000000000000000e+00,3.435555809380310688e-01,9.238277022863713439e-01,3.814995429406680127e-01,0.000000000000000000e+00,1.111111111111111049e-01,2.378788785005044870e-01,-7.455630255996071876e-01
1.000000000000000000e+00,3.455745626684672556e-01,9.727130569054959208e-01,4.684474429121058270e-01,0.000000000000000000e+00,1.111111111111111049e-01,2.384601487104666129e-01,-7.480037472787252062e-01
1.000000000000000000e+00,3.453541946877783930e-01,9.238277022863714549e-01,3.388911728928815648e-01,0.000000000000000000e+00,1.111111111111111049e-01,2.387952056028092018e-01,-7.585977268662308370e-01
1.000000000000000000e+00,3.457907458880662976e-01,9.962607969146738407e-01,4.690752289467652325e-01,0.000000000000000000e+00,1.111111111111111049e-01,2.396729318133056508e-01,-7.867296014243397861e-01
1.000000000000000000e+00,3.457907458880662976e-01,9.962607969146738407e-01,4.690752289467652325e-01,0.000000000000000000e+00,1.111111111111111049e-01,2.396729318133056508e-01,-7.867296014243397861e-01
1.000000000000000000e+00,3.457907458880662976e-01,9.962607969146738407e-01,4.690752289467652325e-01,0.000000000000000000e+00,1.111111111111111049e-01,2.396729318133056508e-01,-7.867296014243397861e-01
1.000000000000000000e+00,3.457907458880662976e-01,9.962607969146738407e-01,4.690752289467652325e-01,0.000000000000000000e+00,1.111111111111111049e-01,2.396729318133056508e-01,-7.867296014243397861e-01
1.000000000000000000e+00,3.458352651268334910e-01,1.000000000000000000e+00,4.486169917455440914e-01,0.000000000000000000e+00,1.111111111111111049e-01,2.403741827863727365e-01,-7.867296014243397861e-01
1.000000000000000000e+00,3.509238763661293725e-01,9.420574614913207467e-01,2.393291100262957272e-01,0.000000000000000000e+00,1.111111111111111049e-01,2.420137898943841848e-01,-7.876482690618149540e-01
1.000000000000000000e+00,3.509238763661293725e-01,9.420574614913207467e-01,2.039114164943017227e-01,0.000000000000000000e+00,1.111111111111111049e-01,2.428223748988243280e-01,-8.033275758457266713e-01
1.000000000000000000e+00,3.509238763661293725e-01,9.420574614913207467e-01,2.039114164943017227e-01,0.000000000000000000e+00,1.111111111111111049e-01,2.428223748988243280e-01,-8.033275758457266713e-01
1.000000000000000000e+00,3.509238763661293725e-01,9.420574614913207467e-01,2.039114164943017227e-01,0.000000000000000000e+00,1.111111111111111049e-01,2.428223748988243280e-01,-8.033275758457266713e-01
1.000000000000000000e+00,3.509238763661293725e-01,9.443946985109303860e-01,2.038603950992677605e-01,0.000000000000000000e+00,1.111111111111111049e-01,2.429599359858448382e-01,-8.033275758457266713e-01
1.000000000000000000e+00,3.525043180866090364e-01,9.338208224149548986e-01,1.404390520949123367e-01,0.000000000000000000e+00,1.111111111111111049e-01,2.438391402736469205e-01,-8.203790693600215844e-01
1.000000000000000000e+00,3.525043180866090364e-01,9.338208224149548986e-01,1.404390520949123367e-01,0.000000000000000000e+00,1.111111111111111049e-01,2.438391402736469205e-01,-8.203790693600215844e-01
1.000000000000000000e+00,3.525043180866090364e-01,9.338208224149548986e-01,1.404390520949123367e-01,0.000000000000000000e+00,1.111111111111111049e-01,2.438391402736469205e-01,-8.203790693600215844e-01
1.000000000000000000e+00,3.525043180866090364e-01,9.338208224149548986e-01,1.404390520949123367e-01,0.000000000000000000e+00,1.111111111111111049e-01,2.438391402736469205e-01,-8.203790693600215844e-01
1.000000000000000000e+00,3.525043180866090364e-01,9.338208224149548986e-01,1.404390520949123367e-01,0.000000000000000000e+00,1.111111111111111049e-01,2.438391402736469205e-01,-8.203790693600215844e-01
1.000000000000000000e+00,3.526302584813648111e-01,9.342576695029003453e-01,1.402108643963687340e-01,0.000000000000000000e+00,1.111111111111111049e-01,2.438709283658238025e-01,-8.203790693600215844e-01
1.000000000000000000e+00,3.526528733805588955e-01,9.791853941274427653e-01,2.263521069918556505e-01,0.000000000000000000e+00,1.111111111111111049e-01,2.444996503116567410e-01,-8.327473898809083508e-01
1.000000000000000000e+00,3.526528733805588955e-01,9.791853941274427653e-01,2.263521069918556505e-01,0.000000000000000000e+00,1.111111111111111049e-01,2.444996503116567410e-01,-8.327473898809083508e-01
1.000000000000000000e+00,3.526528733805588955e-01,9.791853941274427653e-01,2.263521069918556505e-01,0.000000000000000000e+00,1.111111111111111049e-01,2.444996503116567410e-01,-8.327473898809083508e-01
1.000000000000000000e+00,3.526528733805588955e-01,9.791853941274427653e-01,2.263521069918556505e-01,0.000000000000000000e+00,1.111111111111111049e-01,2.444996503116567410e-01,-8.327473898809083508e-01
1.000000000000000000e+00,3.526528733805588955e-01,9.791853941274427653e-01,2.263521069918556505e-01,0.000000000000000000e+00,1.111111111111111049e-01,2.444996503116567410e-01,-8.327473898809083508e-01
1.000000000000000000e+00,3.526302584813648111e-01,9.791864853589049567e-01,2.255024973776435238e-01,0.000000000000000000e+00,1.111111111111111049e-01,2.445217590866759216e-01,-8.327473898809083508e-01
1.000000000000000000e+00,3.553591724222275317e-01,9.657890513932724241e-01,1.404530527533769113e-01,0.000000000000000000e+00,1.111111111111111049e-01,2.458159295962348279e-01,-8.547751126098713792e-01
1.000000000000000000e+00,3.553591724222275317e-01,9.657890513932724241e-01,1.404530527533769113e-01,0.000000000000000000e+00,1.111111111111111049e-01,2.458159295962348279e-01,-8.547751126098713792e-01
1.000000000000000000e+00,3.553591724222275317e-01,9.657890513932724241e-01,1.404530527533769113e-01,0.000000000000000000e+00,1.111111111111111049e-01,2.458159295962348279e-01,-8.547751126098713792e-01
1.000000000000000000e+00,3.553591724222275317e-01,9.657890513932724241e-01,1.404530527533769113e-01,0.000000000000000000e+00,1.111111111111111049e-01,2.458159295962348279e-01,-8.547751126098713792e-01
1.000000000000000000e+00,3.553966246516425120e-01,9.657890513932720911e-01,1.404530527533769113e-01,0.000000000000000000e+00,1.111111111111111049e-01,2.458159626956518962e-01,-8.547751126098713792e-01
1.000000000000000000e+00,3.553591724222275317e-01,9.657890513932724241e-01,1.404530527533769113e-01,0.000000000000000000e+00,1.111111111111111049e-01,2.458159295962348279e-01,-8.547751126098713792e-01
1.000000000000000000e+00,3.553558036902965678e-01,9.657890513932724241e-01,1.404530527533769113e-01,0.000000000000000000e+00,1.111111111111111049e-01,2.458159281049644707e-01,-8.547751126098713792e-01
1.000000000000000000e+00,3.553558036902965678e-01,9.657890513932724241e-01,1.404530527533769113e-01,0.000000000000000000e+00,1.111111111111111049e-01,2.458159281049644707e-01,-8.547751126098713792e-01
1.000000000000000000e+00,3.553558036902965678e-01,9.657890513932724241e-01,1.404530527533769113e-01,0.000000000000000000e+00,1.111111111111111049e-01,2.458159281049644707e-01,-8.547751126098713792e-01
1.000000000000000000e+00,3.553940638074063463e-01,9.657890513932724241e-01,1.404530527533769113e-01,0.000000000000000000e+00,1.111111111111111049e-01,2.458159594680962845e-01,-8.547751126098713792e-01
1.000000000000000000e+00,3.553558036902965678e-01,9.657890513932724241e-01,1.404530527533769113e-01,0.000000000000000000e+00,1.111111111111111049e-01,2.458159281049644707e-01,-8.547751126098713792e-01
1.000000000000000000e+00,3.553558036902965678e-01,9.657890513932724241e-01,1.404530527533769113e-01,0.000000000000000000e+00,1.111111111111111049e-01,2.458159281049644707e-01,-8.547751126098713792e-01
1.000000000000000000e+00,3.553970465586316352e-01,9.657890513932720911e-01,1.404530527533769113e-01,0.000000000000000000e+00,1.111111111111111049e-01,2.458159632409676332e-01,-8.547751126098713792e-01
1.000000000000000000e+00,3.553970465586316352e-01,9.657890513932720911e-01,1.404530527533769113e-01,0.000000000000000000e+00,1.111111111111111049e-01,2.458159632409676332e-01,-8.547751126098713792e-01
1.000000000000000000e+00,3.553970465586316352e-01,9.657890513932720911e-01,1.404530527533769113e-01,0.000000000000000000e+00,1.111111111111111049e-01,2.458159632409676332e-01,-8.547751126098713792e-01
1.000000000000000000e+00,3.553970465586316352e-01,9.657890513932720911e-01,1.404530527533769113e-01,0.000000000000000000e+00,1.111111111111111049e-01,2.458159632409676332e-01,-8.547751126098713792e-01
1.000000000000000000e+00,3.584742624729058136e-01,9.657890512516421611e-01,1.400442429774712561e-01,0.000000000000000000e+00,1.111111111111111049e-01,2.459221493222862598e-01,-8.547751126098713792e-01
1.000000000000000000e+00,3.563506527237214061e-01,9.657890512530699079e-01,1.041603323336534326e-01,0.000000000000000000e+00,1.111111111111111049e-01,2.467470405128542876e-01,-8.569085255209456520e-01
1.000000000000000000e+00,3.563506527237214061e-01,9.657890512530699079e-01,1.041603323336534326e-01,0.000000000000000000e+00,1.111111111111111049e-01,2.467470405128542876e-01,-8.569085255209456520e-01
1.000000000000000000e+00,3.557677216027931300e-01,9.657890512729774279e-01,1.037166735925709876e-01,0.000000000000000000e+00,1.111111111111111049e-01,2.467676577114894798e-01,-8.569085255209456520e-01
1.000000000000000000e+00,3.583885623059001602e-01,9.657890512528825022e-01,7.013519886061718445e-02,0.000000000000000000e+00,1.111111111111111049e-01,2.476344178629837078e-01,-8.624029061396992768e-01
1.000000000000000000e+00,3.583885623059001602e-01,9.657890512528825022e-01,7.013519886061718445e-02,0.000000000000000000e+00,1.111111111111111049e-01,2.476344178629837078e-01,-8.624029061396992768e-01
1.000000000000000000e+00,3.583885623059001602e-01,9.657890512528825022e-01,7.013519886061718445e-02,0.000000000000000000e+00,1.111111111111111049e-01,2.476344178629837078e-01,-8.624029061396992768e-01
1.000000000000000000e+00,3.583885623059001602e-01,9.657890512528825022e-01,7.013519886061718445e-02,0.000000000000000000e+00,1.111111111111111049e-01,2.476344178629837078e-01,-8.624029061396992768e-01
1.000000000000000000e+00,3.583885623059001602e-01,9.657890512528825022e-01,7.013519886061718445e-02,0.000000000000000000e+00,1.111111111111111049e-01,2.476344178629837078e-01,-8.624029061396992768e-01
1.000000000000000000e+00,3.583885623059001602e-01,9.657890512528825022e-01,7.013519886061718445e-02,0.000000000000000000e+00,1.111111111111111049e-01,2.476344178629837078e-01,-8.624029061396992768e-01
1.000000000000000000e+00,3.585450204141633068e-01,9.657890368211509147e-01,7.007861035387734361e-02,0.000000000000000000e+00,1.111111111111111049e-01,2.476371075977623071e-01,-8.624029061396992768e-01
1.000000000000000000e+00,3.589264014753041354e-01,9.882791527927665687e-01,1.041599104576371171e-01,0.000000000000000000e+00,1.111111111111111049e-01,2.482522126797620521e-01,-8.696036921552440235e-01
1.000000000000000000e+00,3.589264014753041354e-01,9.882791527927665687e-01,1.041599104576371171e-01,0.000000000000000000e+00,1.111111111111111049e-01,2.482522126797620521e-01,-8.696036921552440235e-01
1.000000000000000000e+00,3.589264014753041354e-01,9.882791527927665687e-01,1.041599104576371171e-01,0.000000000000000000e+00,1.111111111111111049e-01,2.482522126797620521e-01,-8.696036921552440235e-01
1.000000000000000000e+00,3.589264014753041354e-01,9.882791527927665687e-01,1.041599104576371171e-01,0.000000000000000000e+00,1.111111111111111049e-01,2.482522126797620521e-01,-8.696036921552440235e-01
1.000000000000000000e+00,3.589264014753041354e-01,9.882791527927665687e-01,1.041599104576371171e-01,0.000000000000000000e+00,1.111111111111111049e-01,2.482522126797620521e-01,-8.696036921552440235e-01
1.000000000000000000e+00,3.589264014753041354e-01,9.882791527927665687e-01,1.041599104576371171e-01,0.000000000000000000e+00,1.111111111111111049e-01,2.482522126797620521e-01,-8.696036921552440235e-01
1.000000000000000000e+00,3.589264014753041354e-01,9.882791527927665687e-01,1.041599104576371171e-01,0.000000000000000000e+00,1.111111111111111049e-01,2.482522126797620521e-01,-8.696036921552440235e-01
1.000000000000000000e+00,3.589264014753041354e-01,9.882791527927665687e-01,1.041599104576371171e-01,0.000000000000000000e+00,1.111111111111111049e-01,2.482522126797620521e-01,-8.696036921552440235e-01
1.000000000000000000e+00,3.589264014753041354e-01,9.882791527927665687e-01,1.041599104576371171e-01,0.000000000000000000e+00,1.111111111111111049e-01,2.482522126797620521e-01,-8.696036921552440235e-01
1.000000000000000000e+00,3.589264014753041354e-01,9.882791527927665687e-01,1.041599104576371171e-01,0.000000000000000000e+00,1.111111111111111049e-01,2.482522126797620521e-01,-8.696036921552440235e-01
1.000000000000000000e+00,3.589264014753041354e-01,9.882791527927665687e-01,1.041599104576371171e-01,0.000000000000000000e+00,1.111111111111111049e-01,2.482522126797620521e-01,-8.696036921552440235e-01
1.000000000000000000e+00,3.589264014753041354e-01,9.882791527927665687e-01,1.041599104576371171e-01,0.000000000000000000e+00,1.111111111111111049e-01,2.482522126797620521e-01,-8.696036921552440235e-01
1.000000000000000000e+00,3.648185184364710620e-01,9.893612200411558977e-01,9.513672572603554256e-02,0.000000000000000000e+00,1.111111111111111049e-01,2.488290474105242234e-01,-8.696036921552440235e-01
1.000000000000000000e+00,3.592352259970809647e-01,9.889730255118688307e-01,1.040710431340159114e-01,0.000000000000000000e+00,1.111111111111111049e-01,2.483027294729187040e-01,-8.696036921552440235e-01
1.000000000000000000e+00,3.592348814324600181e-01,9.882878900730824867e-01,1.040710431340159114e-01,0.000000000000000000e+00,1.111111111111111049e-01,2.482561957233002936e-01,-8.696036921552440235e-01
1.000000000000000000e+00,3.648185184364710620e-01,9.893612200411558977e-01,9.513672572603554256e-02,0.000000000000000000e+00,1.111111111111111049e-01,2.488290474105242234e-01,-8.696036921552440235e-01
1.000000000000000000e+00,3.651384307543925067e-01,9.947511798042594222e-01,9.588847663650355846e-02,1.535215593061689532e-02,1.111111111111111049e-01,2.497490813985094871e-01,-8.696036921552440235e-01
1.000000000000000000e+00,3.592779162813860561e-01,9.893535449311436913e-01,9.550673385348884548e-02,0.000000000000000000e+00,1.111111111111111049e-01,2.485610067044515814e-01,-8.696036921552440235e-01
1.000000000000000000e+00,3.569244691588803753e-01,9.657720029156655617e-01,1.035949553340984736e-01,7.908583887749189856e-01,1.111111111111111049e-01,2.611722194944960940e-01,-8.789032433972565617e-01
1.000000000000000000e+00,3.569244691588803753e-01,9.657720029156655617e-01,1.035949553340984736e-01,7.908583887749189856e-01,1.111111111111111049e-01,2.611722194944960940e-01,-8.789032433972565617e-01
1.000000000000000000e+00,3.569244691588803753e-01,9.657720029156655617e-01,1.035949553340984736e-01,7.908583887749189856e-01,1.111111111111111049e-01,2.611722194944960940e-01,-8.789032433972565617e-01
1.000000000000000000e+00,3.569244691588803753e-01,9.657720029156655617e-01,1.035949553340984736e-01,7.908583887749189856e-01,1.111111111111111049e-01,2.611722194944960940e-01,-8.789032433972565617e-01
1.000000000000000000e+00,3.569244691588803753e-01,9.657720029156655617e-01,1.035949553340984736e-01,7.908583887749189856e-01,1.111111111111111049e-01,2.611722194944960940e-01,-8.789032433972565617e-01
1.000000000000000000e+00,3.569244691588803753e-01,9.657720029156655617e-01,1.035949553340984736e-01,7.908583887749189856e-01,1.111111111111111049e-01,2.611722194944960940e-01,-8.789032433972565617e-01
1.000000000000000000e+00,3.569244691588803753e-01,9.657720029156655617e-01,1.035949553340984736e-01,7.908583887749189856e-01,1.111111111111111049e-01,2.611722194944960940e-01,-8.789032433972565617e-01
1.000000000000000000e+00,3.569244691588803753e-01,9.657720029156655617e-01,1.035949553340984736e-01,7.908583887749189856e-01,1.111111111111111049e-01,2.611722194944960940e-01,-8.789032433972565617e-01
1.000000000000000000e+00,3.569244691588803753e-01,9.657720029156655617e-01,1.035949553340984736e-01,7.908583887749189856e-01,1.111111111111111049e-01,2.611722194944960940e-01,-8.789032433972565617e-01
1.000000000000000000e+00,3.569244691588803753e-01,9.657720029156655617e-01,1.035949553340984736e-01,7.908583887749189856e-01,1.111111111111111049e-01,2.611722194944960940e-01,-8.789032433972565617e-01
1.000000000000000000e+00,3.569244691588803753e-01,9.657720029156655617e-01,1.035949553340984736e-01,7.908583887749189856e-01,1.111111111111111049e-01,2.611722194944960940e-01,-8.789032433972565617e-01
1.000000000000000000e+00,3.569244691588803753e-01,9.657720029156655617e-01,1.035949553340984736e-01,7.908583887749189856e-01,1.111111111111111049e-01,2.611722194944960940e-01,-8.789032433972565617e-01
1.000000000000000000e+00,3.569244691588803753e-01,9.657720029156655617e-01,1.035949553340984736e-01,7.908583887749189856e-01,1.111111111111111049e-01,2.611722194944960940e-01,-8.789032433972565617e-01
1.000000000000000000e+00,3.569244691588803753e-01,9.657720029156655617e-01,1.035949553340984736e-01,7.908583887749189856e-01,1.111111111111111049e-01,2.611722194944960940e-01,-8.789032433972565617e-01
1.000000000000000000e+00,3.569244691588803753e-01,9.657720029156655617e-01,1.035949553340984736e-01,7.908583887749189856e-01,1.111111111111111049e-01,2.611722194944960940e-01,-8.789032433972565617e-01
1.000000000000000000e+00,3.569244691588803753e-01,9.657720029156655617e-01,1.035949553340984736e-01,7.908583887749189856e-01,1.111111111111111049e-01,2.611722194944960940e-01,-8.789032433972565617e-01
1.000000000000000000e+00,3.569244691588803753e-01,9.657720029156655617e-01,1.035949553340984736e-01,7.908583887749189856e-01,1.111111111111111049e-01,2.611722194944960940e-01,-8.789032433972565617e-01
1.000000000000000000e+00,4.111760369671422777e-01,9.837649229636756809e-01,6.454925883786788443e-02,9.667133634820169741e-01,1.111111111111111049e-01,2.737769304198737763e-01,-8.789032433972565617e-01
