1.000000000000000000e+00,3.181067525817057318e-01,5.927240699210312158e-01,1.000000000000000000e+00,0.000000000000000000e+00,0.000000000000000000e+00,2.170377620419073894e-01,-4.914259576007637409e-01
9.999594865387423370e-01,3.195537704945044521e-01,8.030291166148391113e-01,9.999875000413726012e-01,0.000000000000000000e+00,0.000000000000000000e+00,2.198830906653879702e-01,-5.733987283981532013e-01
9.998716014779243100e-01,3.259553083247599958e-01,8.714108024607212233e-01,9.999865376033792996e-01,0.000000000000000000e+00,0.000000000000000000e+00,2.219523753959910806e-01,-6.139534958029466694e-01
1.000000000000000000e+00,3.257761023984874216e-01,9.375227806958689181e-01,1.000000000000000000e+00,0.000000000000000000e+00,0.000000000000000000e+00,2.240209056474263272e-01,-6.306637974936492030e-01
1.000000000000000000e+00,3.275808445429065907e-01,9.813732102989937145e-01,1.000000000000000000e+00,0.000000000000000000e+00,0.000000000000000000e+00,2.256904548291268631e-01,-6.497920800394063612e-01
9.999999999992793542e-01,3.294087574994449819e-01,9.769050105557870456e-01,9.081761806312343976e-01,0.000000000000000000e+00,0.000000000000000000e+00,2.273747717610030972e-01,-6.601725814306247386e-01
1.000000000000000000e+00,3.336968883745894399e-01,9.140904376336838055e-01,7.098438665323202335e-01,0.000000000000000000e+00,0.000000000000000000e+00,2.288952354512089338e-01,-6.709212478336127328e-01
9.999999876273469868e-01,3.334801214014608828e-01,9.378615322648679031e-01,7.085062540479659665e-01,0.000000000000000000e+00,0.000000000000000000e+00,2.298157808947228764e-01,-6.863094372264040288e-01
1.000000000000000000e+00,3.336634394493572242e-01,9.585419430877795133e-01,6.912569002857948952e-01,0.000000000000000000e+00,0.000000000000000000e+00,2.310486264263837131e-01,-6.973437434907322485e-01
1.000000000000000000e+00,3.357269933780491211e-01,9.717717719553840006e-01,6.621014098870275921e-01,0.000000000000000000e+00,0.000000000000000000e+00,2.322318472383455568e-01,-7.064881432543158590e-01
9.999495933970616868e-01,3.336985852524625984e-01,9.855979932714467040e-01,6.609426771630619868e-01,0.000000000000000000e+00,0.000000000000000000e+00,2.330762610321429340e-01,-7.120704139366261787e-01
1.000000000000000000e+00,3.406248045281823900e-01,9.653913383625077893e-01,5.770436757316903531e-01,0.000000000000000000e+00,0.000000000000000000e+00,2.338019913838585984e-01,-7.213809293976628512e-01
1.000000000000000000e+00,3.422661634046339496e-01,9.355884305444350790e-01,4.549201969571898818e-01,0.000000000000000000e+00,0.000000000000000000e+00,2.350042486967724442e-01,-7.227713576080194713e-01
1.000000000000000000e+00,3.406299137058260706e-01,8.882163514127934256e-01,3.091292530026318319e-01,0.000000000000000000e+00,0.000000000000000000e+00,2.357359874278334155e-01,-7.391725907748607494e-01
1.000000000000000000e+00,3.407402107230919075e-01,9.604619305417558817e-01,4.687292520492767345e-01,0.000000000000000000e+00,0.000000000000000000e+00,2.358380461592492205e-01,-7.431634588220372706e-01
1.000000000000000000e+00,3.424117178383711546e-01,9.604220719029301634e-01,4.164376608621505049e-01,0.000000000000000000e+00,0.000000000000000000e+00,2.369866203975203311e-01,-7.553291157490923391e-01
1.000000000000000000e+00,3.424116676001570103e-01,9.604224600085465857e-01,4.164376608621505049e-01,0.000000000000000000e+00,0.000000000000000000e+00,2.369866409149327668e-01,-7.553291157490923391e-01
1.000000000000000000e+00,3.459573131580464533e-01,9.629067068127407092e-01,3.894180603971726384e-01,0.000000000000000000e+00,0.000000000000000000e+00,2.377666803410046492e-01,-7.553291157490923391e-01
1.000000000000000000e+00,3.460158163933226283e-01,9.420581504417194774e-01,3.131646652811794773e-01,0.000000000000000000e+00,0.000000000000000000e+00,2.383577250297045091e-01,-7.660740637409055864e-01
1.000000000000000000e+00,3.460158163933226283e-01,9.420581504417194774e-01,3.131646652811794773e-01,0.000000000000000000e+00,0.000000000000000000e+00,2.383577250297045091e-01,-7.660740637409055864e-01
1.000000000000000000e+00,3.457082668506580303e-01,9.194765764207699643e-01,2.316949476289173471e-01,0.000000000000000000e+00,0.000000000000000000e+00,2.389601907006819737e-01,-7.693885146934795749e-01
1.000000000000000000e+00,3.478409046806670846e-01,9.322494688447333644e-01,2.313305998406110509e-01,0.000000000000000000e+00,0.000000000000000000e+00,2.396739730831186910e-01,-7.714401764120007998e-01
1.000000000000000000e+00,3.477086220697711560e-01,9.791416522074114503e-01,3.133613268323301448e-01,0.000000000000000000e+00,0.000000000000000000e+00,2.403546106870579624e-01,-7.887680782036218252e-01
1.000000000000000000e+00,3.477086220697711560e-01,9.791416522074114503e-01,3.133613268323301448e-01,0.000000000000000000e+00,0.000000000000000000e+00,2.403546106870579624e-01,-7.887680782036218252e-01
1.000000000000000000e+00,3.477086220697711560e-01,9.791416522074114503e-01,3.133613268323301448e-01,0.000000000000000000e+00,0.000000000000000000e+00,2.403546106870579624e-01,-7.887680782036218252e-01
1.000000000000000000e+00,3.477086220697711560e-01,9.791416522074114503e-01,3.133613268323301448e-01,0.000000000000000000e+00,0.000000000000000000e+00,2.403546106870579624e-01,-7.887680782036218252e-01
1.000000000000000000e+00,3.461362346229813758e-01,9.791417286745163207e-01,3.088102450591095893e-01,0.000000000000000000e+00,0.000000000000000000e+00,2.404997051705687894e-01,-7.887680782036218252e-01
1.000000000000000000e+00,3.501734796980903175e-01,9.338345648286869860e-01,1.404444298496451693e-01,0.000000000000000000e+00,0.000000000000000000e+00,2.418585156400519798e-01,-8.025434079712773228e-01
1.000000000000000000e+00,3.501734796980903175e-01,9.338345648286869860e-01,1.404444298496451693e-01,0.000000000000000000e+00,0.000000000000000000e+00,2.418585156400519798e-01,-8.025434079712773228e-01
1.000000000000000000e+00,3.501734796980903175e-01,9.338345648286869860e-01,1.404444298496451693e-01,0.000000000000000000e+00,0.000000000000000000e+00,2.418585156400519798e-01,-8.025434079712773228e-01
1.000000000000000000e+00,3.501734796980903175e-01,9.338345648286869860e-01,1.404444298496451693e-01,0.000000000000000000e+00,0.000000000000000000e+00,2.418585156400519798e-01,-8.025434079712773228e-01
1.000000000000000000e+00,3.501734796980903175e-01,9.338345648286869860e-01,1.404444298496451693e-01,0.000000000000000000e+00,0.000000000000000000e+00,2.418585156400519798e-01,-8.025434079712773228e-01
1.000000000000000000e+00,3.506474669656243770e-01,9.338694326036437454e-01,1.404444298496451693e-01,0.000000000000000000e+00,0.000000000000000000e+00,2.418652053493852427e-01,-8.025434079712773228e-01
1.000000000000000000e+00,3.507734285994964507e-01,9.791705310543531438e-01,2.263163168415445459e-01,0.000000000000000000e+00,0.000000000000000000e+00,2.424692546149467831e-01,-8.206653896332989362e-01
1.000000000000000000e+00,3.507734285994964507e-01,9.791705310543531438e-01,2.263163168415445459e-01,0.000000000000000000e+00,0.000000000000000000e+00,2.424692546149467831e-01,-8.206653896332989362e-01
1.000000000000000000e+00,3.507734285994964507e-01,9.791705310543531438e-01,2.263163168415445459e-01,0.000000000000000000e+00,0.000000000000000000e+00,2.424692546149467831e-01,-8.206653896332989362e-01
1.000000000000000000e+00,3.507734285994964507e-01,9.791705310543531438e-01,2.263163168415445459e-01,0.000000000000000000e+00,0.000000000000000000e+00,2.424692546149467831e-01,-8.206653896332989362e-01
1.000000000000000000e+00,3.507734285994964507e-01,9.791705310543531438e-01,2.263163168415445459e-01,0.000000000000000000e+00,0.000000000000000000e+00,2.424692546149467831e-01,-8.206653896332989362e-01
1.000000000000000000e+00,3.507734285994964507e-01,9.791705310543531438e-01,2.263163168415445459e-01,0.000000000000000000e+00,0.000000000000000000e+00,2.424692546149467831e-01,-8.206653896332989362e-01
1.000000000000000000e+00,3.507734285994964507e-01,9.791705310543531438e-01,2.263163168415445459e-01,0.000000000000000000e+00,0.000000000000000000e+00,2.424692546149467831e-01,-8.206653896332989362e-01
1.000000000000000000e+00,3.507734285994964507e-01,9.791705310543531438e-01,2.263163168415445459e-01,0.000000000000000000e+00,0.000000000000000000e+00,2.424692546149467831e-01,-8.206653896332989362e-01
1.000000000000000000e+00,3.507734285994964507e-01,9.791705310543531438e-01,2.263163168415445459e-01,0.000000000000000000e+00,0.000000000000000000e+00,2.424692546149467831e-01,-8.206653896332989362e-01
1.000000000000000000e+00,3.528167494613199673e-01,9.804617849055163870e-01,2.254004012510671395e-01,0.000000000000000000e+00,0.000000000000000000e+00,2.426070445876372383e-01,-8.206653896332989362e-01
1.000000000000000000e+00,3.527984165078461576e-01,9.657706690170938524e-01,1.404507174050806662e-01,0.000000000000000000e+00,0.000000000000000000e+00,2.437943915665161665e-01,-8.369488546264728379e-01
1.000000000000000000e+00,3.527984165078461576e-01,9.657706690170938524e-01,1.404507174050806662e-01,0.000000000000000000e+00,0.000000000000000000e+00,2.437943915665161665e-01,-8.369488546264728379e-01
1.000000000000000000e+00,3.527984165078461576e-01,9.657706690170938524e-01,1.404507174050806662e-01,0.000000000000000000e+00,0.000000000000000000e+00,2.437943915665161665e-01,-8.369488546264728379e-01
1.000000000000000000e+00,3.527984165078461576e-01,9.657706690170938524e-01,1.404507174050806662e-01,0.000000000000000000e+00,0.000000000000000000e+00,2.437943915665161665e-01,-8.369488546264728379e-01
1.000000000000000000e+00,3.527984165078461576e-01,9.657706690170938524e-01,1.404507174050806662e-01,0.000000000000000000e+00,0.000000000000000000e+00,2.437943915665161665e-01,-8.369488546264728379e-01
1.000000000000000000e+00,3.527984165078461576e-01,9.657706690170938524e-01,1.404507174050806662e-01,0.000000000000000000e+00,0.000000000000000000e+00,2.437943915665161665e-01,-8.369488546264728379e-01
1.000000000000000000e+00,3.527984165078461576e-01,9.657706690170938524e-01,1.404507174050806662e-01,0.000000000000000000e+00,0.000000000000000000e+00,2.437943915665161665e-01,-8.369488546264728379e-01
1.000000000000000000e+00,3.527984165078461576e-01,9.657706690170938524e-01,1.404507174050806662e-01,0.000000000000000000e+00,0.000000000000000000e+00,2.437943915665161665e-01,-8.369488546264728379e-01
1.000000000000000000e+00,3.527984165078461576e-01,9.657706690170938524e-01,1.404507174050806662e-01,0.000000000000000000e+00,0.000000000000000000e+00,2.437943915665161665e-01,-8.369488546264728379e-01
1.000000000000000000e+00,3.527984165078461576e-01,9.657706690170938524e-01,1.404507174050806662e-01,0.000000000000000000e+00,0.000000000000000000e+00,2.437943915665161665e-01,-8.369488546264728379e-01
1.000000000000000000e+00,3.527984165078461576e-01,9.657706690170938524e-01,1.404507174050806662e-01,0.000000000000000000e+00,0.000000000000000000e+00,2.437943915665161665e-01,-8.369488546264728379e-01
1.000000000000000000e+00,3.527984165078461576e-01,9.657706690170938524e-01,1.404507174050806662e-01,0.000000000000000000e+00,0.000000000000000000e+00,2.437943915665161665e-01,-8.369488546264728379e-01
1.000000000000000000e+00,3.527984165078461576e-01,9.657706690170938524e-01,1.404507174050806662e-01,0.000000000000000000e+00,0.000000000000000000e+00,2.437943915665161665e-01,-8.369488546264728379e-01
1.000000000000000000e+00,3.527984165078461576e-01,9.657706690170938524e-01,1.404507174050806662e-01,0.000000000000000000e+00,0.000000000000000000e+00,2.437943915665161665e-01,-8.369488546264728379e-01
1.000000000000000000e+00,3.527984165078461576e-01,9.657706690170938524e-01,1.404507174050806662e-01,0.000000000000000000e+00,0.000000000000000000e+00,2.437943915665161665e-01,-8.369488546264728379e-01
1.000000000000000000e+00,3.527984165078461576e-01,9.657706690170938524e-01,1.404507174050806662e-01,0.000000000000000000e+00,0.000000000000000000e+00,2.437943915665161665e-01,-8.369488546264728379e-01
1.000000000000000000e+00,3.533325798983725785e-01,9.657706695164558486e-01,1.234260356044798584e-01,0.000000000000000000e+00,0.000000000000000000e+00,2.442258504256753504e-01,-8.439636902599016999e-01
1.000000000000000000e+00,3.533325798983725785e-01,9.657706695164558486e-01,1.234260356044798584e-01,0.000000000000000000e+00,0.000000000000000000e+00,2.442258504256753504e-01,-8.439636902599016999e-01
1.000000000000000000e+00,3.533325798983725785e-01,9.657706695164558486e-01,1.234260356044798584e-01,0.000000000000000000e+00,0.000000000000000000e+00,2.442258504256753504e-01,-8.439636902599016999e-01
1.000000000000000000e+00,3.533325798983725785e-01,9.657706695164558486e-01,1.234260356044798584e-01,0.000000000000000000e+00,0.000000000000000000e+00,2.442258504256753504e-01,-8.439636902599016999e-01
1.000000000000000000e+00,3.533325798983725785e-01,9.657706695164558486e-01,1.234260356044798584e-01,0.000000000000000000e+00,0.000000000000000000e+00,2.442258504256753504e-01,-8.439636902599016999e-01
1.000000000000000000e+00,3.533325798983725785e-01,9.657706695164558486e-01,1.234260356044798584e-01,0.000000000000000000e+00,0.000000000000000000e+00,2.442258504256753504e-01,-8.439636902599016999e-01
1.000000000000000000e+00,3.533325798983725785e-01,9.657706695164558486e-01,1.234260356044798584e-01,0.000000000000000000e+00,0.000000000000000000e+00,2.442258504256753504e-01,-8.439636902599016999e-01
1.000000000000000000e+00,3.533325798983725785e-01,9.657706695164558486e-01,1.234260356044798584e-01,0.000000000000000000e+00,0.000000000000000000e+00,2.442258504256753504e-01,-8.439636902599016999e-01
1.000000000000000000e+00,3.533325798983725785e-01,9.657706695164558486e-01,1.234260356044798584e-01,0.000000000000000000e+00,0.000000000000000000e+00,2.442258504256753504e-01,-8.439636902599016999e-01
1.000000000000000000e+00,3.533325798983725785e-01,9.657706695164558486e-01,1.234260356044798584e-01,0.000000000000000000e+00,0.000000000000000000e+00,2.442258504256753504e-01,-8.439636902599016999e-01
1.000000000000000000e+00,3.533325798983725785e-01,9.657706695164558486e-01,1.234260356044798584e-01,0.000000000000000000e+00,0.000000000000000000e+00,2.442258504256753504e-01,-8.439636902599016999e-01
1.000000000000000000e+00,3.541675784025862805e-01,9.657706695429173482e-01,1.041546219252278971e-01,0.000000000000000000e+00,0.000000000000000000e+00,2.447187113771008560e-01,-8.476072638934537551e-01
1.000000000000000000e+00,3.541675784025862805e-01,9.657706695429173482e-01,1.041546219252278971e-01,0.000000000000000000e+00,0.000000000000000000e+00,2.447187113771008560e-01,-8.476072638934537551e-01
1.000000000000000000e+00,3.541675784025862805e-01,9.657706695429173482e-01,1.041546219252278971e-01,0.000000000000000000e+00,0.000000000000000000e+00,2.447187113771008560e-01,-8.476072638934537551e-01
1.000000000000000000e+00,3.541675784025862805e-01,9.657706695429173482e-01,1.041546219252278971e-01,0.000000000000000000e+00,0.000000000000000000e+00,2.447187113771008560e-01,-8.476072638934537551e-01
1.000000000000000000e+00,3.541675784025862805e-01,9.657706695429173482e-01,1.041546219252278971e-01,0.000000000000000000e+00,0.000000000000000000e+00,2.447187113771008560e-01,-8.476072638934537551e-01
1.000000000000000000e+00,3.541675784025862805e-01,9.657706695429173482e-01,1.041546219252278971e-01,0.000000000000000000e+00,0.000000000000000000e+00,2.447187113771008560e-01,-8.476072638934537551e-01
1.000000000000000000e+00,3.541675784025862805e-01,9.657706695429173482e-01,1.041546219252278971e-01,0.000000000000000000e+00,0.000000000000000000e+00,2.447187113771008560e-01,-8.476072638934537551e-01
1.000000000000000000e+00,3.540972896611190857e-01,9.666467517343205751e-01,1.040612089224063341e-01,0.000000000000000000e+00,0.000000000000000000e+00,2.447777897083503185e-01,-8.476072638934537551e-01
1.000000000000000000e+00,3.553899716559304478e-01,9.788352426138503537e-01,1.041548558139437503e-01,0.000000000000000000e+00,0.000000000000000000e+00,2.455698178215708349e-01,-8.555793477372729550e-01
1.000000000000000000e+00,3.553899716559304478e-01,9.788352426138503537e-01,1.041548558139437503e-01,0.000000000000000000e+00,0.000000000000000000e+00,2.455698178215708349e-01,-8.555793477372729550e-01
1.000000000000000000e+00,3.553899716559304478e-01,9.788352426138503537e-01,1.041548558139437503e-01,0.000000000000000000e+00,0.000000000000000000e+00,2.455698178215708349e-01,-8.555793477372729550e-01
1.000000000000000000e+00,3.553899716559304478e-01,9.788352426138503537e-01,1.041548558139437503e-01,0.000000000000000000e+00,0.000000000000000000e+00,2.455698178215708349e-01,-8.555793477372729550e-01
1.000000000000000000e+00,3.553899716559304478e-01,9.788352426138503537e-01,1.041548558139437503e-01,0.000000000000000000e+00,0.000000000000000000e+00,2.455698178215708349e-01,-8.555793477372729550e-01
1.000000000000000000e+00,3.553899716559304478e-01,9.788352426138503537e-01,1.041548558139437503e-01,0.000000000000000000e+00,0.000000000000000000e+00,2.455698178215708349e-01,-8.555793477372729550e-01
1.000000000000000000e+00,3.553899716559304478e-01,9.788352426138503537e-01,1.041548558139437503e-01,0.000000000000000000e+00,0.000000000000000000e+00,2.455698178215708349e-01,-8.555793477372729550e-01
1.000000000000000000e+00,3.553899716559304478e-01,9.788352426138503537e-01,1.041548558139437503e-01,0.000000000000000000e+00,0.000000000000000000e+00,2.455698178215708349e-01,-8.555793477372729550e-01
1.000000000000000000e+00,3.553899716559304478e-01,9.788352426138503537e-01,1.041548558139437503e-01,0.000000000000000000e+00,0.000000000000000000e+00,2.455698178215708349e-01,-8.555793477372729550e-01
1.000000000000000000e+00,3.553899716559304478e-01,9.788352426138503537e-01,1.041548558139437503e-01,0.000000000000000000e+00,0.000000000000000000e+00,2.455698178215708349e-01,-8.555793477372729550e-01
1.000000000000000000e+00,3.553899716559304478e-01,9.788352426138503537e-01,1.041548558139437503e-01,0.000000000000000000e+00,0.000000000000000000e+00,2.455698178215708349e-01,-8.555793477372729550e-01
1.000000000000000000e+00,3.553899716559304478e-01,9.788352426138503537e-01,1.041548558139437503e-01,0.000000000000000000e+00,0.000000000000000000e+00,2.455698178215708349e-01,-8.555793477372729550e-01
1.000000000000000000e+00,3.553899716559304478e-01,9.788352426138503537e-01,1.041548558139437503e-01,0.000000000000000000e+00,0.000000000000000000e+00,2.455698178215708349e-01,-8.555793477372729550e-01
1.000000000000000000e+00,3.553899716559304478e-01,9.788352426138503537e-01,1.041548558139437503e-01,0.000000000000000000e+00,0.000000000000000000e+00,2.455698178215708349e-01,-8.555793477372729550e-01
1.000000000000000000e+00,3.553899716559304478e-01,9.788352426138503537e-01,1.041548558139437503e-01,0.000000000000000000e+00,0.000000000000000000e+00,2.455698178215708349e-01,-8.555793477372729550e-01
1.000000000000000000e+00,3.553899716559304478e-01,9.788352426138503537e-01,1.041548558139437503e-01,0.000000000000000000e+00,0.000000000000000000e+00,2.455698178215708349e-01,-8.555793477372729550e-01
1.000000000000000000e+00,3.553899716559304478e-01,9.788352426138503537e-01,1.041548558139437503e-01,0.000000000000000000e+00,0.000000000000000000e+00,2.455698178215708349e-01,-8.555793477372729550e-01
1.000000000000000000e+00,3.553899716559304478e-01,9.788352426138503537e-01,1.041548558139437503e-01,0.000000000000000000e+00,0.000000000000000000e+00,2.455698178215708349e-01,-8.555793477372729550e-01
1.000000000000000000e+00,3.553899716559304478e-01,9.788352426138503537e-01,1.041548558139437503e-01,0.000000000000000000e+00,0.000000000000000000e+00,2.455698178215708349e-01,-8.555793477372729550e-01
1.000000000000000000e+00,3.553899716559304478e-01,9.788352426138503537e-01,1.041548558139437503e-01,0.000000000000000000e+00,0.000000000000000000e+00,2.455698178215708349e-01,-8.555793477372729550e-01
1.000000000000000000e+00,3.553899716559304478e-01,9.788352426138503537e-01,1.041548558139437503e-01,0.000000000000000000e+00,0.000000000000000000e+00,2.455698178215708349e-01,-8.555793477372729550e-01
9.528791766719801881e-01,6.027758993882148530e-01,9.961019453596539064e-01,9.056531997523178945e-02,1.716528163228015214e-01,0.000000000000000000e+00,2.763740994534811812e-01,-8.555793477372729550e-01
