1.000000000000000000e+00,3.259928998504699194e-01,5.842955789843641279e-01,1.000000000000000000e+00,1.021488748102490492e-08,4.444444444444444198e-01,2.234880051144134405e-01,-5.381785787722517256e-01
9.973524122487552601e-01,3.261790136167298515e-01,7.866688604491370862e-01,1.000000000000000000e+00,1.021616087291170963e-08,4.444444444444444198e-01,2.265254154667167286e-01,-6.171866632086704385e-01
1.000000000000000000e+00,3.261028411575824792e-01,8.617521292354959339e-01,9.827797955709032252e-01,1.029912784160240154e-08,4.444444444444444198e-01,2.293111174146398035e-01,-6.401287055469815357e-01
1.000000000000000000e+00,3.280283353049167627e-01,9.014271179351862617e-01,9.776207040144373472e-01,1.029930149694173487e-08,4.444444444444444198e-01,2.308088453999121437e-01,-6.707582798314910555e-01
1.000000000000000000e+00,3.434622528263741592e-01,9.615765782544987150e-01,9.822580370403845018e-01,1.021488748102490492e-08,4.444444444444444198e-01,2.332340570911515532e-01,-6.933433515581011175e-01
9.973524122487552601e-01,3.434947263156786224e-01,9.801364825685972004e-01,9.565676511259366688e-01,1.021488748102490492e-08,4.444444444444444198e-01,2.343759176316300707e-01,-7.135635646732221282e-01
1.000000000000000000e+00,3.491626918391197432e-01,9.695449835711462683e-01,8.519890403354177799e-01,9.817594845259248932e-09,4.444444444444444198e-01,2.364458314988941712e-01,-7.186542433058756840e-01
1.000000000000000000e+00,3.448497874389437334e-01,9.560669266385826148e-01,7.193390109521907716e-01,0.000000000000000000e+00,4.444444444444444198e-01,2.377623132633360503e-01,-7.371531875895599439e-01
1.000000000000000000e+00,3.444941268374431265e-01,9.776101317872304408e-01,7.209430593371167761e-01,0.000000000000000000e+00,4.444444444444444198e-01,2.386932191238390899e-01,-7.461211998994407013e-01
1.000000000000000000e+00,3.443238652444025605e-01,9.586231249990223580e-01,6.007016683376074084e-01,0.000000000000000000e+00,4.444444444444444198e-01,2.403674587314783562e-01,-7.661993802575367551e-01
1.000000000000000000e+00,3.491636523355757804e-01,9.776015475769097574e-01,6.006368709033189646e-01,0.000000000000000000e+00,4.444444444444444198e-01,2.412817791692971336e-01,-7.680544139841773976e-01
1.000000000000000000e+00,3.494611655331549271e-01,9.868364105463715008e-01,5.997095595756035680e-01,1.669917438143786887e-05,4.444444444444444198e-01,2.417660830890455692e-01,-7.755281888297748116e-01
1.000000000000000000e+00,3.494647305108815605e-01,9.815682737955867543e-01,5.433703198738827345e-01,0.000000000000000000e+00,4.444444444444444198e-01,2.427285763367489912e-01,-7.861072155586237287e-01
1.000000000000000000e+00,3.493333189378031722e-01,9.599690307101960141e-01,4.674674728525132772e-01,0.000000000000000000e+00,4.444444444444444198e-01,2.432812199469137904e-01,-7.943631949645428847e-01
1.000000000000000000e+00,3.556695189922592926e-01,9.599690318262379396e-01,4.674173209832995779e-01,0.000000000000000000e+00,4.444444444444444198e-01,2.435202025907332035e-01,-7.943631949645428847e-01
1.000000000000000000e+00,3.554624180901189701e-01,9.599378292647134936e-01,3.826707844677123549e-01,0.000000000000000000e+00,4.444444444444444198e-01,2.452111734105539287e-01,-8.142579595514506385e-01
1.000000000000000000e+00,3.554624180901189701e-01,9.599378292647134936e-01,3.826707844677123549e-01,0.000000000000000000e+00,4.444444444444444198e-01,2.452111734105539287e-01,-8.142579595514506385e-01
1.000000000000000000e+00,3.554624180901189701e-01,9.599377289476158648e-01,3.310700016931038547e-01,0.000000000000000000e+00,4.444444444444444198e-01,2.463579753989429411e-01,-8.226917756905886003e-01
1.000000000000000000e+00,3.555816711838851729e-01,9.599472714467619516e-01,3.308106599203531339e-01,0.000000000000000000e+00,4.444444444444444198e-01,2.463654728129683336e-01,-8.226917756905886003e-01
9.916061792867378877e-01,3.559368541168507760e-01,9.601634873741358156e-01,3.303417048425886238e-01,0.000000000000000000e+00,4.444444444444444198e-01,2.470317250736607240e-01,-8.226917756905886003e-01
1.000000000000000000e+00,3.592343424483535608e-01,9.265243008907312339e-01,1.404265586944268007e-01,0.000000000000000000e+00,4.444444444444444198e-01,2.488401963125280447e-01,-8.433249826728781429e-01
1.000000000000000000e+00,3.592343424483535608e-01,9.265243008907312339e-01,1.404265586944268007e-01,0.000000000000000000e+00,4.444444444444444198e-01,2.488401963125280447e-01,-8.433249826728781429e-01
1.000000000000000000e+00,3.592343424483535608e-01,9.265243008907312339e-01,1.404265586944268007e-01,0.000000000000000000e+00,4.444444444444444198e-01,2.488401963125280447e-01,-8.433249826728781429e-01
1.000000000000000000e+00,3.592343424483535608e-01,9.265243008907312339e-01,1.404265586944268007e-01,0.000000000000000000e+00,4.444444444444444198e-01,2.488401963125280447e-01,-8.433249826728781429e-01
1.000000000000000000e+00,3.592345519852274682e-01,9.422146350984095253e-01,1.805866210320320464e-01,0.000000000000000000e+00,4.444444444444444198e-01,2.488617862176158158e-01,-8.509780396779506040e-01
1.000000000000000000e+00,3.591293639627165524e-01,9.422287658993908632e-01,1.805866210320320464e-01,0.000000000000000000e+00,4.444444444444444198e-01,2.488621762920031899e-01,-8.509780396779506040e-01
1.000000000000000000e+00,3.609417620266591742e-01,9.265233319485445262e-01,9.039990957509305702e-02,0.000000000000000000e+00,4.444444444444444198e-01,2.500531580287963518e-01,-8.560956497216227756e-01
1.000000000000000000e+00,3.609417620266591742e-01,9.265233319485445262e-01,9.039990957509305702e-02,0.000000000000000000e+00,4.444444444444444198e-01,2.500531580287963518e-01,-8.560956497216227756e-01
1.000000000000000000e+00,3.615848804503294378e-01,9.320640604466694512e-01,9.039910825920630111e-02,0.000000000000000000e+00,4.444444444444444198e-01,2.504185569998013672e-01,-8.625679878906207243e-01
1.000000000000000000e+00,3.615848804503294378e-01,9.320640604466694512e-01,9.039910825920630111e-02,0.000000000000000000e+00,4.444444444444444198e-01,2.504185569998013672e-01,-8.625679878906207243e-01
1.000000000000000000e+00,3.616063883054641548e-01,9.320640604466694512e-01,8.593392098168253779e-02,0.000000000000000000e+00,4.444444444444444198e-01,2.505293822962029737e-01,-8.703630953810872484e-01
1.000000000000000000e+00,3.616073060794459115e-01,9.320640604466694512e-01,8.593392098168253779e-02,0.000000000000000000e+00,4.444444444444444198e-01,2.505293824673326397e-01,-8.703630953810872484e-01
1.000000000000000000e+00,3.616063883054641548e-01,9.320640604466694512e-01,8.593392098168253779e-02,0.000000000000000000e+00,4.444444444444444198e-01,2.505293822962029737e-01,-8.703630953810872484e-01
1.000000000000000000e+00,3.610609469804951788e-01,9.320640600354641592e-01,8.588859691182471057e-02,0.000000000000000000e+00,4.444444444444444198e-01,2.505336017167151264e-01,-8.703630953810872484e-01
1.000000000000000000e+00,3.635696184136373854e-01,9.265805558961016652e-01,2.264355606891611805e-02,0.000000000000000000e+00,4.444444444444444198e-01,2.517514515281054077e-01,-8.903206849554784474e-01
1.000000000000000000e+00,3.635696184136373854e-01,9.265805558961016652e-01,2.264355606891611805e-02,0.000000000000000000e+00,4.444444444444444198e-01,2.517514515281054077e-01,-8.903206849554784474e-01
1.000000000000000000e+00,3.635696184136373854e-01,9.265805558961016652e-01,2.264355606891611805e-02,0.000000000000000000e+00,4.444444444444444198e-01,2.517514515281054077e-01,-8.903206849554784474e-01
1.000000000000000000e+00,3.635696184136373854e-01,9.265805558961016652e-01,2.264355606891611805e-02,0.000000000000000000e+00,4.444444444444444198e-01,2.517514515281054077e-01,-8.903206849554784474e-01
1.000000000000000000e+00,3.635696184136373854e-01,9.265805558961016652e-01,2.264355606891611805e-02,0.000000000000000000e+00,4.444444444444444198e-01,2.517514515281054077e-01,-8.903206849554784474e-01
1.000000000000000000e+00,3.635696184136373854e-01,9.265805558961016652e-01,2.264355606891611805e-02,0.000000000000000000e+00,4.444444444444444198e-01,2.517514515281054077e-01,-8.903206849554784474e-01
1.000000000000000000e+00,3.635696184136373854e-01,9.265805558961016652e-01,2.264355606891611805e-02,0.000000000000000000e+00,4.444444444444444198e-01,2.517514515281054077e-01,-8.903206849554784474e-01
1.000000000000000000e+00,3.635696184136373854e-01,9.265805558961016652e-01,2.264355606891611805e-02,0.000000000000000000e+00,4.444444444444444198e-01,2.517514515281054077e-01,-8.903206849554784474e-01
1.000000000000000000e+00,3.635696184136373854e-01,9.265805558961016652e-01,2.264355606891611805e-02,0.000000000000000000e+00,4.444444444444444198e-01,2.517514515281054077e-01,-8.903206849554784474e-01
1.000000000000000000e+00,3.635696184136373854e-01,9.265805558961016652e-01,2.264355606891611805e-02,0.000000000000000000e+00,4.444444444444444198e-01,2.517514515281054077e-01,-8.903206849554784474e-01
1.000000000000000000e+00,3.637013033099015802e-01,9.265861906551210447e-01,2.264355606894260381e-02,0.000000000000000000e+00,4.444444444444444198e-01,2.517520390537506536e-01,-8.903206849554784474e-01
1.000000000000000000e+00,3.636982121510706212e-01,9.266366563900719777e-01,2.263769484869529794e-02,0.000000000000000000e+00,4.444444444444444198e-01,2.517556567591844319e-01,-8.903206849554784474e-01
1.000000000000000000e+00,3.657708564772628179e-01,9.657751214452243715e-01,6.458478445551879554e-02,0.000000000000000000e+00,4.444444444444444198e-01,2.534155236412385936e-01,-8.989764385265267554e-01
1.000000000000000000e+00,3.657708564772628179e-01,9.657751214452243715e-01,6.458478445551879554e-02,0.000000000000000000e+00,4.444444444444444198e-01,2.534155236412385936e-01,-8.989764385265267554e-01
1.000000000000000000e+00,3.657708564772628179e-01,9.657751214452243715e-01,6.458478445551879554e-02,0.000000000000000000e+00,4.444444444444444198e-01,2.534155236412385936e-01,-8.989764385265267554e-01
1.000000000000000000e+00,3.657708564772628179e-01,9.657751214452243715e-01,6.458478445551879554e-02,0.000000000000000000e+00,4.444444444444444198e-01,2.534155236412385936e-01,-8.989764385265267554e-01
1.000000000000000000e+00,3.657708564772628179e-01,9.657751214452243715e-01,6.458478445551879554e-02,0.000000000000000000e+00,4.444444444444444198e-01,2.534155236412385936e-01,-8.989764385265267554e-01
1.000000000000000000e+00,3.657708564772628179e-01,9.657751214452243715e-01,6.458478445551879554e-02,0.000000000000000000e+00,4.444444444444444198e-01,2.534155236412385936e-01,-8.989764385265267554e-01
1.000000000000000000e+00,3.657708564772628179e-01,9.657751214452243715e-01,6.458478445551879554e-02,0.000000000000000000e+00,4.444444444444444198e-01,2.534155236412385936e-01,-8.989764385265267554e-01
1.000000000000000000e+00,3.664172132693676032e-01,9.657903703538314177e-01,6.458478445551771308e-02,0.000000000000000000e+00,4.444444444444444198e-01,2.534206311990538918e-01,-8.989764385265267554e-01
1.000000000000000000e+00,3.664202154265875921e-01,9.734536784383088781e-01,6.443161385030653221e-02,0.000000000000000000e+00,4.444444444444444198e-01,2.539761760180865302e-01,-8.989764385265267554e-01
9.953287466943175898e-01,3.823918583872156773e-01,9.725562805854474080e-01,5.779053896382066458e-02,7.125707372903794870e-03,4.444444444444444198e-01,2.560564424755878421e-01,-8.989764385265267554e-01
1.000000000000000000e+00,3.663538866495772983e-01,1.000000000000000000e+00,5.779053896382066458e-02,1.145220986270047148e-05,4.444444444444444198e-01,2.562725379557904137e-01,-8.989764385265267554e-01
9.999994307047843645e-01,3.665897380805341332e-01,1.000000000000000000e+00,5.727050087972652970e-02,0.000000000000000000e+00,4.444444444444444198e-01,2.562718035835205854e-01,-8.989764385265267554e-01
1.000000000000000000e+00,3.667100330310091305e-01,9.725646024832366177e-01,5.771227025766912516e-02,1.898759319005852847e-04,4.444444444444444198e-01,2.541037001359860437e-01,-8.989764385265267554e-01
1.000000000000000000e+00,3.695198638809052971e-01,9.657811680170413915e-01,6.468961965986626261e-02,3.152706015760362024e-01,4.444444444444444198e-01,2.627706604205650165e-01,-9.090735671378719074e-01
1.000000000000000000e+00,3.695198638809052971e-01,9.657811680170413915e-01,6.468961965986626261e-02,3.152706015760362024e-01,4.444444444444444198e-01,2.627706604205650165e-01,-9.090735671378719074e-01
1.000000000000000000e+00,3.695198638809052971e-01,9.657811680170413915e-01,6.468961965986626261e-02,3.152706015760362024e-01,4.444444444444444198e-01,2.627706604205650165e-01,-9.090735671378719074e-01
1.000000000000000000e+00,3.695198638809052971e-01,9.657811680170413915e-01,6.468961965986626261e-02,3.152706015760362024e-01,4.444444444444444198e-01,2.627706604205650165e-01,-9.090735671378719074e-01
1.000000000000000000e+00,3.695198638809052971e-01,9.657811680170413915e-01,6.468961965986626261e-02,3.152706015760362024e-01,4.444444444444444198e-01,2.627706604205650165e-01,-9.090735671378719074e-01
1.000000000000000000e+00,3.695198638809052971e-01,9.657811680170413915e-01,6.468961965986626261e-02,3.152706015760362024e-01,4.444444444444444198e-01,2.627706604205650165e-01,-9.090735671378719074e-01
1.000000000000000000e+00,3.695198638809052971e-01,9.657811680170413915e-01,6.468961965986626261e-02,3.152706015760362024e-01,4.444444444444444198e-01,2.627706604205650165e-01,-9.090735671378719074e-01
1.000000000000000000e+00,3.695198638809052971e-01,9.657811680170413915e-01,6.468961965986626261e-02,3.152706015760362024e-01,4.444444444444444198e-01,2.627706604205650165e-01,-9.090735671378719074e-01
1.000000000000000000e+00,3.695198638809052971e-01,9.657811680170413915e-01,6.468961965986626261e-02,3.152706015760362024e-01,4.444444444444444198e-01,2.627706604205650165e-01,-9.090735671378719074e-01
1.000000000000000000e+00,3.695198638809052971e-01,9.657811680170413915e-01,6.468961965986626261e-02,3.152706015760362024e-01,4.444444444444444198e-01,2.627706604205650165e-01,-9.090735671378719074e-01
1.000000000000000000e+00,3.695198638809052971e-01,9.657811680170413915e-01,6.468961965986626261e-02,3.152706015760362024e-01,4.444444444444444198e-01,2.627706604205650165e-01,-9.090735671378719074e-01
1.000000000000000000e+00,3.696570955262536984e-01,9.658328140004625029e-01,6.465729567118579102e-02,3.152706015760362024e-01,4.444444444444444198e-01,2.627771336651524292e-01,-9.090735671378719074e-01
1.000000000000000000e+00,3.703584026895014314e-01,9.657853651032861642e-01,3.627261093283723481e-02,3.152706015760362024e-01,4.444444444444444198e-01,2.635900748336206245e-01,-9.256529813565551601e-01
1.000000000000000000e+00,3.703584026895014314e-01,9.657853651032861642e-01,3.627261093283723481e-02,3.152706015760362024e-01,4.444444444444444198e-01,2.635900748336206245e-01,-9.256529813565551601e-01
1.000000000000000000e+00,3.703584026895014314e-01,9.657853651032862752e-01,3.627261093283723481e-02,3.152706015760362024e-01,4.444444444444444198e-01,2.635900748336206245e-01,-9.256529813565551601e-01
1.000000000000000000e+00,3.703584026895014314e-01,9.657853651032862752e-01,3.627261093283723481e-02,3.152706015760362024e-01,4.444444444444444198e-01,2.635900748336206245e-01,-9.256529813565551601e-01
1.000000000000000000e+00,3.703584026895014314e-01,9.657853651032862752e-01,3.627261093283723481e-02,3.152706015760362024e-01,4.444444444444444198e-01,2.635900748336206245e-01,-9.256529813565551601e-01
1.000000000000000000e+00,3.703584026895014314e-01,9.657853651032861642e-01,3.627261093283723481e-02,3.152706015760362024e-01,4.444444444444444198e-01,2.635900748336206245e-01,-9.256529813565551601e-01
1.000000000000000000e+00,3.703584026895014314e-01,9.657853651032862752e-01,3.627261093283723481e-02,3.152706015760362024e-01,4.444444444444444198e-01,2.635900748336206245e-01,-9.256529813565551601e-01
1.000000000000000000e+00,3.703584026895014314e-01,9.657853651032862752e-01,3.627261093283723481e-02,3.152706015760362024e-01,4.444444444444444198e-01,2.635900748336206245e-01,-9.256529813565551601e-01
1.000000000000000000e+00,3.703584026895014314e-01,9.657853651032862752e-01,3.627261093283723481e-02,3.152706015760362024e-01,4.444444444444444198e-01,2.635900748336206245e-01,-9.256529813565551601e-01
1.000000000000000000e+00,3.703584026895014314e-01,9.657853651032861642e-01,3.627261093283723481e-02,3.152706015760362024e-01,4.444444444444444198e-01,2.635900748336206245e-01,-9.256529813565551601e-01
1.000000000000000000e+00,3.703584026895014314e-01,9.657853651032861642e-01,3.627261093283723481e-02,3.152706015760362024e-01,4.444444444444444198e-01,2.635900748336206245e-01,-9.256529813565551601e-01
1.000000000000000000e+00,3.703584026895014314e-01,9.657853651032862752e-01,3.627261093283723481e-02,3.152706015760362024e-01,4.444444444444444198e-01,2.635900748336206245e-01,-9.256529813565551601e-01
1.000000000000000000e+00,3.703584026895014314e-01,9.657853651032862752e-01,3.627261093283723481e-02,3.152706015760362024e-01,4.444444444444444198e-01,2.635900748336206245e-01,-9.256529813565551601e-01
1.000000000000000000e+00,3.703584026895014314e-01,9.657853651032861642e-01,3.627261093283723481e-02,3.152706015760362024e-01,4.444444444444444198e-01,2.635900748336206245e-01,-9.256529813565551601e-01
1.000000000000000000e+00,3.703584026895014314e-01,9.657853651032861642e-01,3.627261093283723481e-02,3.152706015760362024e-01,4.444444444444444198e-01,2.635900748336206245e-01,-9.256529813565551601e-01
1.000000000000000000e+00,3.703584026895014314e-01,9.657853651032860531e-01,3.627261093283723481e-02,3.152706015760362024e-01,4.444444444444444198e-01,2.635900748336206245e-01,-9.256529813565551601e-01
1.000000000000000000e+00,3.703584026895014314e-01,9.657853651032860531e-01,3.627261093283723481e-02,3.152706015760362024e-01,4.444444444444444198e-01,2.635900748336206245e-01,-9.256529813565551601e-01
1.000000000000000000e+00,3.703584026895014314e-01,9.657853651032860531e-01,3.627261093283723481e-02,3.152706015760362024e-01,4.444444444444444198e-01,2.635900748336206245e-01,-9.256529813565551601e-01
1.000000000000000000e+00,3.703584026895014314e-01,9.657853651032860531e-01,3.627261093283723481e-02,3.152706015760362024e-01,4.444444444444444198e-01,2.635900748336206245e-01,-9.256529813565551601e-01
1.000000000000000000e+00,3.703584026895014314e-01,9.657853651032860531e-01,3.627261093283723481e-02,3.152706015760362024e-01,4.444444444444444198e-01,2.635900748336206245e-01,-9.256529813565551601e-01
1.000000000000000000e+00,3.703584026895014314e-01,9.657853651032860531e-01,3.627261093283723481e-02,3.152706015760362024e-01,4.444444444444444198e-01,2.635900748336206245e-01,-9.256529813565551601e-01
1.000000000000000000e+00,3.703584026895014314e-01,9.657853651032860531e-01,3.627261093283723481e-02,3.152706015760362024e-01,4.444444444444444198e-01,2.635900748336206245e-01,-9.256529813565551601e-01
1.000000000000000000e+00,3.703584026895014314e-01,9.657853651032860531e-01,3.627261093283723481e-02,3.152706015760362024e-01,4.444444444444444198e-01,2.635900748336206245e-01,-9.256529813565551601e-01
1.000000000000000000e+00,3.703584026895014314e-01,9.657853651032860531e-01,3.627261093283723481e-02,3.152706015760362024e-01,4.444444444444444198e-01,2.635900748336206245e-01,-9.256529813565551601e-01
1.000000000000000000e+00,3.703584026895014314e-01,9.657853651032860531e-01,3.627261093283723481e-02,3.152706015760362024e-01,4.444444444444444198e-01,2.635900748336206245e-01,-9.256529813565551601e-01
1.000000000000000000e+00,3.703584026895014314e-01,9.657853651032860531e-01,3.627261093283723481e-02,3.152706015760362024e-01,4.444444444444444198e-01,2.635900748336206245e-01,-9.256529813565551601e-01
1.000000000000000000e+00,3.703584026895014314e-01,9.657853651032860531e-01,3.627261093283723481e-02,3.152706015760362024e-01,4.444444444444444198e-01,2.635900748336206245e-01,-9.256529813565551601e-01
1.000000000000000000e+00,3.703584026895014314e-01,9.657853651032860531e-01,3.627261093283723481e-02,3.152706015760362024e-01,4.444444444444444198e-01,2.635900748336206245e-01,-9.256529813565551601e-01
9.051688586347149679e-01,4.075858984739840762e-01,9.679313446526699449e-01,3.576928552711906850e-02,6.695626465960303753e-01,4.444444444444444198e-01,2.790695431578783525e-01,-9.256529813565551601e-01
