9.889385233794176777e-01,5.434371201583351185e-01,9.924359354884946249e-01,7.987175328189802248e-02,8.039626557810415353e-01,0.000000000000000000e+00,2.809913213355022532e-01,-8.789032433972565617e-01
1.000000000000000000e+00,4.580412870191458707e-01,9.795982872690781607e-01,3.743522815451891250e-02,4.376009574744550712e-02,0.000000000000000000e+00,2.618295357664608969e-01,-8.555793477372729550e-01
9.999913202148796865e-01,4.288813779016383831e-01,1.000000000000000000e+00,4.430551883478553443e-02,2.441342388459684455e-05,0.000000000000000000e+00,2.582132480122246165e-01,-8.555793477372729550e-01
9.642070476769841747e-01,3.536381334425628964e-01,9.963258306005717824e-01,9.129143633376658740e-02,3.308214243848576282e-06,0.000000000000000000e+00,2.542057290963795069e-01,-8.555793477372729550e-01
9.999999995047245127e-01,3.488214468196255691e-01,9.852102167750474981e-01,0.000000000000000000e+00,1.565534602613768663e-04,0.000000000000000000e+00,2.508041692673149692e-01,-8.555793477372729550e-01
1.000000000000000000e+00,3.703690901208468444e-01,9.809787856204527090e-01,7.841174349374588348e-02,4.747282134987641854e-04,0.000000000000000000e+00,2.477353377346332985e-01,-8.555793477372729550e-01
1.000000000000000000e+00,3.544520634468730780e-01,9.692317110187562701e-01,7.674883555308170680e-02,0.000000000000000000e+00,0.000000000000000000e+00,2.456706136572218702e-01,-8.476072638934537551e-01
1.000000000000000000e+00,3.536070058329070509e-01,9.686043957494299139e-01,1.203181641197072493e-01,0.000000000000000000e+00,0.000000000000000000e+00,2.444858431952174338e-01,-8.439636902599016999e-01
9.999999999957164265e-01,3.535201602951863475e-01,9.815597950850395437e-01,2.172625538348382235e-01,0.000000000000000000e+00,0.000000000000000000e+00,2.428888313294784718e-01,-8.206653896332989362e-01
1.000000000000000000e+00,3.465886364069539205e-01,8.827747293042559340e-01,6.279553790746522646e-02,1.984999339097343616e-05,0.000000000000000000e+00,2.407452425845761357e-01,-7.760898503979488661e-01
1.000000000000000000e+00,3.541340856213484045e-01,9.282444883595764029e-01,2.311077794974721877e-01,1.586538009934588709e-04,0.000000000000000000e+00,2.400165725117177351e-01,-7.714401764120007998e-01
9.895353876633864454e-01,3.450142704722651832e-01,9.626926545554190806e-01,3.545198109707206058e-01,7.272796544338021264e-05,0.000000000000000000e+00,2.392653105227189880e-01,-7.619646558962300809e-01
9.999249947698559682e-01,3.361349084175039859e-01,9.621664560422359402e-01,4.055525115971652106e-01,6.744977871598668330e-05,0.000000000000000000e+00,2.381181619603881527e-01,-7.553291157490923391e-01
9.999981362652160533e-01,3.424114697227347848e-01,9.794311032315879961e-01,4.548169686711964199e-01,4.237497117392956584e-04,0.000000000000000000e+00,2.371198425676648291e-01,-7.431634588220372706e-01
9.998377407895322477e-01,3.380055492223485447e-01,9.346318987995275718e-01,4.080511774864277186e-01,7.336226884414209131e-06,0.000000000000000000e+00,2.360370422408061553e-01,-7.344514923804753570e-01
9.965704302631095413e-01,3.421525493098889203e-01,9.690743912457373543e-01,5.509064961723851850e-01,1.196701851280805352e-06,0.000000000000000000e+00,2.347028733115655852e-01,-7.213809293976628512e-01
9.999999921636404387e-01,3.417388138905509964e-01,9.825290341267878258e-01,6.626239055960996271e-01,0.000000000000000000e+00,0.000000000000000000e+00,2.329612193598782632e-01,-7.120704139366261787e-01
1.000000000000000000e+00,3.378451713816652546e-01,9.636456143040317279e-01,6.912632774308844485e-01,2.073343323475898652e-10,0.000000000000000000e+00,2.313617623893809150e-01,-6.973437434907322485e-01
9.999999999954943819e-01,3.375180691475999084e-01,9.283855615035251363e-01,6.984236698486239181e-01,2.064854306501228748e-10,0.000000000000000000e+00,2.299194456440073753e-01,-6.709212478336127328e-01
1.000000000000000000e+00,3.381399474937511473e-01,9.906639307995455113e-01,9.596038178558439213e-01,3.850147770169359655e-04,0.000000000000000000e+00,2.277093180263763950e-01,-6.565491435534377418e-01
1.000000000000000000e+00,3.249852190858943946e-01,9.662614317841209388e-01,9.947627287436862087e-01,1.243218623608057125e-06,0.000000000000000000e+00,2.252892975424506672e-01,-6.379174498023663098e-01
9.999980148430753779e-01,3.214408562379635903e-01,8.826053354660807759e-01,9.974865315478614880e-01,0.000000000000000000e+00,0.000000000000000000e+00,2.222415748645482636e-01,-6.139534958029466694e-01
9.998718797726340313e-01,3.216440146689807378e-01,7.530739711109111223e-01,9.772750323496546265e-01,3.839546053604898755e-06,0.000000000000000000e+00,2.192149896213183013e-01,-5.530934430946243818e-01
1.000000000000000000e+00,4.582592575294288650e-01,9.972082426665864752e-01,8.369403351847154449e-02,6.380231085008833403e-04,0.000000000000000000e+00,2.604186136895652037e-01,-8.555793477372729550e-01
9.881199420492666752e-01,3.490523759600027698e-01,9.866348032402992851e-01,2.571677247600956395e-02,7.336579900986300623e-05,0.000000000000000000e+00,2.524137609498596779e-01,-8.555793477372729550e-01
9.999999652637876491e-01,3.549644455504296081e-01,9.827615256760725559e-01,8.496963260360490544e-02,1.505650880058659335e-04,0.000000000000000000e+00,2.463764733195505374e-01,-8.555793477372729550e-01
9.996062221876835796e-01,3.553128703695395685e-01,9.678186988433103988e-01,9.682438643291442493e-02,0.000000000000000000e+00,0.000000000000000000e+00,2.450719948129795878e-01,-8.476072638934537551e-01
1.000000000000000000e+00,3.490468830358176566e-01,9.663067272511022265e-01,1.344750937704418947e-01,1.557082609604803916e-04,0.000000000000000000e+00,2.441858721780922892e-01,-8.369488546264728379e-01
9.999999999998844258e-01,3.532077903723084833e-01,1.000000000000000000e+00,2.192168877870552812e-01,2.434881306690110621e-10,0.000000000000000000e+00,2.439299314869654289e-01,-8.206653896332989362e-01
1.000000000000000000e+00,3.511896382402724393e-01,9.352758569272447975e-01,1.046524458069227614e-01,2.746620126300209784e-05,0.000000000000000000e+00,2.428031567210332531e-01,-8.130839291880405106e-01
9.995348491151674342e-01,3.521969213564294932e-01,9.348093516926250235e-01,1.306471994139009052e-01,0.000000000000000000e+00,0.000000000000000000e+00,2.422083253678039838e-01,-8.025434079712773228e-01
9.999883292622474551e-01,3.502792931283441602e-01,9.456564485124547836e-01,1.881607998107557855e-01,4.694625834511205052e-04,0.000000000000000000e+00,2.414454641356635622e-01,-7.893527657364097783e-01
1.000000000000000000e+00,3.465647074124341698e-01,8.778803647211879113e-01,7.970452629192949223e-02,3.047163103325837554e-05,0.000000000000000000e+00,2.400673158748413971e-01,-7.760898503979488661e-01
1.000000000000000000e+00,3.482130073323255748e-01,9.626579518868908503e-01,3.602943460628536543e-01,9.870001160099264132e-07,0.000000000000000000e+00,2.384896635211489757e-01,-7.619646558962300809e-01
9.999999811024624652e-01,3.376207681522588322e-01,9.634421811426059357e-01,4.580144336062041410e-01,4.153642668702936481e-04,0.000000000000000000e+00,2.364760470527423608e-01,-7.431634588220372706e-01
9.999999921784934465e-01,3.418944955416095555e-01,9.822072914168729074e-01,6.562194853993716936e-01,2.838715434123573189e-02,0.000000000000000000e+00,2.340904646015921631e-01,-7.120704139366261787e-01
9.999881497431455379e-01,3.377979849956210812e-01,9.454634524463344514e-01,6.869094783971945173e-01,8.204068309024245553e-03,0.000000000000000000e+00,2.310361831494741058e-01,-6.863094372264040288e-01
9.998597768891721582e-01,3.216442028262327946e-01,9.818345669053814007e-01,9.991102359504558938e-01,0.000000000000000000e+00,0.000000000000000000e+00,2.264924276301090722e-01,-6.497920800394063612e-01
9.943684801822836317e-01,3.347762735196385675e-01,7.537959142875084728e-01,9.896924049266354606e-01,3.814118382004874099e-05,0.000000000000000000e+00,2.212981172295130639e-01,-5.530934430946243818e-01
9.308437387749046721e-01,4.003096090183078104e-01,9.798352024056653509e-01,8.566214322292869943e-02,4.111998998997829641e-02,0.000000000000000000e+00,2.561356701902642308e-01,-8.555793477372729550e-01
1.000000000000000000e+00,3.491784012661804937e-01,9.203393563954607171e-01,2.136030052068618179e-01,0.000000000000000000e+00,0.000000000000000000e+00,2.394992854178146502e-01,-7.693885146934795749e-01
9.998633069487513625e-01,3.298768053399199762e-01,8.909426845757489888e-01,6.527159210955559843e-01,6.292538515337133887e-07,0.000000000000000000e+00,2.290911717163516270e-01,-6.630796410269237384e-01
1.000000000000000000e+00,3.179612933610337366e-01,5.947525268539251009e-01,1.000000000000000000e+00,0.000000000000000000e+00,0.000000000000000000e+00,2.170380677383467460e-01,-4.914259576007637409e-01
1.000000000000000000e+00,3.482341775824370211e-01,9.141036172286816086e-01,1.304673219457749278e-01,0.000000000000000000e+00,0.000000000000000000e+00,2.409512725450775328e-01,-7.824072854834680513e-01
9.999882293609357875e-01,3.380497556611589127e-01,9.665191975177955808e-01,6.523751771543674360e-01,8.105556333247105130e-03,0.000000000000000000e+00,2.325375933194337441e-01,-6.975205848849608259e-01
1.000000000000000000e+00,3.459800206761989849e-01,9.606769304130551301e-01,4.158391004663602453e-01,2.304701430225111324e-07,0.000000000000000000e+00,2.371212973068233809e-01,-7.553291157490923391e-01
1.000000000000000000e+00,3.439694223618905422e-01,9.859444868210583968e-01,8.520942573660517105e-02,2.442706315296004624e-06,0.000000000000000000e+00,2.491975734559153666e-01,-8.555793477372729550e-01
1.000000000000000000e+00,3.295264376176312848e-01,9.282229347004224973e-01,9.999309677393903861e-01,0.000000000000000000e+00,0.000000000000000000e+00,2.239358123543607471e-01,-6.171131920593678766e-01
9.397643587739961113e-01,4.112265652552312689e-01,9.999840412159597403e-01,7.315166476193216138e-02,8.460836665321046501e-01,0.000000000000000000e+00,2.749393543071204093e-01,-8.789032433972565617e-01
1.000000000000000000e+00,4.583875713881494507e-01,9.968244649997892726e-01,8.367596597081913834e-02,3.864212156706878709e-04,0.000000000000000000e+00,2.604038076655581513e-01,-8.555793477372729550e-01
1.000000000000000000e+00,4.383022475420303987e-01,9.859474889397958908e-01,7.025550619493339810e-02,0.000000000000000000e+00,0.000000000000000000e+00,2.581459981050044927e-01,-8.555793477372729550e-01
9.999999948331405042e-01,3.489080195367111337e-01,9.997422602777816802e-01,0.000000000000000000e+00,7.123356913367148713e-02,0.000000000000000000e+00,2.561604184255459882e-01,-8.555793477372729550e-01
9.998443496103338601e-01,4.033119671911017945e-01,1.000000000000000000e+00,7.832221149717032149e-02,0.000000000000000000e+00,0.000000000000000000e+00,2.541690690777198558e-01,-8.555793477372729550e-01
9.883291371249334212e-01,3.502547309324099412e-01,9.928274284723611620e-01,2.702930793384801522e-02,4.604366694222311292e-04,0.000000000000000000e+00,2.524550394322734870e-01,-8.555793477372729550e-01
9.999995819357332394e-01,3.503181837286700184e-01,9.997611797566899883e-01,2.701629897613094800e-02,2.990754330084541882e-09,0.000000000000000000e+00,2.506537784714956696e-01,-8.555793477372729550e-01
1.000000000000000000e+00,3.689528156856805574e-01,9.914925698682924837e-01,2.487411396905910010e-02,0.000000000000000000e+00,0.000000000000000000e+00,2.492396914182953283e-01,-8.555793477372729550e-01
1.000000000000000000e+00,3.548544998306133458e-01,9.811775429889223465e-01,3.522519699946785598e-02,3.771906359226348348e-05,0.000000000000000000e+00,2.477363457173426264e-01,-8.555793477372729550e-01
1.000000000000000000e+00,3.549568422298817194e-01,9.808707960019704686e-01,7.706333870666547126e-02,0.000000000000000000e+00,0.000000000000000000e+00,2.464603932703213762e-01,-8.555793477372729550e-01
1.000000000000000000e+00,3.539870539237644498e-01,9.691540523478263669e-01,7.753433164211677442e-02,0.000000000000000000e+00,0.000000000000000000e+00,2.456577231141320317e-01,-8.476072638934537551e-01
9.999989587649561473e-01,3.554363827002381404e-01,9.688298996146994524e-01,9.748105871783205312e-02,3.751118166500518297e-05,0.000000000000000000e+00,2.450960523401550795e-01,-8.476072638934537551e-01
1.000000000000000000e+00,3.484437291257310165e-01,9.659610633351142228e-01,1.213666064919664972e-01,0.000000000000000000e+00,0.000000000000000000e+00,2.446213403299115352e-01,-8.439636902599016999e-01
1.000000000000000000e+00,3.529934081686525449e-01,9.663067272511022265e-01,1.262384217448159485e-01,0.000000000000000000e+00,0.000000000000000000e+00,2.441896985040556967e-01,-8.369488546264728379e-01
9.999999999998844258e-01,3.536538917276860761e-01,1.000000000000000000e+00,2.194445487670375061e-01,3.303963021454129568e-06,0.000000000000000000e+00,2.439289986576466118e-01,-8.206653896332989362e-01
1.000000000000000000e+00,3.536070058329070509e-01,9.345686057930389090e-01,1.044533623550160384e-01,2.867596554011711364e-05,0.000000000000000000e+00,2.428182698191190259e-01,-8.130839291880405106e-01
1.000000000000000000e+00,3.513453029032205244e-01,9.355595357300827697e-01,1.296431110284893273e-01,2.833627541827129327e-05,0.000000000000000000e+00,2.422261856833334837e-01,-8.025434079712773228e-01
9.961116959042290997e-01,3.502181732180701390e-01,9.456517078567130419e-01,1.914861077460690009e-01,4.694625834511205052e-04,0.000000000000000000e+00,2.416047958117975014e-01,-7.893527657364097783e-01
9.996830732868249303e-01,3.484507988184759597e-01,9.143105049553874597e-01,1.316159759974562804e-01,4.083931441853613548e-04,0.000000000000000000e+00,2.409699040688948746e-01,-7.824072854834680513e-01
1.000000000000000000e+00,3.465662052155702999e-01,8.793364839272594935e-01,7.987819807910381820e-02,2.833627541827129327e-05,0.000000000000000000e+00,2.401464154112624705e-01,-7.760898503979488661e-01
1.000000000000000000e+00,3.539911894379410007e-01,9.278600085128310138e-01,2.286123096422527645e-01,0.000000000000000000e+00,0.000000000000000000e+00,2.400213308699608028e-01,-7.714401764120007998e-01
1.000000000000000000e+00,3.513453029032205244e-01,9.202236377141540524e-01,2.136030052068618179e-01,2.865675058891721695e-05,0.000000000000000000e+00,2.396628905305648594e-01,-7.693885146934795749e-01
9.895173248473221328e-01,3.446780839178630873e-01,9.633870256114902553e-01,3.582986887728590863e-01,1.498073651945131500e-04,0.000000000000000000e+00,2.392446074889255092e-01,-7.619646558962300809e-01
1.000000000000000000e+00,3.446761611035419892e-01,9.634122799448487928e-01,3.539617526940930237e-01,1.491928631732405432e-04,0.000000000000000000e+00,2.385536251854457057e-01,-7.619646558962300809e-01
9.965819555541072239e-01,3.459640450397811207e-01,9.685460742796723199e-01,4.099931208031262764e-01,3.446683198829656705e-06,0.000000000000000000e+00,2.377710488392215660e-01,-7.553291157490923391e-01
1.000000000000000000e+00,3.459800206761989849e-01,9.606769304130551301e-01,4.158391004663602453e-01,1.586538009934588709e-04,0.000000000000000000e+00,2.371270281891054987e-01,-7.553291157490923391e-01
9.896388814433352277e-01,3.412710884792498622e-01,9.630991948130085412e-01,4.548310081637587654e-01,1.479076891426291574e-04,0.000000000000000000e+00,2.370574853691065631e-01,-7.431634588220372706e-01
9.999692783912053073e-01,3.422662795960229043e-01,9.364391371665542474e-01,4.055525115971652106e-01,4.752905477894446215e-04,0.000000000000000000e+00,2.360558276100901409e-01,-7.344514923804753570e-01
1.000000000000000000e+00,3.414762371046026201e-01,9.658925161409795956e-01,5.507148341226262289e-01,7.000853575327372139e-03,0.000000000000000000e+00,2.346466446239711956e-01,-7.213809293976628512e-01
9.915862852712716835e-01,3.446779266500805683e-01,9.854748959301188327e-01,6.544226061774964798e-01,1.501808717399435522e-04,0.000000000000000000e+00,2.337602714388173353e-01,-7.120704139366261787e-01
1.000000000000000000e+00,3.378203002569862279e-01,9.855286616290033219e-01,6.571053423720651931e-01,1.323702634732621458e-09,0.000000000000000000e+00,2.329643511998440442e-01,-7.120704139366261787e-01
9.999999920755886507e-01,3.415523212309699019e-01,9.720570784560310651e-01,6.621869504999748912e-01,6.388791301836156981e-04,0.000000000000000000e+00,2.325728690844456326e-01,-7.064881432543158590e-01
9.999260326667361864e-01,3.362330290826670565e-01,9.593717197863692592e-01,6.544370611208922828e-01,7.074808252074163114e-05,0.000000000000000000e+00,2.318447769831286642e-01,-6.975205848849608259e-01
9.999981256886131264e-01,3.379908549605211698e-01,9.438540177660016406e-01,6.793883320369904499e-01,8.204068309024245553e-03,0.000000000000000000e+00,2.311281136907116229e-01,-6.863094372264040288e-01
9.999999999956329377e-01,3.375651015538799760e-01,9.283855615035251363e-01,6.992690512720824980e-01,0.000000000000000000e+00,0.000000000000000000e+00,2.299102759247862726e-01,-6.709212478336127328e-01
9.996772119649137700e-01,3.298036663421820558e-01,8.921085487773189326e-01,6.478237195367065882e-01,0.000000000000000000e+00,0.000000000000000000e+00,2.292568507156075852e-01,-6.630796410269237384e-01
9.999943107835010947e-01,3.382825433445930674e-01,9.913817076275154294e-01,9.538034275053570710e-01,5.512321025178036236e-07,0.000000000000000000e+00,2.278348875210051971e-01,-6.565491435534377418e-01
9.993520347002639026e-01,3.216682135673917808e-01,9.818345669053814007e-01,1.000000000000000000e+00,6.298174254675741387e-07,0.000000000000000000e+00,2.265246768378991471e-01,-6.497920800394063612e-01
9.998648556204137172e-01,3.241110679707111530e-01,9.561335619137751873e-01,1.000000000000000000e+00,6.539073347162120079e-04,0.000000000000000000e+00,2.248510320430473497e-01,-6.379174498023663098e-01
1.000000000000000000e+00,3.210895211437183039e-01,9.255583968165530528e-01,1.000000000000000000e+00,4.849277631799243818e-04,0.000000000000000000e+00,2.238872772045629733e-01,-6.171131920593678766e-01
1.000000000000000000e+00,3.217795117534461014e-01,8.846020080043903722e-01,1.000000000000000000e+00,6.299730191666776656e-06,0.000000000000000000e+00,2.222421209995718572e-01,-6.139534958029466694e-01
9.998815077955685027e-01,3.204616105349959998e-01,7.505935395668614785e-01,9.433065256391317543e-01,2.741684542265104135e-02,0.000000000000000000e+00,2.205034831714662302e-01,-5.530934430946243818e-01
9.998688098462538143e-01,3.212743833721861120e-01,7.627558581340531108e-01,9.870611260723091140e-01,3.546522193130560838e-05,0.000000000000000000e+00,2.192260959047161450e-01,-5.530934430946243818e-01
9.999981546293407186e-01,3.183175234247259677e-01,5.949190248307797413e-01,1.000000000000000000e+00,1.069061292982068892e-06,0.000000000000000000e+00,2.170385573451670547e-01,-4.914259576007637409e-01
9.382055361088057488e-01,3.234117735404045124e-01,9.798921971921393803e-01,9.556095714401691144e-02,8.249946952577504877e-01,0.000000000000000000e+00,4.605377762529744290e-01,-8.789032433972565617e-01
9.999916922161850019e-01,4.574566005247965861e-01,9.796912515890716655e-01,3.382251848700507102e-02,6.374392217279572365e-04,0.000000000000000000e+00,2.603526665301548748e-01,-8.555793477372729550e-01
9.935462867964917066e-01,4.378396377678857587e-01,9.859023416951503416e-01,7.025550619493339810e-02,0.000000000000000000e+00,0.000000000000000000e+00,2.583413592736117370e-01,-8.555793477372729550e-01
1.000000000000000000e+00,3.406112178288134285e-01,1.000000000000000000e+00,9.671231116855782961e-02,5.840555052202195396e-02,0.000000000000000000e+00,2.560866798486082785e-01,-8.555793477372729550e-01
1.000000000000000000e+00,3.414671414028125906e-01,9.867041042976436582e-01,3.496897954586764001e-02,7.501300986971333137e-05,0.000000000000000000e+00,2.535749153278883394e-01,-8.555793477372729550e-01
1.000000000000000000e+00,3.933053894256071659e-01,9.885940859175693651e-01,8.369178291834569738e-02,2.062304845232104216e-06,0.000000000000000000e+00,2.519236803725116713e-01,-8.555793477372729550e-01
1.000000000000000000e+00,3.536801445336714145e-01,9.810203354143290921e-01,7.868312523568243844e-02,1.120555590889446146e-01,0.000000000000000000e+00,2.508628882646176672e-01,-8.555793477372729550e-01
1.000000000000000000e+00,3.465886364069539205e-01,9.938397218952490508e-01,6.383854973047092818e-02,2.040797900249831791e-05,0.000000000000000000e+00,2.498378372686423932e-01,-8.555793477372729550e-01
