5.000000000000000000e+02,4.658782000000000201e-01
1.000000000000000000e+03,4.753724999999999756e-01
1.500000000000000000e+03,5.206467999999999652e-01
2.000000000000000000e+03,4.795503999999999878e-01
2.500000000000000000e+03,4.819781000000000204e-01
3.000000000000000000e+03,4.791055000000000175e-01
3.500000000000000000e+03,4.782545000000000268e-01
4.000000000000000000e+03,4.795498000000000260e-01
4.500000000000000000e+03,4.800161000000000011e-01
5.000000000000000000e+03,4.813897999999999788e-01
5.500000000000000000e+03,4.850662000000000029e-01
6.000000000000000000e+03,4.850909999999999944e-01
6.500000000000000000e+03,4.853358999999999868e-01
7.000000000000000000e+03,4.854277000000000175e-01
7.500000000000000000e+03,4.858551999999999871e-01
8.000000000000000000e+03,4.863507000000000247e-01
8.500000000000000000e+03,4.873618000000000117e-01
9.000000000000000000e+03,4.836873999999999896e-01
9.500000000000000000e+03,4.849208999999999881e-01
1.000000000000000000e+04,4.851834999999999898e-01
1.050000000000000000e+04,4.814134999999999942e-01
1.100000000000000000e+04,4.849714999999999998e-01
1.150000000000000000e+04,4.876997000000000138e-01
1.200000000000000000e+04,4.877317999999999931e-01
1.250000000000000000e+04,4.877519000000000160e-01
1.300000000000000000e+04,4.877353999999999856e-01
1.350000000000000000e+04,4.877980000000000094e-01
1.400000000000000000e+04,4.878400999999999987e-01
1.450000000000000000e+04,4.878090999999999955e-01
1.500000000000000000e+04,4.877478000000000091e-01
1.550000000000000000e+04,4.877990999999999855e-01
1.600000000000000000e+04,4.877881000000000022e-01
1.650000000000000000e+04,4.878070999999999935e-01
1.700000000000000000e+04,4.878530999999999840e-01
1.750000000000000000e+04,4.878298999999999830e-01
1.800000000000000000e+04,4.841480000000000228e-01
1.850000000000000000e+04,4.841561999999999810e-01
1.900000000000000000e+04,4.878511999999999849e-01
1.950000000000000000e+04,4.879222999999999755e-01
2.000000000000000000e+04,4.841612000000000138e-01
2.050000000000000000e+04,4.841550000000000020e-01
2.100000000000000000e+04,4.841729000000000172e-01
2.150000000000000000e+04,4.841680999999999901e-01
2.200000000000000000e+04,4.841650000000000120e-01
2.250000000000000000e+04,4.841909999999999825e-01
2.300000000000000000e+04,4.841192999999999746e-01
2.350000000000000000e+04,4.878229000000000037e-01
2.400000000000000000e+04,4.877975999999999979e-01
2.450000000000000000e+04,4.878595000000000015e-01
2.500000000000000000e+04,4.842329000000000216e-01
2.550000000000000000e+04,4.878239999999999799e-01
2.600000000000000000e+04,4.842424000000000173e-01
2.650000000000000000e+04,4.842468999999999801e-01
2.700000000000000000e+04,4.878681000000000267e-01
2.750000000000000000e+04,4.878780999999999812e-01
2.800000000000000000e+04,4.877919000000000005e-01
2.850000000000000000e+04,4.842549999999999910e-01
2.900000000000000000e+04,4.842531999999999948e-01
2.950000000000000000e+04,4.878886000000000056e-01
3.000000000000000000e+04,4.842560000000000198e-01
3.050000000000000000e+04,4.842557000000000111e-01
3.100000000000000000e+04,4.842550999999999939e-01
3.150000000000000000e+04,4.842449999999999810e-01
3.200000000000000000e+04,4.842446000000000250e-01
3.250000000000000000e+04,4.842438000000000020e-01
3.300000000000000000e+04,4.879462999999999995e-01
3.350000000000000000e+04,4.879605000000000192e-01
3.400000000000000000e+04,4.879530999999999730e-01
3.450000000000000000e+04,4.879509000000000207e-01
3.500000000000000000e+04,4.879489000000000187e-01
3.550000000000000000e+04,4.879520999999999997e-01
3.600000000000000000e+04,4.879512999999999767e-01
3.650000000000000000e+04,4.879564000000000124e-01
3.700000000000000000e+04,4.879533999999999816e-01
3.750000000000000000e+04,4.879555999999999893e-01
3.800000000000000000e+04,4.879630999999999830e-01
3.850000000000000000e+04,4.879753000000000007e-01
3.900000000000000000e+04,4.879753000000000007e-01
3.950000000000000000e+04,4.879723000000000255e-01
4.000000000000000000e+04,4.879446000000000061e-01
4.050000000000000000e+04,4.879422999999999955e-01
4.100000000000000000e+04,4.879377999999999771e-01
4.150000000000000000e+04,4.879377999999999771e-01
4.200000000000000000e+04,4.879431000000000185e-01
4.250000000000000000e+04,4.879422999999999955e-01
4.300000000000000000e+04,4.879370000000000096e-01
4.350000000000000000e+04,4.879214000000000051e-01
4.400000000000000000e+04,4.879101000000000132e-01
4.450000000000000000e+04,4.879255000000000120e-01
4.500000000000000000e+04,4.879290000000000016e-01
4.550000000000000000e+04,4.879456999999999822e-01
4.600000000000000000e+04,4.879477999999999871e-01
4.650000000000000000e+04,4.879448000000000119e-01
4.700000000000000000e+04,4.879494999999999805e-01
4.750000000000000000e+04,4.879510000000000236e-01
4.800000000000000000e+04,4.879497999999999891e-01
4.850000000000000000e+04,4.879505000000000092e-01
4.900000000000000000e+04,4.879453999999999736e-01
4.950000000000000000e+04,4.879444000000000004e-01
5.000000000000000000e+04,4.879460999999999937e-01
5.050000000000000000e+04,4.879449000000000147e-01
5.100000000000000000e+04,4.879453000000000262e-01
5.150000000000000000e+04,4.879453000000000262e-01
5.200000000000000000e+04,4.879450000000000176e-01
5.250000000000000000e+04,4.879512999999999767e-01
5.300000000000000000e+04,4.879475999999999813e-01
5.350000000000000000e+04,4.879513999999999796e-01
5.400000000000000000e+04,4.879491000000000245e-01
5.450000000000000000e+04,4.879536999999999902e-01
5.500000000000000000e+04,4.879835000000000145e-01
5.550000000000000000e+04,4.879837000000000202e-01
5.600000000000000000e+04,4.879850000000000021e-01
5.650000000000000000e+04,4.879718000000000111e-01
5.700000000000000000e+04,4.879711999999999938e-01
5.750000000000000000e+04,4.879743000000000275e-01
5.800000000000000000e+04,4.879579000000000000e-01
5.850000000000000000e+04,4.879585000000000172e-01
5.900000000000000000e+04,4.879580000000000028e-01
5.950000000000000000e+04,4.879492999999999747e-01
6.000000000000000000e+04,4.879491000000000245e-01
