8.959349108282518293e-01,6.611279494053373673e-01,1.000000000000000000e+00,7.861504836107442024e-03,8.828391068535966779e-01,5.555555555555555802e-01,3.042916076215182453e-01,-9.340736922295825861e-01
9.482374139638207744e-01,6.498314269019920264e-01,9.995467868260298205e-01,5.554222511677514573e-02,8.225949643104191189e-02,5.555555555555555802e-01,2.847295043119597024e-01,-9.188923909615499541e-01
9.999712807570857453e-01,3.484604668607009792e-01,1.000000000000000000e+00,0.000000000000000000e+00,0.000000000000000000e+00,5.555555555555555802e-01,2.751848954794331448e-01,-9.188923909615499541e-01
1.000000000000000000e+00,4.604585721078985894e-01,9.789866572896910313e-01,6.020775828487068271e-02,0.000000000000000000e+00,5.555555555555555802e-01,2.673615892926005100e-01,-9.188923909615499541e-01
9.999997082877603027e-01,3.620812619152237177e-01,9.938006441822707648e-01,0.000000000000000000e+00,1.838205440272110418e-04,5.555555555555555802e-01,2.611302716469736107e-01,-9.188923909615499541e-01
1.000000000000000000e+00,3.650320891932427592e-01,9.720143997396590851e-01,5.308915268574238011e-02,3.252554812858632349e-03,5.555555555555555802e-01,2.562690662700927713e-01,-9.188923909615499541e-01
1.000000000000000000e+00,3.650499931178690649e-01,9.967208873542154901e-01,2.039523934893623380e-01,3.171566609463667263e-06,5.555555555555555802e-01,2.535903855274159735e-01,-8.873642038757780792e-01
1.000000000000000000e+00,3.638413493997827430e-01,9.700777468097793177e-01,2.184788813249191886e-01,1.436053942552873338e-09,5.555555555555555802e-01,2.514208619705447512e-01,-8.823475018406499171e-01
9.998764539447779764e-01,3.650772928438836828e-01,9.016532612609561292e-01,5.880896343682572719e-02,0.000000000000000000e+00,5.555555555555555802e-01,2.509253701577892071e-01,-8.696055203691929192e-01
1.000000000000000000e+00,3.652037317728653032e-01,9.461948235902293280e-01,1.892442594896593944e-01,1.903938945265762025e-04,5.555555555555555802e-01,2.507230343385033478e-01,-8.570155022059207095e-01
9.999990909254974358e-01,3.519852586507842274e-01,9.793109288745484031e-01,3.226373149088022085e-01,3.753174713402795352e-04,5.555555555555555802e-01,2.502035229273919525e-01,-8.508030911002590901e-01
9.981544943569573558e-01,3.652319780140262928e-01,9.698164999333728220e-01,3.215595072032340074e-01,1.898529373744607782e-04,5.555555555555555802e-01,2.493232148631377709e-01,-8.277203206296679383e-01
1.000000000000000000e+00,3.564859017060688640e-01,9.654323918259454240e-01,3.937293434068351305e-01,0.000000000000000000e+00,5.555555555555555802e-01,2.468925378752078459e-01,-8.259129590659268771e-01
1.000000000000000000e+00,3.568982827256182433e-01,9.900942207442525733e-01,5.125524770485327952e-01,0.000000000000000000e+00,5.555555555555555802e-01,2.456524078230797603e-01,-8.046229212425012323e-01
9.999933487509757857e-01,3.520594314565191896e-01,9.343076288012551744e-01,4.455130250601861963e-01,0.000000000000000000e+00,5.555555555555555802e-01,2.440154654836884374e-01,-7.990517711485376484e-01
9.989121559259754868e-01,3.520216777964685906e-01,9.310947185251347014e-01,5.074894576844394267e-01,2.049869693604140872e-05,5.555555555555555802e-01,2.426580518413735399e-01,-7.626534871416065231e-01
1.000000000000000000e+00,3.471633309368765130e-01,9.375962643685967768e-01,6.257380852623574130e-01,0.000000000000000000e+00,5.555555555555555802e-01,2.403952612414136936e-01,-7.552815320179656622e-01
1.000000000000000000e+00,3.371462951303496047e-01,9.279572941970125610e-01,7.219468285867941537e-01,7.640838374852940412e-06,5.555555555555555802e-01,2.385481078842560942e-01,-7.373343543646870835e-01
9.999996104075380421e-01,3.373202912213714155e-01,9.215238224218914587e-01,7.931047701142051043e-01,3.760891360180302506e-04,5.555555555555555802e-01,2.365002442780210767e-01,-7.112662693969449279e-01
9.999091728245498301e-01,3.311089197099705284e-01,9.520623165932682319e-01,1.000000000000000000e+00,0.000000000000000000e+00,5.555555555555555802e-01,2.342154373477000062e-01,-6.952149666298622632e-01
1.000000000000000000e+00,3.366880510027363549e-01,8.985627942513884081e-01,9.694001554666082932e-01,3.958185654863215219e-03,5.555555555555555802e-01,2.321672162765725245e-01,-6.583721902651926694e-01
9.998958654669625190e-01,3.296077391938350143e-01,8.059464218535291602e-01,9.931675366326272458e-01,0.000000000000000000e+00,5.555555555555555802e-01,2.284782900449073006e-01,-6.305719417220657652e-01
9.981028268201581621e-01,3.295671469806955578e-01,6.361640605039705632e-01,1.000000000000000000e+00,9.233592909304369561e-12,5.555555555555555802e-01,2.251573351445760873e-01,-5.609743266419423557e-01
8.785923031176088305e-01,3.548077276918217837e-01,3.656102252171096190e-01,9.846148946146467962e-01,1.000000000000000000e+00,5.555555555555555802e-01,2.199065145079137085e-01,-4.758903026409250225e-01
9.999966913018949466e-01,3.386461014578556195e-01,9.999570816382317151e-01,5.266705494653282915e-02,1.728808369399753434e-05,5.555555555555555802e-01,2.916720519960237512e-01,-9.188923909615499541e-01
1.000000000000000000e+00,3.549837872845044151e-01,9.709312332358627229e-01,4.541967517473773780e-02,3.143706696570243708e-01,5.555555555555555802e-01,2.710439921999790447e-01,-9.188923909615499541e-01
1.000000000000000000e+00,3.920161521560225348e-01,9.810821001818220699e-01,8.458660540438173170e-02,0.000000000000000000e+00,5.555555555555555802e-01,2.583989418265034144e-01,-9.188923909615499541e-01
9.999499119955508331e-01,3.646401189490647288e-01,9.120093931878818783e-01,3.539054240552626240e-03,0.000000000000000000e+00,5.555555555555555802e-01,2.528950878433515181e-01,-8.861320453635701533e-01
1.000000000000000000e+00,3.574847006247386938e-01,9.041339914075977591e-01,6.020775828487068271e-02,0.000000000000000000e+00,5.555555555555555802e-01,2.512445305323616207e-01,-8.696055203691929192e-01
1.000000000000000000e+00,3.590647400172314874e-01,9.795615826727598341e-01,3.225541060866877197e-01,1.112781113205860508e-06,5.555555555555555802e-01,2.494252070818547551e-01,-8.508030911002590901e-01
9.999905267582451796e-01,3.520743167847934507e-01,9.420754172771116375e-01,4.094456337222441844e-01,0.000000000000000000e+00,5.555555555555555802e-01,2.452361930389889422e-01,-7.990517711485376484e-01
1.000000000000000000e+00,3.471203830404427926e-01,9.850758607001194322e-01,6.237064461678516469e-01,8.663963520478503513e-07,5.555555555555555802e-01,2.429107743671367892e-01,-7.742859178807802722e-01
9.999989972145248984e-01,3.534018326584087433e-01,9.905383199178923181e-01,8.460943578134192400e-01,0.000000000000000000e+00,5.555555555555555802e-01,2.392208004664685972e-01,-7.484288542424497592e-01
9.995559799997016937e-01,3.375180481718010328e-01,9.058970136568298415e-01,7.931047701142051043e-01,0.000000000000000000e+00,5.555555555555555802e-01,2.357608685896484257e-01,-7.112662693969449279e-01
9.998954104334145665e-01,3.384371393490076541e-01,8.052604521861264075e-01,1.000000000000000000e+00,4.519623697855297551e-02,5.555555555555555802e-01,2.304282818391755749e-01,-6.305719417220657652e-01
9.962851039508380246e-01,3.238936262647083009e-01,4.471126548278701596e-01,1.000000000000000000e+00,9.734161751358547665e-01,5.555555555555555802e-01,2.230065847346634766e-01,-5.071159317789872834e-01
9.999999862271069517e-01,3.566827888340087793e-01,9.933169251902356223e-01,0.000000000000000000e+00,1.841667904077838049e-04,5.555555555555555802e-01,2.640734347157877582e-01,-9.188923909615499541e-01
9.999806676840943265e-01,3.627663228211398527e-01,9.699088688879864417e-01,1.727633125742660258e-01,1.427236326150460501e-06,5.555555555555555802e-01,2.525845901933528870e-01,-8.823475018406499171e-01
1.000000000000000000e+00,3.460043804815872148e-01,9.925154493035708292e-01,7.193376335403357524e-01,9.050772509981246799e-03,5.555555555555555802e-01,2.415245814351729969e-01,-7.597758104719106731e-01
9.995342751762574807e-01,3.449762723001849607e-01,9.195831405659881108e-01,9.860357037981939410e-01,2.566754847501193223e-04,5.555555555555555802e-01,2.333938333493383310e-01,-6.767772469634241173e-01
9.028177923356309753e-01,3.548325910495153668e-01,2.277753408826189985e-01,9.999521249092822028e-01,1.000000000000000000e+00,5.555555555555555802e-01,2.164529853779460777e-01,-4.357526158895058122e-01
9.999984486083398627e-01,3.662407427928233150e-01,9.686068366129655383e-01,9.506714996916031113e-02,1.297461801514039679e-04,5.555555555555555802e-01,2.545365103583042132e-01,-9.188923909615499541e-01
9.999997330060614864e-01,3.590481833247899934e-01,9.791882463548090554e-01,3.714258606186633394e-01,0.000000000000000000e+00,5.555555555555555802e-01,2.482390795526913940e-01,-8.259129590659268771e-01
9.999999953452549661e-01,3.487130553265407329e-01,9.674114596775155173e-01,8.399628553718405666e-01,0.000000000000000000e+00,5.555555555555555802e-01,2.378177042555235654e-01,-7.257389740951794010e-01
9.999999965839093674e-01,3.465993445551009411e-01,9.707674320584481764e-01,6.481968260815385019e-02,3.282142895419705164e-01,5.555555555555555802e-01,2.801014703498239666e-01,-9.188923909615499541e-01
9.997484213425156252e-01,3.475061646873440768e-01,9.400473882931403846e-01,5.023051648292025106e-01,1.954831185910196390e-04,5.555555555555555802e-01,2.432208852204097438e-01,-7.914537789291975489e-01
9.981360192424277855e-01,3.295670435274789534e-01,7.416518554796474039e-01,1.000000000000000000e+00,0.000000000000000000e+00,5.555555555555555802e-01,2.267649245913782030e-01,-6.094038229679715757e-01
9.048140567850575522e-01,6.434927303001044541e-01,1.000000000000000000e+00,0.000000000000000000e+00,9.165034018548813277e-01,5.555555555555555802e-01,3.037049768852405629e-01,-9.340736922295825861e-01
8.930822337405245337e-01,6.635099356430473883e-01,9.717891130352943607e-01,7.356601010799809770e-03,3.169032077508470713e-01,5.555555555555555802e-01,2.940487660655027868e-01,-9.188923909615499541e-01
1.000000000000000000e+00,3.451786330988962370e-01,9.992729615954211164e-01,9.322103145494969878e-02,4.863558561065106645e-02,5.555555555555555802e-01,2.752227301603425436e-01,-9.188923909615499541e-01
9.999935781821971403e-01,3.475590926433676509e-01,9.702406308851396766e-01,4.248834863071265788e-02,7.990263484787046844e-02,5.555555555555555802e-01,2.710950684732935656e-01,-9.188923909615499541e-01
1.000000000000000000e+00,3.615150003338983842e-01,9.943750715813071128e-01,2.647150214440546767e-02,1.630009008706069518e-01,5.555555555555555802e-01,2.673967973566011014e-01,-9.188923909615499541e-01
1.000000000000000000e+00,4.207816065682984386e-01,9.918865694129259669e-01,5.971058208029701719e-02,9.844913177075398023e-03,5.555555555555555802e-01,2.641751658814752712e-01,-9.188923909615499541e-01
1.000000000000000000e+00,3.620812619152237177e-01,9.938026197834327613e-01,0.000000000000000000e+00,1.809876474194172782e-04,5.555555555555555802e-01,2.611303014331737282e-01,-9.188923909615499541e-01
9.998798928947798537e-01,3.648537323022532641e-01,9.772844442785773023e-01,3.519951012407377539e-03,0.000000000000000000e+00,5.555555555555555802e-01,2.583661343606263316e-01,-9.188923909615499541e-01
1.000000000000000000e+00,3.660714764801703547e-01,9.687578759099980674e-01,5.858034488425289260e-02,2.647086957377122883e-04,5.555555555555555802e-01,2.556136299767614029e-01,-9.188923909615499541e-01
1.000000000000000000e+00,3.662413032985287198e-01,9.686444084170834357e-01,9.510626509207438517e-02,1.297684953349276379e-04,5.555555555555555802e-01,2.545380572537686570e-01,-9.188923909615499541e-01
9.998360259033068909e-01,3.650941897542986370e-01,9.957783527655078570e-01,2.015437070057846392e-01,4.178974104902127579e-06,5.555555555555555802e-01,2.536032825106827593e-01,-8.873642038757780792e-01
9.999987640987008097e-01,3.651263424524708867e-01,9.107348846832049594e-01,0.000000000000000000e+00,2.138840722393693943e-04,5.555555555555555802e-01,2.528955382073570513e-01,-8.861320453635701533e-01
1.000000000000000000e+00,3.637541694500754375e-01,9.705522528841147301e-01,2.187977603879361355e-01,1.407451898327790616e-09,5.555555555555555802e-01,2.514409199737980272e-01,-8.823475018406499171e-01
9.998837139255668527e-01,3.588780905337136673e-01,9.018545614858193282e-01,5.084861115017588751e-02,0.000000000000000000e+00,5.555555555555555802e-01,2.511963198467853653e-01,-8.696055203691929192e-01
1.000000000000000000e+00,3.650065198065268746e-01,9.022003524187948154e-01,5.952754620721009693e-02,5.434547191973118033e-06,5.555555555555555802e-01,2.509319066422289746e-01,-8.696055203691929192e-01
9.999111676280318939e-01,3.619651543799162208e-01,9.478729187893648600e-01,1.896158096474777621e-01,2.151836039831157756e-04,5.555555555555555802e-01,2.506904367275943901e-01,-8.570155022059207095e-01
9.998837467368590914e-01,3.523516797304360737e-01,9.793109288745484031e-01,3.203650063922220403e-01,2.147764954934218103e-04,5.555555555555555802e-01,2.502027298791109633e-01,-8.508030911002590901e-01
1.000000000000000000e+00,3.623141763840532215e-01,9.798980851921905710e-01,3.265802306410326428e-01,0.000000000000000000e+00,5.555555555555555802e-01,2.494306938441486488e-01,-8.508030911002590901e-01
1.000000000000000000e+00,3.650630213649918576e-01,9.719570662766949809e-01,3.272477103280446165e-01,0.000000000000000000e+00,5.555555555555555802e-01,2.492119215850972791e-01,-8.277203206296679383e-01
1.000000000000000000e+00,3.561902754154091522e-01,9.900978382227718644e-01,3.985726435046496041e-01,1.305501350788417501e-04,5.555555555555555802e-01,2.482610741349476902e-01,-8.259129590659268771e-01
9.999996825497708963e-01,3.565710833659948009e-01,9.685291035667981108e-01,3.987479631909504052e-01,0.000000000000000000e+00,5.555555555555555802e-01,2.469554550047879105e-01,-8.259129590659268771e-01
9.999890015538400734e-01,3.579243493290755196e-01,9.878558588976087407e-01,5.093872950334568106e-01,0.000000000000000000e+00,5.555555555555555802e-01,2.456777771546068134e-01,-8.046229212425012323e-01
9.998829514015222797e-01,3.520743167847934507e-01,9.423999387188648491e-01,4.150391891933769561e-01,2.153217583886637520e-04,5.555555555555555802e-01,2.451428171973427383e-01,-7.990517711485376484e-01
9.999991304766857603e-01,3.519800696938459872e-01,9.349899892029081006e-01,4.457277006463697400e-01,0.000000000000000000e+00,5.555555555555555802e-01,2.440452298000218290e-01,-7.990517711485376484e-01
1.000000000000000000e+00,3.565956355913995068e-01,9.392891994427547964e-01,5.011824155905616474e-01,0.000000000000000000e+00,5.555555555555555802e-01,2.434843853075475684e-01,-7.914537789291975489e-01
1.000000000000000000e+00,3.471203830404427926e-01,9.831864504081786471e-01,6.200604463800667432e-01,8.660433903234907830e-07,5.555555555555555802e-01,2.428892940696490976e-01,-7.742859178807802722e-01
9.981978951514598464e-01,3.520216777964685906e-01,9.310947185251347014e-01,5.116942944646640790e-01,2.071297223217861668e-04,5.555555555555555802e-01,2.426184965959195250e-01,-7.626534871416065231e-01
9.980516223220735617e-01,3.471553335489121483e-01,9.922409604222811597e-01,7.216439739122899599e-01,9.378864217456817087e-03,5.555555555555555802e-01,2.415780018295144993e-01,-7.597758104719106731e-01
1.000000000000000000e+00,3.471203830404427926e-01,9.367832108655474999e-01,6.237564003121265355e-01,8.734541239900772279e-07,5.555555555555555802e-01,2.403963704175096638e-01,-7.552815320179656622e-01
9.999531556713801006e-01,3.396827732941890554e-01,1.000000000000000000e+00,8.410096650074156965e-01,0.000000000000000000e+00,5.555555555555555802e-01,2.392877952366738725e-01,-7.484288542424497592e-01
1.000000000000000000e+00,3.457525558026876000e-01,9.279402522701276634e-01,7.222332147607145592e-01,0.000000000000000000e+00,5.555555555555555802e-01,2.380759940844481004e-01,-7.373343543646870835e-01
1.000000000000000000e+00,3.486528539572752994e-01,9.673478556641716963e-01,8.399628553718405666e-01,0.000000000000000000e+00,5.555555555555555802e-01,2.378079441567974850e-01,-7.257389740951794010e-01
9.999973563850133029e-01,3.360953637805207395e-01,9.060145129874275227e-01,7.773829018372424571e-01,0.000000000000000000e+00,5.555555555555555802e-01,2.362229610067386465e-01,-7.112662693969449279e-01
9.999806591316736659e-01,3.367139231564135193e-01,9.035616829721682119e-01,7.785499742505079812e-01,0.000000000000000000e+00,5.555555555555555802e-01,2.360037808699009532e-01,-7.112662693969449279e-01
9.981126296744330384e-01,3.450687394081198844e-01,9.598424537706001791e-01,1.000000000000000000e+00,0.000000000000000000e+00,5.555555555555555802e-01,2.344690424934804396e-01,-6.952149666298622632e-01
9.998767372960927213e-01,3.456924720096639647e-01,9.031954094768465113e-01,9.823369014923920561e-01,0.000000000000000000e+00,5.555555555555555802e-01,2.331006632451158578e-01,-6.767772469634241173e-01
9.998965776397555905e-01,3.296856188382422115e-01,9.018545614858193282e-01,1.000000000000000000e+00,0.000000000000000000e+00,5.555555555555555802e-01,2.319620387728337507e-01,-6.583721902651926694e-01
9.998968675800434802e-01,3.296096027258826333e-01,8.059448041276504604e-01,9.931040026818411803e-01,0.000000000000000000e+00,5.555555555555555802e-01,2.284792805422973805e-01,-6.305719417220657652e-01
9.979831461799919534e-01,3.295427372809174860e-01,7.416518554796474039e-01,1.000000000000000000e+00,0.000000000000000000e+00,5.555555555555555802e-01,2.267697254368433724e-01,-6.094038229679715757e-01
9.999463531797413429e-01,3.295671469806955578e-01,6.431454762933607183e-01,1.000000000000000000e+00,9.378297763378171829e-12,5.555555555555555802e-01,2.251945960731808749e-01,-5.609743266419423557e-01
9.963162826124564164e-01,3.240230645929692566e-01,4.522546724030107046e-01,1.000000000000000000e+00,1.000000000000000000e+00,5.555555555555555802e-01,2.229612931032296519e-01,-5.071159317789872834e-01
8.789797812112384312e-01,3.545572798983797069e-01,3.728447500734760611e-01,9.995745424544665303e-01,1.000000000000000000e+00,5.555555555555555802e-01,2.199013759075339747e-01,-4.758903026409250225e-01
9.018665077722758383e-01,3.548193562087371133e-01,2.326201097527341721e-01,9.999514519587442418e-01,1.000000000000000000e+00,5.555555555555555802e-01,2.164655556995859764e-01,-4.464714670999065937e-01
1.000000000000000000e+00,2.891922807381519522e-01,9.948783589654723869e-01,4.299557515073634817e-02,9.112927201194656046e-01,5.555555555555555802e-01,5.876530422436109236e-01,-9.340736922295825861e-01
8.617602153116263874e-01,6.536836575638245161e-01,9.687613783264373835e-01,5.031150416766774769e-02,9.384131829079683795e-02,5.555555555555555802e-01,2.881021206353267528e-01,-9.188923909615499541e-01
9.823889342826256366e-01,3.469420437430283943e-01,9.727144484436969218e-01,8.233397211244514180e-02,9.321132231280393476e-03,5.555555555555555802e-01,2.754338045252007761e-01,-9.188923909615499541e-01
9.629632948723280128e-01,3.678824898379966513e-01,1.000000000000000000e+00,2.197110566137916443e-03,1.795462384987989851e-02,5.555555555555555802e-01,2.711196739230438690e-01,-9.188923909615499541e-01
1.000000000000000000e+00,4.613666205117282759e-01,9.812341628740933741e-01,8.389318063801497194e-02,0.000000000000000000e+00,5.555555555555555802e-01,2.671375792351189382e-01,-9.188923909615499541e-01
1.000000000000000000e+00,3.535576876916186606e-01,1.000000000000000000e+00,5.485800612946029747e-02,1.701333056809018883e-05,5.555555555555555802e-01,2.642182204557690928e-01,-9.188923909615499541e-01
9.999997085050104095e-01,3.620091843530730547e-01,9.936596394686919576e-01,0.000000000000000000e+00,0.000000000000000000e+00,5.555555555555555802e-01,2.611316671760117170e-01,-9.188923909615499541e-01
9.999989140715925817e-01,3.646496940230343764e-01,9.770713850961422198e-01,3.539054240552626240e-03,0.000000000000000000e+00,5.555555555555555802e-01,2.583655783859437616e-01,-9.188923909615499541e-01
1.000000000000000000e+00,3.650630213649918576e-01,9.719410317309330472e-01,5.494685972127359708e-02,9.321132231280393476e-03,5.555555555555555802e-01,2.564649961061455374e-01,-9.188923909615499541e-01
1.000000000000000000e+00,3.650411731641207691e-01,9.685114624358528435e-01,9.523770336887669996e-02,2.593040030739353352e-04,5.555555555555555802e-01,2.545698742175550033e-01,-9.188923909615499541e-01
