5.000000000000000000e+02,3.415060999999999791e-01
1.000000000000000000e+03,3.784499000000000057e-01
1.500000000000000000e+03,3.816819000000000184e-01
2.000000000000000000e+03,3.546367000000000269e-01
2.500000000000000000e+03,3.556345000000000200e-01
3.000000000000000000e+03,3.539572000000000274e-01
3.500000000000000000e+03,3.576419000000000126e-01
4.000000000000000000e+03,3.581628000000000034e-01
4.500000000000000000e+03,3.582217999999999791e-01
5.000000000000000000e+03,3.583134000000000041e-01
5.500000000000000000e+03,3.587290000000000201e-01
6.000000000000000000e+03,3.590555000000000274e-01
6.500000000000000000e+03,3.591559999999999753e-01
7.000000000000000000e+03,3.594073999999999880e-01
7.500000000000000000e+03,3.594628999999999741e-01
8.000000000000000000e+03,3.594533999999999785e-01
8.500000000000000000e+03,3.594484000000000012e-01
9.000000000000000000e+03,3.594345999999999930e-01
9.500000000000000000e+03,3.594629999999999770e-01
1.000000000000000000e+04,3.595229999999999815e-01
1.050000000000000000e+04,3.595586000000000060e-01
1.100000000000000000e+04,3.595320000000000182e-01
1.150000000000000000e+04,3.596816999999999931e-01
1.200000000000000000e+04,3.597537000000000096e-01
1.250000000000000000e+04,3.597173000000000176e-01
1.300000000000000000e+04,3.605369999999999964e-01
1.350000000000000000e+04,3.597971999999999837e-01
1.400000000000000000e+04,3.598177000000000181e-01
1.450000000000000000e+04,3.597684999999999911e-01
1.500000000000000000e+04,3.598071999999999937e-01
1.550000000000000000e+04,3.598236000000000212e-01
1.600000000000000000e+04,3.598382999999999998e-01
1.650000000000000000e+04,3.599414000000000224e-01
1.700000000000000000e+04,3.599879999999999747e-01
1.750000000000000000e+04,3.599864999999999871e-01
1.800000000000000000e+04,3.602769000000000110e-01
1.850000000000000000e+04,3.602559000000000178e-01
1.900000000000000000e+04,3.602075000000000138e-01
1.950000000000000000e+04,3.601740999999999970e-01
2.000000000000000000e+04,3.601726000000000094e-01
2.050000000000000000e+04,3.601849999999999774e-01
2.100000000000000000e+04,3.602028999999999925e-01
2.150000000000000000e+04,3.601971999999999952e-01
2.200000000000000000e+04,3.602043999999999802e-01
2.250000000000000000e+04,3.606537000000000215e-01
2.300000000000000000e+04,3.606704000000000021e-01
2.350000000000000000e+04,3.606883000000000172e-01
2.400000000000000000e+04,3.606935000000000002e-01
2.450000000000000000e+04,3.606848999999999750e-01
2.500000000000000000e+04,3.608823999999999921e-01
2.550000000000000000e+04,3.608965000000000090e-01
2.600000000000000000e+04,3.608935999999999811e-01
2.650000000000000000e+04,3.609282999999999797e-01
2.700000000000000000e+04,3.609550999999999732e-01
2.750000000000000000e+04,3.609523000000000037e-01
2.800000000000000000e+04,3.609554999999999847e-01
2.850000000000000000e+04,3.609605000000000175e-01
2.900000000000000000e+04,3.609871000000000052e-01
2.950000000000000000e+04,3.610266999999999782e-01
3.000000000000000000e+04,3.610408999999999979e-01
3.050000000000000000e+04,3.610639999999999961e-01
3.100000000000000000e+04,3.610655999999999866e-01
3.150000000000000000e+04,3.610434000000000143e-01
3.200000000000000000e+04,3.610510000000000108e-01
3.250000000000000000e+04,3.611316999999999999e-01
3.300000000000000000e+04,3.611346999999999752e-01
3.350000000000000000e+04,3.611559999999999770e-01
3.400000000000000000e+04,3.611616000000000271e-01
3.450000000000000000e+04,3.611588000000000021e-01
3.500000000000000000e+04,3.611651000000000167e-01
3.550000000000000000e+04,3.612504999999999744e-01
3.600000000000000000e+04,3.612343000000000082e-01
3.650000000000000000e+04,3.611835999999999935e-01
3.700000000000000000e+04,3.612356999999999929e-01
3.750000000000000000e+04,3.612233000000000249e-01
3.800000000000000000e+04,3.612484000000000250e-01
3.850000000000000000e+04,3.612725999999999993e-01
3.900000000000000000e+04,3.612801999999999958e-01
3.950000000000000000e+04,3.612577000000000149e-01
4.000000000000000000e+04,3.612614000000000103e-01
4.050000000000000000e+04,3.612632000000000065e-01
4.100000000000000000e+04,3.612565999999999833e-01
4.150000000000000000e+04,3.612653000000000114e-01
4.200000000000000000e+04,3.612474999999999992e-01
4.250000000000000000e+04,3.612531999999999965e-01
4.300000000000000000e+04,3.612532999999999994e-01
4.350000000000000000e+04,3.612608999999999959e-01
4.400000000000000000e+04,3.612641999999999798e-01
4.450000000000000000e+04,3.613735000000000142e-01
4.500000000000000000e+04,3.613736000000000170e-01
4.550000000000000000e+04,3.613525000000000209e-01
4.600000000000000000e+04,3.613249000000000044e-01
4.650000000000000000e+04,3.613384000000000040e-01
4.700000000000000000e+04,3.613400999999999974e-01
4.750000000000000000e+04,3.613565000000000249e-01
4.800000000000000000e+04,3.613723999999999825e-01
4.850000000000000000e+04,3.613783999999999885e-01
4.900000000000000000e+04,3.613783999999999885e-01
4.950000000000000000e+04,3.620978000000000252e-01
5.000000000000000000e+04,3.613772000000000095e-01
5.050000000000000000e+04,3.613696000000000130e-01
5.100000000000000000e+04,3.613681000000000254e-01
5.150000000000000000e+04,3.613782999999999856e-01
5.200000000000000000e+04,3.613728999999999969e-01
5.250000000000000000e+04,3.612989999999999813e-01
5.300000000000000000e+04,3.613260999999999834e-01
5.350000000000000000e+04,3.613632999999999984e-01
5.400000000000000000e+04,3.613813000000000164e-01
5.450000000000000000e+04,3.613967000000000152e-01
5.500000000000000000e+04,3.614024000000000125e-01
5.550000000000000000e+04,3.614052999999999849e-01
5.600000000000000000e+04,3.614076999999999984e-01
5.650000000000000000e+04,3.614099000000000061e-01
5.700000000000000000e+04,3.614124000000000225e-01
5.750000000000000000e+04,3.613883999999999985e-01
5.800000000000000000e+04,3.613893000000000244e-01
5.850000000000000000e+04,3.614075999999999955e-01
5.900000000000000000e+04,3.614235000000000086e-01
5.950000000000000000e+04,3.614170999999999911e-01
6.000000000000000000e+04,3.614195000000000046e-01
