6.722841168652563537e-01,5.340832049264212511e-01,1.000000000000000000e+00,5.922872492212072348e-03,4.313919052612038563e-01,3.333333333333333148e-01,2.981375059593618926e-01,-9.076210774254018787e-01
1.000000000000000000e+00,3.619202120362535746e-01,9.782828510370120689e-01,6.422556134982321252e-02,3.215508047755245152e-02,3.333333333333333148e-01,2.539501887924125456e-01,-8.926073193274963735e-01
9.999995972078945528e-01,3.664357794837295734e-01,9.669625433624077226e-01,5.277714466353647382e-02,3.955851276235340024e-07,3.333333333333333148e-01,2.520747658635908994e-01,-8.873478600204930400e-01
9.999999999958394392e-01,3.594855500896203537e-01,9.658529399709404606e-01,1.188065445583195989e-01,0.000000000000000000e+00,3.333333333333333148e-01,2.502184806570291742e-01,-8.564989983914443883e-01
1.000000000000000000e+00,3.606834822319421319e-01,9.606742139422287385e-01,1.409778695964261086e-01,0.000000000000000000e+00,3.333333333333333148e-01,2.492800855839334417e-01,-8.417895622697193492e-01
1.000000000000000000e+00,3.558004343150367732e-01,9.812034869451461416e-01,2.627518917179486602e-01,0.000000000000000000e+00,3.333333333333333148e-01,2.475426456249389950e-01,-8.254703382393270283e-01
1.000000000000000000e+00,3.559156204653551314e-01,9.605696145108341133e-01,2.636407217741940645e-01,0.000000000000000000e+00,3.333333333333333148e-01,2.462442054890536247e-01,-8.208218275985239565e-01
9.964124352693911613e-01,3.453225530960766787e-01,8.682102760830967547e-01,2.179907658941058202e-01,2.256218742653219892e-05,3.333333333333333148e-01,2.426493684080721913e-01,-8.000129836917684312e-01
9.931163458477204609e-01,3.409179872123019872e-01,9.815072565101962132e-01,6.366310813865192486e-01,0.000000000000000000e+00,3.333333333333333148e-01,2.399049798174649750e-01,-7.527106912122994986e-01
1.000000000000000000e+00,3.435818734556155829e-01,9.559622502880389394e-01,6.263384005618143346e-01,0.000000000000000000e+00,3.333333333333333148e-01,2.379288982859621981e-01,-7.259491326354891028e-01
9.999844141748033266e-01,3.439939078578211906e-01,9.717297520609406991e-01,7.784657910316523655e-01,0.000000000000000000e+00,3.333333333333333148e-01,2.356830501467243044e-01,-7.149139878278172322e-01
1.000000000000000000e+00,3.389085618374120257e-01,9.555486136114416107e-01,8.752606099911808268e-01,0.000000000000000000e+00,3.333333333333333148e-01,2.329074695684024698e-01,-6.860193632167016498e-01
9.999999999999767963e-01,3.262331666940366803e-01,8.990453738475546741e-01,9.718714010255493640e-01,0.000000000000000000e+00,3.333333333333333148e-01,2.291290616834063265e-01,-6.568801300367743679e-01
9.999996122389336328e-01,3.245753319385590863e-01,7.881032933335080370e-01,9.955469602709927646e-01,7.850385040449266475e-07,3.333333333333333148e-01,2.249083001433461182e-01,-6.031536983985114064e-01
9.999996690311284686e-01,3.599624465452729849e-01,9.606543300209848812e-01,1.726873460069913713e-01,2.811664305980499578e-04,3.333333333333333148e-01,2.485009422387994826e-01,-8.417895622697193492e-01
1.000000000000000000e+00,3.625994038453285717e-01,9.466397522567606693e-01,1.747163321337787678e-01,7.969966944290385211e-06,3.333333333333333148e-01,2.478002842977900799e-01,-8.293514205974868991e-01
9.999999998300845849e-01,3.560633790940255783e-01,9.670605562971633651e-01,3.101237636618533466e-01,5.374437334920577521e-03,3.333333333333333148e-01,2.457634777620462396e-01,-8.177244820231895917e-01
1.000000000000000000e+00,3.613849227508246220e-01,8.801466894678291464e-01,2.161618298742269406e-01,1.165342198004049208e-02,3.333333333333333148e-01,2.441687945805888493e-01,-8.000129836917684312e-01
9.999985396713029218e-01,3.450137979947378586e-01,8.619325625710145822e-01,2.268659380391550018e-01,0.000000000000000000e+00,3.333333333333333148e-01,2.417511240046942567e-01,-7.799399932829831350e-01
9.999999198902074227e-01,3.444062636395321397e-01,9.663313075777382188e-01,6.406056466787688475e-01,9.602698043637311164e-05,3.333333333333333148e-01,2.381341883933574821e-01,-7.527106912122994986e-01
9.999996603197203182e-01,3.407391911471984169e-01,9.722175908183458004e-01,8.381199176440200516e-01,0.000000000000000000e+00,3.333333333333333148e-01,2.343628446011485345e-01,-7.043358960639691801e-01
1.000000000000000000e+00,3.263346259784864478e-01,8.677361195672458338e-01,9.926510816584590557e-01,0.000000000000000000e+00,3.333333333333333148e-01,2.273932891411363788e-01,-6.289567684026853289e-01
1.000000000000000000e+00,3.607022597256074881e-01,9.606851459861358578e-01,1.385792693528510588e-01,0.000000000000000000e+00,3.333333333333333148e-01,2.493405896614577788e-01,-8.457929497068070734e-01
9.999999922855102863e-01,3.559468392861854236e-01,9.804297111545691168e-01,3.098735124505570537e-01,0.000000000000000000e+00,3.333333333333333148e-01,2.463222826668020615e-01,-8.254703382393270283e-01
9.780561506853183706e-01,3.409695851505459285e-01,9.720614886667245935e-01,7.702387070702320093e-01,1.244760883024729646e-05,3.333333333333333148e-01,2.375462826993502696e-01,-7.149139878278172322e-01
1.000000000000000000e+00,3.239814323974927190e-01,5.897114617497087874e-01,1.000000000000000000e+00,0.000000000000000000e+00,3.333333333333333148e-01,2.220317175911415142e-01,-5.211868572552512680e-01
1.000000000000000000e+00,3.594263815477165558e-01,9.658670837400308296e-01,9.607654390436946856e-02,2.437322863418341684e-08,3.333333333333333148e-01,2.508620973450192970e-01,-8.873478600204930400e-01
1.000000000000000000e+00,3.597835818140588393e-01,8.616309272534860009e-01,3.164456080309209218e-01,2.804046266866519477e-04,3.333333333333333148e-01,2.413796252496456796e-01,-7.581582881828411447e-01
1.000000000000000000e+00,3.484098286309956771e-01,9.002930586649544598e-01,1.916721246993893235e-01,3.136133129233591074e-05,3.333333333333333148e-01,2.446226574050945068e-01,-8.109774560691530576e-01
1.000000000000000000e+00,3.626005290401480563e-01,9.781007791918682193e-01,6.394362913467915854e-02,7.783791412431101330e-06,3.333333333333333148e-01,2.525544221962485736e-01,-8.926073193274963735e-01
9.999999998137060198e-01,3.401531961333094101e-01,9.601900777912573126e-01,9.993869960687862264e-01,0.000000000000000000e+00,3.333333333333333148e-01,2.310510973219087882e-01,-6.738995840334657261e-01
6.621520828875594455e-01,5.381065819173016518e-01,9.807503408808936340e-01,0.000000000000000000e+00,0.000000000000000000e+00,3.333333333333333148e-01,2.915267712652159782e-01,-9.076210774254018787e-01
9.999985586686946926e-01,3.619185134083844901e-01,9.782829543171934761e-01,6.472786909939394484e-02,3.272448138706279125e-02,3.333333333333333148e-01,2.539583531683256012e-01,-8.926073193274963735e-01
1.000000000000000000e+00,3.625994038453285717e-01,9.782829698524619921e-01,6.422986204960004497e-02,4.327993192976219838e-12,3.333333333333333148e-01,2.525597013007487845e-01,-8.926073193274963735e-01
9.999999932394016966e-01,3.604539528938486836e-01,9.673859427989033311e-01,5.377297489169138855e-02,0.000000000000000000e+00,3.333333333333333148e-01,2.521575876177459263e-01,-8.873478600204930400e-01
9.999977537886359791e-01,3.600872374958891120e-01,9.674822634958721856e-01,1.008573764514083954e-01,3.978259393682629513e-05,3.333333333333333148e-01,2.508123328913585137e-01,-8.873478600204930400e-01
9.999999999946477258e-01,3.593809312031914782e-01,9.715974936825305663e-01,1.342969934298731127e-01,0.000000000000000000e+00,3.333333333333333148e-01,2.502044043831746500e-01,-8.564989983914443883e-01
9.999999999996336264e-01,3.588468168033689953e-01,9.603664608269517622e-01,1.379465909181387118e-01,0.000000000000000000e+00,3.333333333333333148e-01,2.493406660237503514e-01,-8.457929497068070734e-01
9.999996017299415119e-01,3.604746083671240275e-01,9.603097785346511595e-01,1.721079737889847083e-01,4.171482914733976347e-05,3.333333333333333148e-01,2.485009721296999319e-01,-8.417895622697193492e-01
1.000000000000000000e+00,3.625030310862996652e-01,9.470211238384242947e-01,1.758980816274061387e-01,7.881934540741680910e-06,3.333333333333333148e-01,2.477874688238799472e-01,-8.293514205974868991e-01
1.000000000000000000e+00,3.551078364859391878e-01,9.803232070557063027e-01,2.696633885990866730e-01,4.354964371798495867e-03,3.333333333333333148e-01,2.475100548930294075e-01,-8.254703382393270283e-01
9.999999227316545003e-01,3.562248326089038630e-01,9.804297111545691168e-01,3.091245678042857659e-01,9.639444772453412266e-05,3.333333333333333148e-01,2.463482873775486581e-01,-8.254703382393270283e-01
1.000000000000000000e+00,3.556108581022867088e-01,9.612307504639150402e-01,2.664687831247271044e-01,3.344713008193977424e-06,3.333333333333333148e-01,2.462131232684037496e-01,-8.208218275985239565e-01
9.999999999546853591e-01,3.599588823910467861e-01,9.606428392382011516e-01,3.060529106996507931e-01,5.395115437831698654e-03,3.333333333333333148e-01,2.457965458136153469e-01,-8.177244820231895917e-01
1.000000000000000000e+00,3.562947708833563154e-01,9.023269928035440035e-01,1.939315565298479760e-01,1.006367842513039026e-04,3.333333333333333148e-01,2.445863067296446813e-01,-8.109774560691530576e-01
1.000000000000000000e+00,3.608931047158205896e-01,8.798987731344051211e-01,2.157587073619659512e-01,1.167682471107996806e-02,3.333333333333333148e-01,2.440908063986089727e-01,-8.000129836917684312e-01
9.999969391392874440e-01,3.428481323103289569e-01,8.654980140092031204e-01,2.142476750361373972e-01,2.599998866617701745e-09,3.333333333333333148e-01,2.426137209879835333e-01,-8.000129836917684312e-01
9.999985312843207019e-01,3.447137989017100557e-01,8.619168249587148001e-01,2.201692878621651639e-01,0.000000000000000000e+00,3.333333333333333148e-01,2.419410780943808403e-01,-7.799399932829831350e-01
1.000000000000000000e+00,3.608667881891751694e-01,8.625451111617987721e-01,3.155150628932819057e-01,7.785116205511607643e-04,3.333333333333333148e-01,2.416385263354168256e-01,-7.581582881828411447e-01
9.999999217638443350e-01,3.585229820785813537e-01,9.713911646324452365e-01,6.518085305914909089e-01,0.000000000000000000e+00,3.333333333333333148e-01,2.399545888992689613e-01,-7.527106912122994986e-01
9.999999198629205832e-01,3.445810153784991114e-01,9.665632706234706939e-01,6.410341321181942664e-01,0.000000000000000000e+00,3.333333333333333148e-01,2.381364260430832713e-01,-7.527106912122994986e-01
1.000000000000000000e+00,3.542508527368407045e-01,9.838283707053763205e-01,7.900187688818527398e-01,7.716306879533675958e-04,3.333333333333333148e-01,2.374898139592815649e-01,-7.149139878278172322e-01
9.999837672503274488e-01,3.440884669371781501e-01,9.717805834142292376e-01,7.773382922259681749e-01,0.000000000000000000e+00,3.333333333333333148e-01,2.357138229341045887e-01,-7.149139878278172322e-01
1.000000000000000000e+00,3.407736210129402310e-01,9.722146531262814140e-01,8.381199176440200516e-01,0.000000000000000000e+00,3.333333333333333148e-01,2.343646278772720248e-01,-7.043358960639691801e-01
1.000000000000000000e+00,3.389085618374120257e-01,9.595275232586771841e-01,8.798125784194723575e-01,2.666303238380006050e-05,3.333333333333333148e-01,2.329774600353831659e-01,-6.860193632167016498e-01
9.999999999982603915e-01,3.264143915993803491e-01,9.560010635356488429e-01,9.999953753707702120e-01,0.000000000000000000e+00,3.333333333333333148e-01,2.312324224677970164e-01,-6.738995840334657261e-01
9.999999999995099476e-01,3.262634325679431568e-01,8.990422649759519658e-01,9.718757606496210011e-01,0.000000000000000000e+00,3.333333333333333148e-01,2.291235317532933080e-01,-6.568801300367743679e-01
1.000000000000000000e+00,3.259379974669004421e-01,8.677622057898997099e-01,9.934803969437416837e-01,2.582438977573486800e-09,3.333333333333333148e-01,2.274173539228730445e-01,-6.289567684026853289e-01
1.000000000000000000e+00,3.263214112491292784e-01,7.925407332966845075e-01,1.000000000000000000e+00,1.012808631753420272e-04,3.333333333333333148e-01,2.249139428081849967e-01,-6.031536983985114064e-01
1.000000000000000000e+00,3.239814323974927190e-01,5.897114617497087874e-01,1.000000000000000000e+00,0.000000000000000000e+00,3.333333333333333148e-01,2.220317175911415142e-01,-5.211868572552512680e-01
6.402841947137455358e-01,3.477155367683206766e-01,9.806987291177087229e-01,9.831211687711394198e-03,8.314045119979305946e-04,3.333333333333333148e-01,5.755392123670080018e-01,-9.076210774254018787e-01
9.999999993164616630e-01,3.639480337614912631e-01,9.813480568972317020e-01,2.459209197889966614e-02,0.000000000000000000e+00,3.333333333333333148e-01,2.539253790547398859e-01,-8.926073193274963735e-01
9.999989451217670133e-01,3.626040348030741267e-01,9.784385986810133495e-01,6.450840214071099088e-02,1.605718530444139592e-15,3.333333333333333148e-01,2.525633467157729628e-01,-8.926073193274963735e-01
9.999999998308810589e-01,3.659550218505783215e-01,9.669516220085562219e-01,5.666797177601429203e-02,5.207539903201744910e-03,3.333333333333333148e-01,2.521609781832132580e-01,-8.873478600204930400e-01
1.000000000000000000e+00,3.594671412257478549e-01,9.657847458084929393e-01,9.965546394014733467e-02,0.000000000000000000e+00,3.333333333333333148e-01,2.507509545835251985e-01,-8.873478600204930400e-01
9.999999999945817786e-01,3.663274307668195617e-01,9.714781635933539272e-01,1.403988139848003913e-01,0.000000000000000000e+00,3.333333333333333148e-01,2.502685425591399948e-01,-8.564989983914443883e-01
1.000000000000000000e+00,3.604746293952960645e-01,9.599370060206433575e-01,1.363025904997992033e-01,1.943415259207901819e-05,3.333333333333333148e-01,2.493466366899196873e-01,-8.457929497068070734e-01
9.999996086491653724e-01,3.606100441195633222e-01,9.603097785346511595e-01,1.721079737889847083e-01,4.170086449963012311e-05,3.333333333333333148e-01,2.485061864276860433e-01,-8.417895622697193492e-01
9.999996661899432926e-01,3.597357187794841815e-01,9.483884233606433289e-01,1.726350541477810197e-01,2.811664305980499578e-04,3.333333333333333148e-01,2.477567379347958565e-01,-8.293514205974868991e-01
9.999999130300207817e-01,3.606220467140837660e-01,9.814896338648628760e-01,2.723568235232679546e-01,4.065348326943434985e-05,3.333333333333333148e-01,2.474469197198856107e-01,-8.254703382393270283e-01
1.000000000000000000e+00,3.557983371331189804e-01,9.814338263022703845e-01,3.101237636618533466e-01,0.000000000000000000e+00,3.333333333333333148e-01,2.463742364352916048e-01,-8.254703382393270283e-01
9.999999999990178967e-01,3.563425708505696954e-01,9.603780342986873997e-01,2.670204080248582690e-01,0.000000000000000000e+00,3.333333333333333148e-01,2.461635574120177861e-01,-8.208218275985239565e-01
9.999999999559009423e-01,3.599724304737351166e-01,9.606493057043516970e-01,3.092116408601842670e-01,5.180474421555851007e-03,3.333333333333333148e-01,2.457282152711087742e-01,-8.177244820231895917e-01
9.999999999999519273e-01,3.562947708833563154e-01,9.028404773574091324e-01,1.954825600631300841e-01,0.000000000000000000e+00,3.333333333333333148e-01,2.445781781634463192e-01,-8.109774560691530576e-01
1.000000000000000000e+00,3.608639591670200764e-01,8.813214800697759532e-01,2.157587073619659512e-01,5.224759680462666075e-03,3.333333333333333148e-01,2.439387677440754132e-01,-8.000129836917684312e-01
1.000000000000000000e+00,3.434281907116953914e-01,8.641482905204048715e-01,2.094470620008046235e-01,7.700145864289735954e-04,3.333333333333333148e-01,2.425701447305071701e-01,-8.000129836917684312e-01
9.999999977177761457e-01,3.451699986694954925e-01,8.654255257630555365e-01,2.258634055525570172e-01,0.000000000000000000e+00,3.333333333333333148e-01,2.419626590875145478e-01,-7.799399932829831350e-01
9.823549820541269684e-01,3.597925055711212461e-01,8.645933567392719565e-01,3.159342609897786147e-01,4.302931823542631319e-12,3.333333333333333148e-01,2.416638608380106412e-01,-7.581582881828411447e-01
1.000000000000000000e+00,3.555932198434773039e-01,9.802852381168123408e-01,6.410124545952761155e-01,3.606672474341203099e-06,3.333333333333333148e-01,2.398918120245167596e-01,-7.527106912122994986e-01
1.000000000000000000e+00,3.418825774893364255e-01,9.665660943314207110e-01,6.419395777403049674e-01,3.099373033766696355e-06,3.333333333333333148e-01,2.381413137284815462e-01,-7.527106912122994986e-01
1.000000000000000000e+00,3.450553166962900820e-01,1.000000000000000000e+00,7.510217383582342698e-01,0.000000000000000000e+00,3.333333333333333148e-01,2.374547388481736965e-01,-7.149139878278172322e-01
1.000000000000000000e+00,3.412917073305973270e-01,9.725838018021621956e-01,7.690383623230305776e-01,5.847053160444809841e-08,3.333333333333333148e-01,2.357435563398672940e-01,-7.149139878278172322e-01
9.999923008349307363e-01,3.407733246464212384e-01,9.721971616649430770e-01,8.375100966656493506e-01,0.000000000000000000e+00,3.333333333333333148e-01,2.343757568559870497e-01,-7.043358960639691801e-01
1.000000000000000000e+00,3.417573076630501805e-01,9.666360086663751128e-01,9.067842742060125971e-01,4.439523089452010809e-04,3.333333333333333148e-01,2.330288455595115327e-01,-6.860193632167016498e-01
1.000000000000000000e+00,3.268429413461173549e-01,9.559290358420734490e-01,9.930872109122586000e-01,1.209583067325264459e-05,3.333333333333333148e-01,2.312936223522434331e-01,-6.738995840334657261e-01
9.999999999818885987e-01,3.267239059364688281e-01,8.988445237086396533e-01,9.724324085899683778e-01,0.000000000000000000e+00,3.333333333333333148e-01,2.290270389564610376e-01,-6.568801300367743679e-01
1.000000000000000000e+00,3.268564752165610821e-01,8.691909925875663800e-01,1.000000000000000000e+00,0.000000000000000000e+00,3.333333333333333148e-01,2.272549036202317074e-01,-6.289567684026853289e-01
1.000000000000000000e+00,3.265531337924126865e-01,7.925407332966845075e-01,1.000000000000000000e+00,9.983309745528374276e-05,3.333333333333333148e-01,2.249163178128934792e-01,-6.031536983985114064e-01
9.999987368120634157e-01,3.239814323974927190e-01,5.897114617497087874e-01,1.000000000000000000e+00,0.000000000000000000e+00,3.333333333333333148e-01,2.220317411286454878e-01,-5.211868572552512680e-01
6.398938824054212215e-01,3.479710543430553082e-01,1.000000000000000000e+00,0.000000000000000000e+00,3.164292393329225283e-05,3.333333333333333148e-01,5.791963772997199555e-01,-9.076210774254018787e-01
9.999999993382222563e-01,3.639874991696449014e-01,9.815714316354045010e-01,2.354598088506885262e-02,0.000000000000000000e+00,3.333333333333333148e-01,2.539735050236248681e-01,-8.926073193274963735e-01
1.000000000000000000e+00,3.625998507741063359e-01,9.784397261002074631e-01,6.450783129461387655e-02,1.337944247291986250e-13,3.333333333333333148e-01,2.525635336380477880e-01,-8.926073193274963735e-01
9.999999987930561218e-01,3.663653008959028012e-01,9.669521054594975018e-01,5.377297489169138855e-02,3.369522713086886318e-05,3.333333333333333148e-01,2.520471395433798723e-01,-8.873478600204930400e-01
1.000000000000000000e+00,3.596403190859774335e-01,9.690807124312027510e-01,9.975278170020464297e-02,0.000000000000000000e+00,3.333333333333333148e-01,2.509834167573314900e-01,-8.873478600204930400e-01
9.999999999946472817e-01,3.663274307668195617e-01,9.716346650190433865e-01,1.403988139848003913e-01,0.000000000000000000e+00,3.333333333333333148e-01,2.502776572061731764e-01,-8.564989983914443883e-01
9.999999790388190979e-01,3.606075195861921379e-01,9.603277218188929210e-01,1.721087421191193345e-01,4.449368998098444564e-05,3.333333333333333148e-01,2.485072374246760640e-01,-8.417895622697193492e-01
1.000000000000000000e+00,3.608397498216841526e-01,9.631587871860569638e-01,3.051836957106604520e-01,1.191249753384988419e-07,3.333333333333333148e-01,2.458354491028715560e-01,-8.177244820231895917e-01
1.000000000000000000e+00,3.587214751123304346e-01,9.006545207203424663e-01,1.929468901410756609e-01,0.000000000000000000e+00,3.333333333333333148e-01,2.447322944258638888e-01,-8.109774560691530576e-01
9.887512328412388918e-01,3.470434912066517885e-01,8.801236022487687327e-01,2.166282472846091656e-01,1.178094178648884244e-02,3.333333333333333148e-01,2.445339640002266446e-01,-8.000129836917684312e-01
9.999999969932553689e-01,3.444062636395321397e-01,1.000000000000000000e+00,6.410124545952761155e-01,0.000000000000000000e+00,3.333333333333333148e-01,2.398097658578315916e-01,-7.527106912122994986e-01
