5.000000000000000000e+02,4.217230000000000284e-02
1.000000000000000000e+03,2.929770999999999903e-01
1.500000000000000000e+03,7.911160000000000414e-02
2.000000000000000000e+03,8.172759999999999747e-02
2.500000000000000000e+03,8.138560000000000239e-02
3.000000000000000000e+03,8.162460000000000548e-02
3.500000000000000000e+03,8.186329999999999996e-02
4.000000000000000000e+03,8.214440000000000630e-02
4.500000000000000000e+03,8.231639999999999791e-02
5.000000000000000000e+03,8.240490000000000315e-02
5.500000000000000000e+03,5.254330000000000112e-02
6.000000000000000000e+03,6.209080000000000155e-02
6.500000000000000000e+03,5.294619999999999882e-02
7.000000000000000000e+03,5.305440000000000156e-02
7.500000000000000000e+03,5.306720000000000187e-02
8.000000000000000000e+03,5.365099999999999730e-02
8.500000000000000000e+03,5.315199999999999786e-02
9.000000000000000000e+03,5.295470000000000038e-02
9.500000000000000000e+03,1.979609999999999981e-01
1.000000000000000000e+04,5.291549999999999726e-02
1.050000000000000000e+04,5.293509999999999882e-02
1.100000000000000000e+04,5.294909999999999894e-02
1.150000000000000000e+04,5.359459999999999918e-02
1.200000000000000000e+04,5.367430000000000118e-02
1.250000000000000000e+04,5.392960000000000115e-02
1.300000000000000000e+04,5.305080000000000212e-02
1.350000000000000000e+04,5.295729999999999882e-02
1.400000000000000000e+04,5.295129999999999976e-02
1.450000000000000000e+04,5.390989999999999671e-02
1.500000000000000000e+04,5.456069999999999670e-02
1.550000000000000000e+04,5.392609999999999765e-02
1.600000000000000000e+04,5.396480000000000027e-02
1.650000000000000000e+04,5.421999999999999736e-02
1.700000000000000000e+04,5.304199999999999887e-02
1.750000000000000000e+04,5.332780000000000159e-02
1.800000000000000000e+04,5.303870000000000112e-02
1.850000000000000000e+04,5.355089999999999850e-02
1.900000000000000000e+04,2.007848999999999884e-01
1.950000000000000000e+04,2.011210999999999971e-01
2.000000000000000000e+04,2.010959999999999970e-01
2.050000000000000000e+04,5.417910000000000087e-02
2.100000000000000000e+04,5.344759999999999789e-02
2.150000000000000000e+04,5.388430000000000303e-02
2.200000000000000000e+04,5.390550000000000203e-02
2.250000000000000000e+04,7.006740000000000190e-02
2.300000000000000000e+04,5.359389999999999987e-02
2.350000000000000000e+04,5.359150000000000025e-02
2.400000000000000000e+04,5.357409999999999950e-02
2.450000000000000000e+04,5.388609999999999928e-02
2.500000000000000000e+04,5.392489999999999783e-02
2.550000000000000000e+04,5.390219999999999734e-02
2.600000000000000000e+04,5.398370000000000252e-02
2.650000000000000000e+04,5.404500000000000276e-02
2.700000000000000000e+04,2.981377000000000055e-01
2.750000000000000000e+04,2.983590999999999882e-01
2.800000000000000000e+04,2.983875999999999751e-01
2.850000000000000000e+04,2.984068000000000276e-01
2.900000000000000000e+04,2.984010000000000273e-01
2.950000000000000000e+04,2.984048000000000256e-01
3.000000000000000000e+04,2.984119000000000077e-01
3.050000000000000000e+04,2.984068000000000276e-01
3.100000000000000000e+04,2.984111999999999876e-01
3.150000000000000000e+04,2.984372000000000136e-01
3.200000000000000000e+04,2.984388000000000041e-01
3.250000000000000000e+04,2.984445000000000014e-01
3.300000000000000000e+04,2.985153999999999863e-01
3.350000000000000000e+04,2.984947000000000017e-01
3.400000000000000000e+04,2.985015999999999781e-01
3.450000000000000000e+04,2.984998999999999847e-01
3.500000000000000000e+04,2.985457000000000249e-01
3.550000000000000000e+04,2.985266999999999782e-01
3.600000000000000000e+04,2.985263000000000222e-01
3.650000000000000000e+04,2.985268999999999839e-01
3.700000000000000000e+04,2.985285999999999773e-01
3.750000000000000000e+04,2.985570000000000168e-01
3.800000000000000000e+04,2.985665000000000124e-01
3.850000000000000000e+04,2.985590000000000188e-01
3.900000000000000000e+04,2.985634999999999817e-01
3.950000000000000000e+04,2.985570000000000168e-01
4.000000000000000000e+04,2.985219000000000067e-01
4.050000000000000000e+04,2.985316000000000081e-01
4.100000000000000000e+04,2.985203000000000162e-01
4.150000000000000000e+04,2.985228999999999799e-01
4.200000000000000000e+04,2.985254999999999992e-01
4.250000000000000000e+04,2.985365999999999853e-01
4.300000000000000000e+04,2.985318000000000138e-01
4.350000000000000000e+04,2.985323999999999756e-01
4.400000000000000000e+04,2.985316000000000081e-01
4.450000000000000000e+04,2.985376000000000141e-01
4.500000000000000000e+04,2.985385999999999873e-01
4.550000000000000000e+04,2.985368999999999939e-01
4.600000000000000000e+04,2.985349999999999948e-01
4.650000000000000000e+04,2.985382999999999787e-01
4.700000000000000000e+04,2.985540999999999889e-01
4.750000000000000000e+04,2.985541999999999918e-01
4.800000000000000000e+04,2.985545000000000004e-01
4.850000000000000000e+04,2.985290999999999917e-01
4.900000000000000000e+04,2.985449000000000019e-01
4.950000000000000000e+04,2.985496999999999734e-01
5.000000000000000000e+04,2.985474000000000183e-01
5.050000000000000000e+04,2.985811999999999911e-01
5.100000000000000000e+04,2.985833999999999988e-01
5.150000000000000000e+04,5.474029999999999868e-02
5.200000000000000000e+04,1.199622000000000049e-01
5.250000000000000000e+04,3.030092999999999814e-01
5.300000000000000000e+04,5.311980000000000174e-02
5.350000000000000000e+04,5.350579999999999919e-02
5.400000000000000000e+04,5.351500000000000007e-02
5.450000000000000000e+04,5.399070000000000258e-02
5.500000000000000000e+04,5.411359999999999781e-02
5.550000000000000000e+04,5.389000000000000040e-02
5.600000000000000000e+04,5.394600000000000090e-02
5.650000000000000000e+04,5.401059999999999889e-02
5.700000000000000000e+04,5.391869999999999996e-02
5.750000000000000000e+04,5.384769999999999834e-02
5.800000000000000000e+04,5.388450000000000184e-02
5.850000000000000000e+04,2.698808999999999791e-01
5.900000000000000000e+04,2.698281000000000152e-01
5.950000000000000000e+04,2.699121999999999910e-01
6.000000000000000000e+04,2.699059999999999793e-01
