8.942258300768032298e-01,5.001699541578374930e-01,9.836975748610237158e-01,0.000000000000000000e+00,5.945312932396127348e-01,1.000000000000000000e+00,3.037991797443250208e-01,-9.956825775846348536e-01
1.000000000000000000e+00,3.953279106256425424e-01,9.729237743123144710e-01,3.166977839887380464e-02,1.126189720954094697e-04,1.000000000000000000e+00,2.644027838172358091e-01,-9.602153684051999427e-01
9.955491468510178077e-01,3.949830574025645080e-01,9.956660961639972607e-01,1.289899316249669137e-01,0.000000000000000000e+00,1.000000000000000000e+00,2.638685135815176941e-01,-9.436194481310699045e-01
9.999998132926818384e-01,3.717336178258690560e-01,9.723364933199546423e-01,1.276934291745053796e-01,2.299772591456726643e-04,1.000000000000000000e+00,2.603087435581570297e-01,-9.436194481310699045e-01
1.000000000000000000e+00,3.975607467351632840e-01,9.015810413943984303e-01,5.315475296281622214e-02,0.000000000000000000e+00,1.000000000000000000e+00,2.601441642847457936e-01,-9.111638312403034234e-01
9.999999969218360540e-01,3.768383369007209382e-01,9.018138110953861641e-01,5.322415331374530378e-02,0.000000000000000000e+00,1.000000000000000000e+00,2.571355948498327271e-01,-9.111638312403034234e-01
9.999999988852014132e-01,3.729014226402987964e-01,9.271951813097406569e-01,1.314968928949266092e-01,0.000000000000000000e+00,1.000000000000000000e+00,2.567822255526341912e-01,-9.052770417461224461e-01
9.999999986538865571e-01,3.636444566689874258e-01,9.072174109203884340e-01,1.264357035117800176e-01,3.638772162879556709e-06,1.000000000000000000e+00,2.557608264911948037e-01,-8.933700022491096737e-01
9.999960092370762110e-01,3.694720922336219848e-01,9.996784899863502272e-01,3.811512843459283761e-01,9.425557076251438082e-08,1.000000000000000000e+00,2.554614588270988085e-01,-8.842738340990100587e-01
9.999804613602080172e-01,3.619464142453500677e-01,9.756261472135172585e-01,4.685136505476940050e-01,1.798694103764264529e-04,1.000000000000000000e+00,2.518015832970049717e-01,-8.668170099750011071e-01
9.999999645016826033e-01,3.575591369965136490e-01,9.442097477274652428e-01,4.673263964213236754e-01,1.637597214887707986e-02,1.000000000000000000e+00,2.506683840861599344e-01,-8.354137242150282416e-01
1.000000000000000000e+00,3.619464142453500677e-01,9.671172979794585567e-01,5.213720872239577808e-01,1.661987596623532015e-04,1.000000000000000000e+00,2.501036850083148133e-01,-8.285220413978434673e-01
9.999999637150800424e-01,3.575585928339957698e-01,9.178495166168351149e-01,4.673282274825094618e-01,1.816468018483675321e-04,1.000000000000000000e+00,2.484581536224127474e-01,-8.277805373491921026e-01
1.000000000000000000e+00,3.497110916405540837e-01,9.746114844813404954e-01,7.171967554408261725e-01,2.290679141038710009e-04,1.000000000000000000e+00,2.465868089125575757e-01,-7.974495912880189552e-01
1.000000000000000000e+00,3.500659356408329925e-01,9.289214927287512413e-01,7.097637052143297431e-01,0.000000000000000000e+00,1.000000000000000000e+00,2.440524638388996137e-01,-7.897590007846675420e-01
9.999999998002366830e-01,3.495322709402970407e-01,9.036777966210994828e-01,7.324576137098587347e-01,4.206406583300938025e-06,1.000000000000000000e+00,2.423615705731012593e-01,-7.683617268744707962e-01
9.999999928567592233e-01,3.525198051066200100e-01,9.034352713420171765e-01,8.013886826927479889e-01,4.163892588099604155e-06,1.000000000000000000e+00,2.413008872249823300e-01,-7.621662930175533424e-01
9.999999927855612869e-01,3.495649438959798627e-01,9.473841630152586291e-01,9.929379458087020938e-01,2.213732106255867922e-04,1.000000000000000000e+00,2.394625366103157460e-01,-7.489949474672253915e-01
1.000000000000000000e+00,3.420903958612042106e-01,9.040352661422528247e-01,1.000000000000000000e+00,1.871880342860304339e-06,1.000000000000000000e+00,2.372299855092622201e-01,-7.331300997075539394e-01
1.000000000000000000e+00,3.541166857797600764e-01,8.349114432088849957e-01,1.000000000000000000e+00,1.093606579254371091e-04,1.000000000000000000e+00,2.366978242150459544e-01,-7.029169566353156151e-01
1.000000000000000000e+00,3.454245936980363529e-01,8.347157364102701926e-01,1.000000000000000000e+00,0.000000000000000000e+00,1.000000000000000000e+00,2.350576728244683777e-01,-7.029169566353156151e-01
9.960957943843781193e-01,3.456738882223830411e-01,7.736903773140300089e-01,1.000000000000000000e+00,2.733499569542904850e-02,1.000000000000000000e+00,2.343349417236464949e-01,-6.638653440726696164e-01
9.999999999840021303e-01,3.347119438294050009e-01,7.733269703061667055e-01,1.000000000000000000e+00,1.883648917031705235e-06,1.000000000000000000e+00,2.326569362100909533e-01,-6.638653440726696164e-01
1.000000000000000000e+00,3.715166719348240165e-01,9.015439471055490817e-01,5.386691086881974233e-02,0.000000000000000000e+00,1.000000000000000000e+00,2.568143598885329060e-01,-9.111638312403034234e-01
9.999959705217943418e-01,3.726084978794933500e-01,9.798140988871799628e-01,3.657953348661893700e-01,0.000000000000000000e+00,1.000000000000000000e+00,2.548091335767228571e-01,-8.842738340990100587e-01
1.000000000000000000e+00,3.581611950719110760e-01,8.344623760375007304e-01,1.097702101967441557e-01,0.000000000000000000e+00,1.000000000000000000e+00,2.513757792806106672e-01,-8.375494446862270514e-01
1.000000000000000000e+00,3.719325534899070584e-01,9.074662280677388004e-01,4.606683801804241085e-01,1.063629556849202752e-04,1.000000000000000000e+00,2.496248880556636296e-01,-8.277805373491921026e-01
1.000000000000000000e+00,3.516327754011805973e-01,9.702012078163834152e-01,6.464087170290258033e-01,0.000000000000000000e+00,1.000000000000000000e+00,2.478319126074816081e-01,-8.112055725962005193e-01
1.000000000000000000e+00,3.547464744191293207e-01,9.670326574696341826e-01,7.179809796995455518e-01,1.164646783299127958e-07,1.000000000000000000e+00,2.457886493785753912e-01,-7.974495912880189552e-01
1.000000000000000000e+00,3.497474948188523114e-01,9.256058930304499333e-01,7.316110570400348179e-01,1.846064805169954105e-06,1.000000000000000000e+00,2.434329452821356043e-01,-7.897590007846675420e-01
9.958582199101646548e-01,3.495737181005210692e-01,9.474254704851852171e-01,9.941110497912719612e-01,6.958124107635975863e-06,1.000000000000000000e+00,2.396051585158064101e-01,-7.489949474672253915e-01
1.000000000000000000e+00,3.468484595397499093e-01,9.053066946218533140e-01,9.925576690564807958e-01,1.898067791118626576e-06,1.000000000000000000e+00,2.376264701526084600e-01,-7.331300997075539394e-01
1.000000000000000000e+00,3.498042386516514446e-01,8.387673788737675107e-01,1.000000000000000000e+00,2.015608023880464288e-06,1.000000000000000000e+00,2.358988061493483279e-01,-7.029169566353156151e-01
1.000000000000000000e+00,3.347119438294050009e-01,7.733269703061667055e-01,1.000000000000000000e+00,2.639595133081821740e-02,1.000000000000000000e+00,2.334884149593017821e-01,-6.638653440726696164e-01
1.000000000000000000e+00,3.716874755297141508e-01,9.048411113463762367e-01,5.186720383115850375e-02,5.105846697714956639e-02,1.000000000000000000e+00,2.589527315097794324e-01,-9.111638312403034234e-01
1.000000000000000000e+00,3.718109887572115801e-01,9.833007873695149836e-01,4.673033209295180956e-01,0.000000000000000000e+00,1.000000000000000000e+00,2.528702240041162397e-01,-8.668170099750011071e-01
1.000000000000000000e+00,3.576574203414581432e-01,9.474520359122511337e-01,4.611797336594937180e-01,1.816468018483675321e-04,1.000000000000000000e+00,2.503832547736138947e-01,-8.354137242150282416e-01
1.000000000000000000e+00,3.637735169206365304e-01,9.692006951508626011e-01,6.889398584177748308e-01,8.981702260256138950e-03,1.000000000000000000e+00,2.475169856450569472e-01,-7.974495912880189552e-01
1.000000000000000000e+00,3.543550880320379126e-01,9.687512852491497739e-01,8.447774586839700284e-01,4.719960161959623623e-05,1.000000000000000000e+00,2.433842515389476047e-01,-7.715985349824380224e-01
1.000000000000000000e+00,3.416504403055889982e-01,9.050226566639835157e-01,9.999999998486690522e-01,5.052200060268226961e-02,1.000000000000000000e+00,2.390697812567163516e-01,-7.331300997075539394e-01
1.000000000000000000e+00,3.342982270479741280e-01,5.710095343751209196e-01,9.999999998441192472e-01,0.000000000000000000e+00,1.000000000000000000e+00,2.294255076855892805e-01,-5.925383323828599114e-01
9.999998195292814085e-01,3.741253408880137465e-01,9.719558143289772634e-01,6.124926045914996786e-02,0.000000000000000000e+00,1.000000000000000000e+00,2.621616210130416902e-01,-9.436194481310699045e-01
9.999999930410460314e-01,3.495660870539301079e-01,9.473310567792113668e-01,7.245395655911417432e-01,2.456696591137252504e-04,1.000000000000000000e+00,2.447678620262919158e-01,-7.945007908295408372e-01
9.999999999666643324e-01,3.547638346307524504e-01,8.390913051970066983e-01,1.000000000000000000e+00,1.182622893172981330e-04,1.000000000000000000e+00,2.369434444705792453e-01,-7.029169566353156151e-01
9.999999932846143080e-01,3.574025293983407181e-01,9.081299926474939443e-01,2.528250644557330507e-01,1.857915512164240723e-06,1.000000000000000000e+00,2.532008295717015911e-01,-8.837607386259496156e-01
1.000000000000000000e+00,3.571904752196264354e-01,9.076704566034593524e-01,4.649774580458566620e-01,0.000000000000000000e+00,1.000000000000000000e+00,2.479397137761120140e-01,-8.277805373491921026e-01
9.217635568240167832e-01,3.971777595016487972e-01,9.751142997356799791e-01,0.000000000000000000e+00,5.637052163872688926e-01,1.000000000000000000e+00,2.923303844702161980e-01,-9.956825775846348536e-01
9.999999973585080859e-01,3.953279106256425424e-01,9.712031927640086826e-01,1.896049331715045361e-02,1.126238570555419561e-04,1.000000000000000000e+00,2.645742612626638679e-01,-9.602153684051999427e-01
9.999999968997561606e-01,3.944115387326952993e-01,9.890163906148907724e-01,1.151409960332205884e-01,0.000000000000000000e+00,1.000000000000000000e+00,2.634520553989927460e-01,-9.436194481310699045e-01
9.999998123751318024e-01,3.741176994411451462e-01,9.725731289137217184e-01,6.320132273114244248e-02,2.361176434706188459e-04,1.000000000000000000e+00,2.621652849678609010e-01,-9.436194481310699045e-01
9.999999971040400837e-01,3.712570817729277106e-01,9.712004365366604386e-01,1.239784377434320628e-01,1.115080038247762606e-04,1.000000000000000000e+00,2.603626411816605812e-01,-9.436194481310699045e-01
1.000000000000000000e+00,3.644500660849109841e-01,9.051998798554928838e-01,5.185291599188851519e-02,5.810691100589326918e-02,1.000000000000000000e+00,2.599987391836919293e-01,-9.111638312403034234e-01
1.000000000000000000e+00,3.633197156397401373e-01,9.020232016793694463e-01,3.112905351781106167e-02,3.760571520184332554e-03,1.000000000000000000e+00,2.585373663957591384e-01,-9.111638312403034234e-01
9.999999971023486589e-01,3.712632213269776438e-01,9.051568551533759610e-01,5.373983056533100655e-02,1.100731822148318475e-04,1.000000000000000000e+00,2.570796747576369334e-01,-9.111638312403034234e-01
1.000000000000000000e+00,3.716030078359274791e-01,9.015439471055490817e-01,5.386691086881974233e-02,0.000000000000000000e+00,1.000000000000000000e+00,2.568154598936526201e-01,-9.111638312403034234e-01
9.999999999877844381e-01,3.725607883540863474e-01,9.259396649615456720e-01,1.283756668982645732e-01,0.000000000000000000e+00,1.000000000000000000e+00,2.567566201563568629e-01,-9.052770417461224461e-01
9.999999934481282882e-01,3.637447814799091850e-01,9.071947640054902617e-01,1.285996632176661936e-01,1.154172295184796839e-06,1.000000000000000000e+00,2.556835303652829627e-01,-8.933700022491096737e-01
1.000000000000000000e+00,3.644071486972014218e-01,9.864791370348172661e-01,3.780820659801523154e-01,1.269475444122085135e-06,1.000000000000000000e+00,2.547175145966871224e-01,-8.842738340990100587e-01
9.999999932896176391e-01,3.574471928900239681e-01,9.081415689467572383e-01,2.523705058637020215e-01,1.127892821835040588e-06,1.000000000000000000e+00,2.532059280605872265e-01,-8.837607386259496156e-01
9.999999967970250037e-01,3.635661962647759315e-01,9.897211498391313977e-01,4.592037139660665734e-01,1.046702455732562143e-07,1.000000000000000000e+00,2.528841662044760130e-01,-8.668170099750011071e-01
9.999999997293903542e-01,3.578416452795741831e-01,8.301413938953141614e-01,1.097702101967441557e-01,0.000000000000000000e+00,1.000000000000000000e+00,2.511100799290693630e-01,-8.375494446862270514e-01
1.000000000000000000e+00,3.578809025021280621e-01,8.345347502405331408e-01,1.231442641479100486e-01,1.597177494655387586e-04,1.000000000000000000e+00,2.510928247010776881e-01,-8.375494446862270514e-01
9.999998398865685978e-01,3.619464142453500677e-01,9.670272942242762459e-01,5.163505637429980366e-01,1.786957139904021569e-04,1.000000000000000000e+00,2.502067565815999095e-01,-8.285220413978434673e-01
1.000000000000000000e+00,3.723858914550920440e-01,9.070777510939111998e-01,4.645840296821445170e-01,1.754510015763748520e-04,1.000000000000000000e+00,2.496334449561506963e-01,-8.277805373491921026e-01
9.999999620384179000e-01,3.575570307329097863e-01,9.178126954465097853e-01,4.673932976124587357e-01,1.782750555565638896e-04,1.000000000000000000e+00,2.484545747160075146e-01,-8.277805373491921026e-01
1.000000000000000000e+00,3.575989385936206855e-01,9.090049858734071675e-01,4.673862491555921261e-01,5.673371149488085075e-04,1.000000000000000000e+00,2.479842954875228489e-01,-8.277805373491921026e-01
1.000000000000000000e+00,3.547464744191293207e-01,9.670097773885133474e-01,6.326589873658419183e-01,0.000000000000000000e+00,1.000000000000000000e+00,2.476597909188955060e-01,-8.112055725962005193e-01
9.999999997098588667e-01,3.497539136290942485e-01,9.715882957553568788e-01,7.054886122245047630e-01,5.152904119536297690e-06,1.000000000000000000e+00,2.466773315179311699e-01,-7.974495912880189552e-01
9.999999989291407099e-01,3.576028077769262681e-01,9.679857786048540191e-01,7.285000915726806969e-01,0.000000000000000000e+00,1.000000000000000000e+00,2.457574071627810497e-01,-7.974495912880189552e-01
1.000000000000000000e+00,3.550134256496789709e-01,9.183419641558369095e-01,6.620290202178198413e-01,4.362723960977884390e-05,1.000000000000000000e+00,2.445504315488078173e-01,-7.897590007846675420e-01
9.999999989295829117e-01,3.496859703680941234e-01,9.243575957228957751e-01,7.085971094076355392e-01,0.000000000000000000e+00,1.000000000000000000e+00,2.438561581613032658e-01,-7.897590007846675420e-01
9.999999988901091541e-01,3.498753208959209937e-01,9.243367488665281684e-01,7.263955057419831940e-01,0.000000000000000000e+00,1.000000000000000000e+00,2.434739188106112284e-01,-7.897590007846675420e-01
1.000000000000000000e+00,3.543579452423218368e-01,9.687100784165624257e-01,8.432665095892198925e-01,3.610826012063226066e-06,1.000000000000000000e+00,2.434087790641233651e-01,-7.715985349824380224e-01
9.999999924908361537e-01,3.526323795712015263e-01,9.034352713420171765e-01,8.023992078249342352e-01,1.094956909721579708e-06,1.000000000000000000e+00,2.412961347568518267e-01,-7.621662930175533424e-01
1.000000000000000000e+00,3.547104494029527100e-01,9.470228937629957544e-01,9.927784452397350190e-01,2.205406963555532163e-04,1.000000000000000000e+00,2.401400439496055306e-01,-7.489949474672253915e-01
9.999999985968194283e-01,3.498885337644089821e-01,9.064625642458901122e-01,9.439081368632578073e-01,2.224110254379523856e-04,1.000000000000000000e+00,2.388042021080417077e-01,-7.331300997075539394e-01
1.000000000000000000e+00,3.420222347646831307e-01,9.043099384012743824e-01,1.000000000000000000e+00,1.048594057552533509e-06,1.000000000000000000e+00,2.372425382208931399e-01,-7.331300997075539394e-01
1.000000000000000000e+00,3.543363942221904317e-01,8.390913051970066983e-01,1.000000000000000000e+00,2.024501658931807958e-06,1.000000000000000000e+00,2.368449776189531786e-01,-7.029169566353156151e-01
1.000000000000000000e+00,3.446767562838106147e-01,8.391623747709523462e-01,1.000000000000000000e+00,0.000000000000000000e+00,1.000000000000000000e+00,2.350896310599365491e-01,-7.029169566353156151e-01
9.999999999837252407e-01,3.346347037707030903e-01,7.728312378883912537e-01,1.000000000000000000e+00,2.069512563963403615e-08,1.000000000000000000e+00,2.326467850667549020e-01,-6.638653440726696164e-01
1.000000000000000000e+00,3.342982260977553910e-01,5.710095334712399495e-01,9.999999993769792539e-01,0.000000000000000000e+00,1.000000000000000000e+00,2.294255076901345614e-01,-5.925383323828599114e-01
8.936190817935129038e-01,5.008115578770294674e-01,1.000000000000000000e+00,0.000000000000000000e+00,6.026987822654927829e-01,1.000000000000000000e+00,3.060131828170063462e-01,-9.956825775846348536e-01
1.000000000000000000e+00,3.954406028355845759e-01,9.729277148034848333e-01,2.251726350845190128e-02,1.115959522917010121e-04,1.000000000000000000e+00,2.646240582709503686e-01,-9.602153684051999427e-01
9.999999999599583633e-01,3.637822507139255590e-01,9.824001819162858640e-01,1.299140909345735950e-01,0.000000000000000000e+00,1.000000000000000000e+00,2.631540813355415787e-01,-9.436194481310699045e-01
9.999999859579509209e-01,3.741192627054358288e-01,9.688776876198033072e-01,5.211900562308062479e-02,0.000000000000000000e+00,1.000000000000000000e+00,2.621782712408643468e-01,-9.436194481310699045e-01
9.999999999594374467e-01,3.706730668769228632e-01,9.719395992057979772e-01,1.271971347616948633e-01,0.000000000000000000e+00,1.000000000000000000e+00,2.603801863638648406e-01,-9.436194481310699045e-01
1.000000000000000000e+00,3.645140926273259252e-01,9.051886858591821072e-01,0.000000000000000000e+00,9.529914029597966879e-03,1.000000000000000000e+00,2.598877539222372857e-01,-9.111638312403034234e-01
1.000000000000000000e+00,3.643882938632512225e-01,9.029957264204251377e-01,3.031298893773709535e-03,1.094443010994292889e-04,1.000000000000000000e+00,2.591869142678722704e-01,-9.111638312403034234e-01
1.000000000000000000e+00,3.728628983652439444e-01,9.015439471055490817e-01,5.320722495173429295e-02,0.000000000000000000e+00,1.000000000000000000e+00,2.568622236256656866e-01,-9.111638312403034234e-01
9.999999999960671460e-01,3.728361780560952021e-01,9.270114984715112083e-01,1.325260988306894705e-01,0.000000000000000000e+00,1.000000000000000000e+00,2.567431654458630086e-01,-9.052770417461224461e-01
1.000000000000000000e+00,3.725576814909673518e-01,9.121581886115990301e-01,1.247886370709617998e-01,2.353349466428123632e-04,1.000000000000000000e+00,2.559429696789801700e-01,-8.933700022491096737e-01
9.999961646578857666e-01,3.696022934049465469e-01,9.818128466367427309e-01,3.655388089291460307e-01,1.069773574042295940e-12,1.000000000000000000e+00,2.547126626901987656e-01,-8.842738340990100587e-01
9.999999999720368127e-01,3.576264044658664654e-01,9.081560502772895171e-01,2.460640716446812482e-01,1.857915512164240723e-06,1.000000000000000000e+00,2.533568477309330325e-01,-8.837607386259496156e-01
9.999999968813948481e-01,3.618670250522761922e-01,9.891763018758265025e-01,4.592037139660665734e-01,4.308750100808858845e-06,1.000000000000000000e+00,2.529150726005980343e-01,-8.668170099750011071e-01
1.000000000000000000e+00,3.570068364183889287e-01,8.365014043176164371e-01,1.694556682567201211e-01,1.969877375952891910e-06,1.000000000000000000e+00,2.502099167273507674e-01,-8.285596022573531449e-01
9.999999989102542619e-01,3.575989385936206855e-01,9.085035752417455202e-01,4.673862491555921261e-01,1.655550797105930644e-02,1.000000000000000000e+00,2.485399612402576230e-01,-8.277805373491921026e-01
9.999999995331730895e-01,3.518574829119525682e-01,9.724735258806891380e-01,6.503571764944320321e-01,2.362490444808265817e-04,1.000000000000000000e+00,2.478560145483544308e-01,-8.112055725962005193e-01
1.000000000000000000e+00,3.544937860788052730e-01,9.664765756955887577e-01,6.731593659021400944e-01,4.638154215396191054e-05,1.000000000000000000e+00,2.467223972267583165e-01,-7.974495912880189552e-01
1.000000000000000000e+00,3.570614271344925705e-01,9.605108554026041690e-01,7.111691044119226035e-01,1.865311473249124845e-06,1.000000000000000000e+00,2.456994903167089295e-01,-7.974495912880189552e-01
9.999999930410460314e-01,3.495655629803027797e-01,9.481450459956967114e-01,7.244570377400439964e-01,0.000000000000000000e+00,1.000000000000000000e+00,2.448062065130796605e-01,-7.945007908295408372e-01
