5.000000000000000000e+02,3.506299999999999972e-01
1.000000000000000000e+03,2.453658999999999979e-01
1.500000000000000000e+03,2.463712000000000124e-01
2.000000000000000000e+03,2.473541999999999963e-01
2.500000000000000000e+03,2.482035999999999965e-01
3.000000000000000000e+03,2.498497000000000079e-01
3.500000000000000000e+03,2.505776000000000114e-01
4.000000000000000000e+03,2.509147999999999934e-01
4.500000000000000000e+03,2.508961000000000108e-01
5.000000000000000000e+03,2.509228000000000014e-01
5.500000000000000000e+03,2.510557999999999956e-01
6.000000000000000000e+03,2.510986000000000051e-01
6.500000000000000000e+03,2.511767999999999779e-01
7.000000000000000000e+03,2.513178999999999830e-01
7.500000000000000000e+03,2.512399000000000160e-01
8.000000000000000000e+03,2.512912999999999952e-01
8.500000000000000000e+03,2.512930999999999915e-01
9.000000000000000000e+03,2.514680000000000248e-01
9.500000000000000000e+03,2.513232000000000244e-01
1.000000000000000000e+04,2.513418000000000041e-01
1.050000000000000000e+04,2.513772000000000229e-01
1.100000000000000000e+04,2.514166999999999930e-01
1.150000000000000000e+04,2.513915999999999928e-01
1.200000000000000000e+04,2.514908000000000143e-01
1.250000000000000000e+04,2.515855000000000175e-01
1.300000000000000000e+04,2.515853000000000117e-01
1.350000000000000000e+04,2.516476999999999742e-01
1.400000000000000000e+04,2.516469000000000067e-01
1.450000000000000000e+04,2.516651999999999778e-01
1.500000000000000000e+04,2.518560000000000243e-01
1.550000000000000000e+04,2.519367000000000134e-01
1.600000000000000000e+04,2.518625999999999920e-01
1.650000000000000000e+04,2.518574000000000090e-01
1.700000000000000000e+04,2.518602999999999814e-01
1.750000000000000000e+04,2.518347000000000224e-01
1.800000000000000000e+04,2.518187000000000064e-01
1.850000000000000000e+04,2.518391999999999853e-01
1.900000000000000000e+04,2.518317999999999945e-01
1.950000000000000000e+04,2.518340000000000023e-01
2.000000000000000000e+04,2.506579999999999919e-01
2.050000000000000000e+04,2.518407999999999758e-01
2.100000000000000000e+04,2.518653000000000142e-01
2.150000000000000000e+04,2.518704999999999972e-01
2.200000000000000000e+04,2.506819000000000131e-01
2.250000000000000000e+04,2.518589999999999995e-01
2.300000000000000000e+04,2.518035000000000134e-01
2.350000000000000000e+04,2.518066999999999944e-01
2.400000000000000000e+04,2.518441000000000152e-01
2.450000000000000000e+04,2.518438000000000065e-01
2.500000000000000000e+04,2.518415999999999988e-01
2.550000000000000000e+04,2.518356999999999957e-01
2.600000000000000000e+04,2.518942000000000125e-01
2.650000000000000000e+04,2.518794999999999784e-01
2.700000000000000000e+04,2.518961000000000117e-01
2.750000000000000000e+04,2.518977000000000022e-01
2.800000000000000000e+04,2.507541999999999827e-01
2.850000000000000000e+04,2.517005999999999966e-01
2.900000000000000000e+04,2.517006999999999994e-01
2.950000000000000000e+04,2.518885000000000152e-01
3.000000000000000000e+04,2.518640999999999797e-01
3.050000000000000000e+04,2.518709000000000087e-01
3.100000000000000000e+04,2.518798999999999899e-01
3.150000000000000000e+04,2.518834999999999824e-01
3.200000000000000000e+04,2.518864000000000103e-01
3.250000000000000000e+04,2.518906000000000200e-01
3.300000000000000000e+04,2.518964000000000203e-01
3.350000000000000000e+04,2.518938000000000010e-01
3.400000000000000000e+04,2.518927000000000249e-01
3.450000000000000000e+04,2.519213000000000147e-01
3.500000000000000000e+04,2.519206999999999974e-01
3.550000000000000000e+04,2.519233000000000167e-01
3.600000000000000000e+04,2.519208000000000003e-01
3.650000000000000000e+04,2.519166999999999934e-01
3.700000000000000000e+04,2.518935999999999953e-01
3.750000000000000000e+04,2.518978000000000050e-01
3.800000000000000000e+04,2.518958000000000030e-01
3.850000000000000000e+04,2.518851999999999758e-01
3.900000000000000000e+04,2.518820999999999977e-01
3.950000000000000000e+04,2.518770000000000175e-01
4.000000000000000000e+04,2.518713000000000202e-01
4.050000000000000000e+04,2.518905000000000172e-01
4.100000000000000000e+04,2.519135000000000124e-01
4.150000000000000000e+04,2.518897999999999970e-01
4.200000000000000000e+04,2.518854999999999844e-01
4.250000000000000000e+04,2.518755999999999773e-01
4.300000000000000000e+04,2.518880000000000008e-01
4.350000000000000000e+04,2.518988999999999812e-01
4.400000000000000000e+04,2.519024999999999737e-01
4.450000000000000000e+04,2.519144999999999857e-01
4.500000000000000000e+04,2.518799999999999928e-01
4.550000000000000000e+04,2.518479000000000134e-01
4.600000000000000000e+04,2.518958000000000030e-01
4.650000000000000000e+04,2.518908000000000258e-01
4.700000000000000000e+04,2.518782999999999994e-01
4.750000000000000000e+04,2.519312000000000218e-01
4.800000000000000000e+04,2.519024999999999737e-01
4.850000000000000000e+04,2.519048999999999872e-01
4.900000000000000000e+04,2.519028999999999852e-01
4.950000000000000000e+04,2.518940000000000068e-01
5.000000000000000000e+04,2.518944000000000183e-01
5.050000000000000000e+04,2.519077000000000122e-01
5.100000000000000000e+04,2.519239999999999813e-01
5.150000000000000000e+04,2.519277999999999795e-01
5.200000000000000000e+04,2.519395999999999858e-01
5.250000000000000000e+04,2.519411999999999763e-01
5.300000000000000000e+04,2.519477999999999995e-01
5.350000000000000000e+04,2.519445000000000157e-01
5.400000000000000000e+04,2.519180999999999782e-01
5.450000000000000000e+04,2.519317999999999835e-01
5.500000000000000000e+04,2.519249000000000072e-01
5.550000000000000000e+04,2.519131000000000009e-01
5.600000000000000000e+04,2.519132000000000038e-01
5.650000000000000000e+04,2.519043000000000254e-01
5.700000000000000000e+04,2.519155000000000144e-01
5.750000000000000000e+04,2.519230000000000080e-01
5.800000000000000000e+04,2.519352000000000258e-01
5.850000000000000000e+04,2.519396999999999887e-01
5.900000000000000000e+04,2.519492999999999872e-01
5.950000000000000000e+04,2.519599000000000144e-01
6.000000000000000000e+04,2.519512999999999892e-01
