8.678898970922244160e-01,4.138070514457197757e-01,9.975689481887104471e-01,7.762558147720144408e-03,7.130651843160886738e-01,8.888888888888888395e-01,3.490011513646382735e-01,-9.688772851002219744e-01
1.000000000000000000e+00,3.544137551899677052e-01,9.988818015701053099e-01,9.294016410566030562e-02,2.135684323435915744e-03,8.888888888888888395e-01,2.729420978308094714e-01,-9.595516168485157538e-01
1.000000000000000000e+00,3.660346161662997311e-01,1.000000000000000000e+00,1.007876508040370933e-01,1.333757195722928834e-02,8.888888888888888395e-01,2.639894815788346172e-01,-9.595516168485157538e-01
9.999997771795438029e-01,3.678652426500615413e-01,9.920226405959844396e-01,1.366144041297946421e-01,8.384756303065494338e-08,8.888888888888888395e-01,2.605267350510337976e-01,-9.278224446611926801e-01
1.000000000000000000e+00,3.648304326210763393e-01,9.752888813280060631e-01,1.161138751627447674e-01,1.515372583101176900e-04,8.888888888888888395e-01,2.603038978122346747e-01,-9.104772358446812097e-01
9.999887494398814747e-01,3.661895744712834189e-01,9.603877471430218860e-01,1.386687276496226251e-01,0.000000000000000000e+00,8.888888888888888395e-01,2.578215123226310079e-01,-9.052770417461224461e-01
9.999937757842818353e-01,3.661011025251414419e-01,9.259749225012368079e-01,1.389908419008877849e-01,8.523145273871007453e-04,8.888888888888888395e-01,2.551177693682727954e-01,-9.052770417461224461e-01
1.000000000000000000e+00,3.658860606159554663e-01,9.071785865195086673e-01,1.394947321150692698e-01,0.000000000000000000e+00,8.888888888888888395e-01,2.537591960516019096e-01,-8.817286714545976567e-01
1.000000000000000000e+00,3.660750802777896773e-01,9.756232172776664324e-01,3.799805969331793154e-01,6.922935122655341303e-07,8.888888888888888395e-01,2.525035880772271146e-01,-8.672189236387213285e-01
9.999999870154629988e-01,3.598241718261116495e-01,9.403817959900996337e-01,3.239872112915596625e-01,0.000000000000000000e+00,8.888888888888888395e-01,2.516551723494006576e-01,-8.589737589781474281e-01
9.994245542898839707e-01,3.668390344461337493e-01,9.679493355956974021e-01,4.116660577165174861e-01,0.000000000000000000e+00,8.888888888888888395e-01,2.514752283669660637e-01,-8.334099095134673840e-01
1.000000000000000000e+00,3.662198766975964803e-01,9.441307351249009772e-01,4.438204344304028104e-01,0.000000000000000000e+00,8.888888888888888395e-01,2.495681707725061482e-01,-8.224391403551770674e-01
9.999999870133547963e-01,3.596413785419729225e-01,9.570856424504354809e-01,5.423522001234454271e-01,6.740101082428260728e-11,8.888888888888888395e-01,2.477210440074629205e-01,-8.158679089081827263e-01
9.999947385115293130e-01,3.554087796689565648e-01,9.074001041694563785e-01,4.689929133957763119e-01,0.000000000000000000e+00,8.888888888888888395e-01,2.465015610923906031e-01,-8.024420931486743180e-01
9.999998912800013295e-01,3.476949168215664465e-01,9.600978745750605725e-01,7.137559490863933931e-01,0.000000000000000000e+00,8.888888888888888395e-01,2.443656893253582651e-01,-7.883848458884205046e-01
9.999999761952218513e-01,3.489265050715442129e-01,9.188524503489101658e-01,7.309613407406538865e-01,4.975216990752781299e-05,8.888888888888888395e-01,2.417723196137193664e-01,-7.825939564882867794e-01
9.999999867880117188e-01,3.426193583113529839e-01,9.558878047107703946e-01,8.991765674275895570e-01,0.000000000000000000e+00,8.888888888888888395e-01,2.403398281042244400e-01,-7.506249739395490783e-01
9.999996117143254981e-01,3.480919307951653163e-01,9.366053470200160769e-01,9.913915387245411104e-01,4.314813364215328007e-05,8.888888888888888395e-01,2.377767945662011551e-01,-7.241142822881793117e-01
9.999997772787183603e-01,3.382507194112667759e-01,8.731799451124409028e-01,1.000000000000000000e+00,9.120221710456165596e-08,8.888888888888888395e-01,2.347124195555396475e-01,-7.038575944350176083e-01
9.999993693926705340e-01,3.384973137453142211e-01,7.789347997325444251e-01,9.890826301398978337e-01,0.000000000000000000e+00,8.888888888888888395e-01,2.318794104691096203e-01,-6.552006722215453216e-01
1.000000000000000000e+00,3.185541534597766122e-01,5.794055380321787574e-01,9.996724918160659890e-01,1.000000000000000000e+00,8.888888888888888395e-01,2.278286145139075125e-01,-5.944862892088904616e-01
1.000000000000000000e+00,3.212425552008273399e-01,3.903670519160222230e-01,1.000000000000000000e+00,1.000000000000000000e+00,8.888888888888888395e-01,2.220502330593626394e-01,-5.249507119306086045e-01
9.931355919135617105e-01,3.573201466282064365e-01,9.773233383350775627e-01,9.481556083621503483e-02,1.331035336835815694e-04,8.888888888888888395e-01,2.681691453550086868e-01,-9.595516168485157538e-01
1.000000000000000000e+00,3.723040085433848012e-01,9.765524486544251426e-01,1.169499948900213637e-01,0.000000000000000000e+00,8.888888888888888395e-01,2.593332219922710458e-01,-9.104772358446812097e-01
1.000000000000000000e+00,3.650923383898088681e-01,9.402226095563622765e-01,1.400995918558886333e-01,0.000000000000000000e+00,8.888888888888888395e-01,2.562185175222413402e-01,-9.052770417461224461e-01
9.999999584675015596e-01,3.660045821497354135e-01,9.138537630473808626e-01,1.039056715165112277e-01,7.635558272233346288e-08,8.888888888888888395e-01,2.551174422085659699e-01,-8.817286714545976567e-01
9.999895371556216661e-01,3.599616425587167101e-01,9.756232172953118731e-01,3.423811237293140630e-01,0.000000000000000000e+00,8.888888888888888395e-01,2.536983688877667564e-01,-8.672189236387213285e-01
9.999996628674741039e-01,3.662198766975964803e-01,9.392651100904161332e-01,4.278245592240818018e-01,0.000000000000000000e+00,8.888888888888888395e-01,2.496283902233872309e-01,-8.334099095134673840e-01
1.000000000000000000e+00,3.554069609781629890e-01,9.069820186663721806e-01,4.448207294063752371e-01,0.000000000000000000e+00,8.888888888888888395e-01,2.469831634618399885e-01,-8.099129130186201175e-01
9.999996117142990748e-01,3.489694381705777948e-01,9.375947466086346216e-01,7.080003016407959704e-01,4.265525095973968781e-05,8.888888888888888395e-01,2.431510797022529147e-01,-7.825939564882867794e-01
1.000000000000000000e+00,3.423577710054058754e-01,9.457063541007991736e-01,9.604191450316468259e-01,0.000000000000000000e+00,8.888888888888888395e-01,2.384926111830296402e-01,-7.476446375832216384e-01
9.999992770389034558e-01,3.366037538925564787e-01,8.341255729211511927e-01,1.000000000000000000e+00,0.000000000000000000e+00,8.888888888888888395e-01,2.333011523641121687e-01,-6.878996560231450674e-01
1.000000000000000000e+00,3.208546537407830357e-01,5.100041539987886230e-01,1.000000000000000000e+00,9.969115507751601379e-01,8.888888888888888395e-01,2.251471087096341694e-01,-5.673709631207199955e-01
1.000000000000000000e+00,3.675017271231012517e-01,1.000000000000000000e+00,8.969078562804738697e-02,6.100995419251789009e-01,8.888888888888888395e-01,2.787820777721506937e-01,-9.595516168485157538e-01
9.969752541311370786e-01,3.568716808525034256e-01,9.758662029217449740e-01,6.975629223662465073e-01,0.000000000000000000e+00,8.888888888888888395e-01,2.455716681516591504e-01,-7.941673590933752136e-01
1.000000000000000000e+00,3.411314731955069623e-01,9.031802101003518768e-01,1.000000000000000000e+00,0.000000000000000000e+00,8.888888888888888395e-01,2.358803236405366821e-01,-7.241142822881793117e-01
9.598086178166974625e-01,3.422807950266541499e-01,2.491841198230428933e-01,9.997398418430721856e-01,1.000000000000000000e+00,8.888888888888888395e-01,2.183769030499654595e-01,-4.784974336394299255e-01
1.000000000000000000e+00,3.658860606159554663e-01,9.289824218282758395e-01,1.395011349192072925e-01,9.106346653803130964e-02,8.888888888888888395e-01,2.586525999225009476e-01,-9.065176527572681442e-01
1.000000000000000000e+00,3.655952322284810041e-01,9.762852694184946944e-01,3.896033059468243520e-01,0.000000000000000000e+00,8.888888888888888395e-01,2.523053760379819765e-01,-8.638826612435431818e-01
9.999878771811904210e-01,3.398965852717970026e-01,9.001385453214324484e-01,7.333436648452373863e-01,0.000000000000000000e+00,8.888888888888888395e-01,2.417179200969059027e-01,-7.595873781278948966e-01
1.000000000000000000e+00,3.648509489217518498e-01,9.752269955588118711e-01,1.094699941932420484e-01,1.529058160218855350e-04,8.888888888888888395e-01,2.605499166672172184e-01,-9.595516168485157538e-01
9.999999998164592618e-01,3.549972092361488030e-01,9.386349528854714963e-01,4.678231245174773734e-01,0.000000000000000000e+00,8.888888888888888395e-01,2.483156200816011572e-01,-8.224391403551770674e-01
9.999999999914992443e-01,3.386788292797198174e-01,7.244571905800438749e-01,9.999997976834467117e-01,0.000000000000000000e+00,8.888888888888888395e-01,2.305039656174867335e-01,-6.120188760276599194e-01
9.212594629392690804e-01,3.919672959456111383e-01,9.819298356381802595e-01,0.000000000000000000e+00,6.241054637014683548e-01,8.888888888888888395e-01,3.009086284837589331e-01,-9.688772851002219744e-01
1.000000000000000000e+00,3.650072426344490584e-01,9.803882725837550494e-01,1.002010211190916544e-01,8.081528662420135456e-01,8.888888888888888395e-01,2.782230870351805052e-01,-9.595516168485157538e-01
9.999999996609691966e-01,3.543745109271097538e-01,9.993012533043414969e-01,9.294016410566030562e-02,0.000000000000000000e+00,8.888888888888888395e-01,2.729351446086849542e-01,-9.595516168485157538e-01
9.867963559264015805e-01,4.293920577088895518e-01,9.760036706270285300e-01,6.191868491976604272e-02,0.000000000000000000e+00,8.888888888888888395e-01,2.683692152659762353e-01,-9.595516168485157538e-01
1.000000000000000000e+00,3.999661924038128147e-01,9.773059934367503976e-01,5.734984132455461792e-02,0.000000000000000000e+00,8.888888888888888395e-01,2.636499569514517138e-01,-9.595516168485157538e-01
9.999869635658323874e-01,3.656316774943880743e-01,9.765839400268039316e-01,1.075953941993642721e-01,1.529147582402363926e-04,8.888888888888888395e-01,2.605560323559948932e-01,-9.595516168485157538e-01
1.000000000000000000e+00,3.664412167017104816e-01,9.782468568592832536e-01,1.175441790464816089e-01,0.000000000000000000e+00,8.888888888888888395e-01,2.601515183419745303e-01,-9.104772358446812097e-01
1.000000000000000000e+00,3.723412993027890860e-01,9.772952852806823243e-01,1.251764295982603359e-01,2.100313503848471203e-06,8.888888888888888395e-01,2.591527453542429860e-01,-9.104772358446812097e-01
9.999998899333543134e-01,3.661895744712834189e-01,9.603877471430218860e-01,1.394501196880531535e-01,6.051401936881845196e-04,8.888888888888888395e-01,2.578215953239273439e-01,-9.052770417461224461e-01
9.999997535516236269e-01,3.662040587006473724e-01,9.406233416092273369e-01,1.383090101453373355e-01,0.000000000000000000e+00,8.888888888888888395e-01,2.562025176969717211e-01,-9.052770417461224461e-01
1.000000000000000000e+00,3.661895744712834189e-01,9.270536814353477206e-01,1.394381405208709457e-01,6.141002233408378135e-04,8.888888888888888395e-01,2.551711330736604055e-01,-9.052770417461224461e-01
9.999999557900013381e-01,3.659885046254285346e-01,9.129854621755292277e-01,1.033719523888142755e-01,6.285126438008135489e-10,8.888888888888888395e-01,2.550680754447604559e-01,-8.817286714545976567e-01
9.999933630225783521e-01,3.647198273918513811e-01,9.068670534816853923e-01,1.393350528542144917e-01,0.000000000000000000e+00,8.888888888888888395e-01,2.537633039791620804e-01,-8.817286714545976567e-01
9.999999865883990591e-01,3.598126421529748709e-01,9.756232710564142208e-01,3.436671574264060225e-01,0.000000000000000000e+00,8.888888888888888395e-01,2.536803220100390388e-01,-8.672189236387213285e-01
9.999886431235534001e-01,3.661631802140285497e-01,9.756312399414912573e-01,3.770866293003780623e-01,0.000000000000000000e+00,8.888888888888888395e-01,2.525738514616415187e-01,-8.672189236387213285e-01
9.999877138718767933e-01,3.660036145967601184e-01,9.760179815188546604e-01,3.896033059468243520e-01,0.000000000000000000e+00,8.888888888888888395e-01,2.523089936593517768e-01,-8.638826612435431818e-01
9.999999868717192042e-01,3.596838858142648587e-01,9.403933080062141237e-01,3.243002277467459393e-01,1.010356201616763162e-06,8.888888888888888395e-01,2.516577312980123327e-01,-8.589737589781474281e-01
1.000000000000000000e+00,3.575087337338283544e-01,9.571026883603618307e-01,3.831703516985687230e-01,4.320072458181376200e-14,8.888888888888888395e-01,2.514749335686039533e-01,-8.334099095134673840e-01
9.999876428373363213e-01,3.656429933772639140e-01,9.389323904473804161e-01,4.230541497229627912e-01,5.599014305665294024e-05,8.888888888888888395e-01,2.496367103986561753e-01,-8.334099095134673840e-01
9.999604412730138669e-01,3.663473479212485673e-01,9.392036922049167291e-01,4.435193302192496079e-01,0.000000000000000000e+00,8.888888888888888395e-01,2.493604322670772699e-01,-8.224391403551770674e-01
9.999999999923873117e-01,3.554283082007835826e-01,9.386320107216128417e-01,4.678416592792921103e-01,0.000000000000000000e+00,8.888888888888888395e-01,2.482883728071550999e-01,-8.224391403551770674e-01
1.000000000000000000e+00,3.548480193628537060e-01,9.577985956431128711e-01,5.426626613268766830e-01,0.000000000000000000e+00,8.888888888888888395e-01,2.477096275085140797e-01,-8.158679089081827263e-01
9.999999995067826442e-01,3.557369247155290348e-01,9.069830857826528536e-01,4.436022844641396845e-01,0.000000000000000000e+00,8.888888888888888395e-01,2.470069068544774593e-01,-8.099129130186201175e-01
9.999947619413476207e-01,3.554969508387575972e-01,9.074003405351209750e-01,4.689414371123252767e-01,0.000000000000000000e+00,8.888888888888888395e-01,2.465033508082957181e-01,-8.024420931486743180e-01
9.968505850962188219e-01,3.568716808525034256e-01,9.760016164555394003e-01,6.980641953181742076e-01,1.715372976725631880e-06,8.888888888888888395e-01,2.455752795155361490e-01,-7.941673590933752136e-01
1.000000000000000000e+00,3.488766498608843469e-01,9.400257628594104187e-01,7.349319275107859539e-01,2.175174353502273150e-06,8.888888888888888395e-01,2.427059683763485021e-01,-7.825939564882867794e-01
1.000000000000000000e+00,3.489606720556667763e-01,9.179397893384715346e-01,7.274772868159126160e-01,4.252474639338527091e-05,8.888888888888888395e-01,2.417984061719388733e-01,-7.825939564882867794e-01
9.999878771811904210e-01,3.400271635112277480e-01,8.985298174787487158e-01,7.313727845351298829e-01,0.000000000000000000e+00,8.888888888888888395e-01,2.416364399845998268e-01,-7.595873781278948966e-01
9.999999891748276859e-01,3.426119483964673029e-01,9.559859278663518367e-01,8.933268537132540432e-01,0.000000000000000000e+00,8.888888888888888395e-01,2.404820730702498521e-01,-7.506249739395490783e-01
1.000000000000000000e+00,3.422740037033155658e-01,9.456204071042365600e-01,9.562161799124945238e-01,6.586272384280700510e-10,8.888888888888888395e-01,2.385819415868641880e-01,-7.476446375832216384e-01
9.999999997219942705e-01,3.427871137525321243e-01,9.563572676655796023e-01,1.000000000000000000e+00,8.616194067451514677e-05,8.888888888888888395e-01,2.381558791132230846e-01,-7.369460289500889827e-01
9.999999998126164469e-01,3.411314731955069623e-01,9.035935857591906872e-01,1.000000000000000000e+00,8.139455600877867529e-10,8.888888888888888395e-01,2.358967013820403857e-01,-7.241142822881793117e-01
9.999997732363348213e-01,3.382647200999295833e-01,8.735452815511242086e-01,1.000000000000000000e+00,9.318953110707239797e-08,8.888888888888888395e-01,2.347263386777789507e-01,-7.038575944350176083e-01
1.000000000000000000e+00,3.371498711811730664e-01,8.343588803121154696e-01,1.000000000000000000e+00,9.456053533228399766e-05,8.888888888888888395e-01,2.333065487786529224e-01,-6.878996560231450674e-01
9.999999999911792781e-01,3.396713865446961966e-01,7.809874648484896875e-01,9.999999991799860544e-01,3.051536241703915709e-06,8.888888888888888395e-01,2.318812974732148702e-01,-6.552006722215453216e-01
9.999999999999993339e-01,3.387530329549455210e-01,7.244571905800438749e-01,1.000000000000000000e+00,0.000000000000000000e+00,8.888888888888888395e-01,2.305132693733855653e-01,-6.120188760276599194e-01
1.000000000000000000e+00,3.194874311239614961e-01,5.751367799213115140e-01,9.832029079072012179e-01,1.000000000000000000e+00,8.888888888888888395e-01,2.278750744306104192e-01,-5.944862892088904616e-01
9.999996123573602347e-01,3.208552254898783263e-01,5.121345278869213757e-01,9.999161807217376019e-01,1.000000000000000000e+00,8.888888888888888395e-01,2.251852247246192706e-01,-5.673709631207199955e-01
1.000000000000000000e+00,3.223279828851750017e-01,3.958454590663371686e-01,1.000000000000000000e+00,9.963863150131174740e-01,8.888888888888888395e-01,2.221029471699279834e-01,-5.249507119306086045e-01
9.572711165644283149e-01,3.423667879209879028e-01,2.569154577997617706e-01,1.000000000000000000e+00,9.992598902266739413e-01,8.888888888888888395e-01,2.184600039484213274e-01,-4.784974336394299255e-01
9.196833551984424648e-01,3.268932270172020260e-01,9.857533472153823251e-01,0.000000000000000000e+00,6.082446127552600945e-01,8.888888888888888395e-01,6.142954242071734239e-01,-9.688772851002219744e-01
9.585048563731917159e-01,3.660718395948116544e-01,9.773387128637389676e-01,6.443550323199066787e-02,1.348794062961556760e-04,8.888888888888888395e-01,2.782137026914934252e-01,-9.595516168485157538e-01
1.000000000000000000e+00,3.594385126734632729e-01,9.758625904663635886e-01,8.933493148941795692e-02,2.095112923876889521e-01,8.888888888888888395e-01,2.728940126123168275e-01,-9.595516168485157538e-01
1.000000000000000000e+00,4.325202907526757290e-01,9.758925003931454567e-01,6.532391240033619262e-02,0.000000000000000000e+00,8.888888888888888395e-01,2.679678674938237304e-01,-9.595516168485157538e-01
1.000000000000000000e+00,3.990594077840662890e-01,9.752168326616793559e-01,9.989609557985967836e-02,5.601792792344828520e-02,8.888888888888888395e-01,2.645592631811280460e-01,-9.595516168485157538e-01
9.999872642428094816e-01,3.656273772359443508e-01,9.766298191963571629e-01,1.076284719888028624e-01,1.487802454058348087e-04,8.888888888888888395e-01,2.605604022203374948e-01,-9.595516168485157538e-01
1.000000000000000000e+00,3.664412167017104816e-01,9.782468568592832536e-01,1.177282044756703117e-01,0.000000000000000000e+00,8.888888888888888395e-01,2.601447936045203080e-01,-9.104772358446812097e-01
9.999871735617712476e-01,3.656616426313592516e-01,9.773639307250239217e-01,1.392295846565287376e-01,1.483257189007622845e-04,8.888888888888888395e-01,2.594555824503233521e-01,-9.104772358446812097e-01
9.999993808693961039e-01,3.658146953583503169e-01,9.338677037051212881e-01,1.263734610299970806e-01,4.413762332713405678e-02,8.888888888888888395e-01,2.577833674650980011e-01,-9.052770417461224461e-01
1.000000000000000000e+00,3.647193057649948944e-01,9.408235772885913395e-01,1.399166449984936833e-01,3.581194459882364178e-04,8.888888888888888395e-01,2.563293444472870553e-01,-9.052770417461224461e-01
9.999999998326023487e-01,3.658838445157032715e-01,9.268719961839956278e-01,1.394555639427522420e-01,7.760400527601003014e-04,8.888888888888888395e-01,2.551775132850540584e-01,-9.052770417461224461e-01
9.999999560280165012e-01,3.660035743650967288e-01,9.119158680244154880e-01,1.038788838569632417e-01,7.633772930264474105e-08,8.888888888888888395e-01,2.549755752093367245e-01,-8.817286714545976567e-01
9.999999312689488162e-01,3.659798176084697041e-01,9.070812868501590964e-01,1.384225744444401163e-01,0.000000000000000000e+00,8.888888888888888395e-01,2.537778084578954374e-01,-8.817286714545976567e-01
9.971287176999018564e-01,3.569329632276720399e-01,9.759664926519181494e-01,3.757157338599607654e-01,0.000000000000000000e+00,8.888888888888888395e-01,2.536795811758751906e-01,-8.672189236387213285e-01
9.999895371556216661e-01,3.599618252615474079e-01,9.756232185666943169e-01,3.815322931943233575e-01,0.000000000000000000e+00,8.888888888888888395e-01,2.525844225243901175e-01,-8.672189236387213285e-01
9.999875080804568883e-01,3.655695233743615491e-01,9.765087794905771279e-01,3.893629520800994115e-01,0.000000000000000000e+00,8.888888888888888395e-01,2.523238044827859627e-01,-8.638826612435431818e-01
9.999999562620049964e-01,3.657913751018258552e-01,9.403933080062141237e-01,3.212931379278385347e-01,7.651021054780596793e-08,8.888888888888888395e-01,2.517298295791024487e-01,-8.589737589781474281e-01
