9.843941569490503030e-01,3.929487411976450573e-01,9.919247702570985759e-01,7.194810261937523155e-02,8.225091021625074994e-01,1.111111111111111049e-01,2.703802666093552687e-01,-8.789032433972565617e-01
9.999999809643387305e-01,4.254510131761212732e-01,9.887191562449415549e-01,8.274313648118394177e-03,1.270998925334017038e-01,1.111111111111111049e-01,2.636619470142876342e-01,-8.696036921552440235e-01
1.000000000000000000e+00,4.026984892879219013e-01,9.901152157932228137e-01,1.026401217297136653e-01,0.000000000000000000e+00,1.111111111111111049e-01,2.547080293645360705e-01,-8.696036921552440235e-01
1.000000000000000000e+00,3.590499455357418768e-01,9.884382489294792906e-01,1.026401217297136653e-01,0.000000000000000000e+00,1.111111111111111049e-01,2.483042583787425372e-01,-8.696036921552440235e-01
1.000000000000000000e+00,3.621524909092269651e-01,9.659876399721687434e-01,6.449766059326732248e-02,8.700391135886886840e-03,1.111111111111111049e-01,2.482579776638953462e-01,-8.624029061396992768e-01
1.000000000000000000e+00,3.571519912654901874e-01,9.664926651728750207e-01,1.039026443843818481e-01,1.185223775955412777e-02,1.111111111111111049e-01,2.472638209530977627e-01,-8.569085255209456520e-01
9.999892849122673510e-01,3.517549607168079517e-01,1.000000000000000000e+00,2.225997832373328711e-01,0.000000000000000000e+00,1.111111111111111049e-01,2.460545642426350266e-01,-8.327473898809083508e-01
9.999999398342582779e-01,3.519018957076620047e-01,9.342530073328116913e-01,1.397002346130924999e-01,6.012548456794712616e-07,1.111111111111111049e-01,2.438872309251706727e-01,-8.203790693600215844e-01
1.000000000000000000e+00,3.587895918828780673e-01,9.429593465205338143e-01,1.802406284308036288e-01,0.000000000000000000e+00,1.111111111111111049e-01,2.438778862585794238e-01,-8.033275758457266713e-01
9.987476501772207804e-01,3.376548953877195891e-01,1.000000000000000000e+00,4.469150094684857799e-01,0.000000000000000000e+00,1.111111111111111049e-01,2.421573471517778353e-01,-7.867296014243397861e-01
1.000000000000000000e+00,3.463075013441545558e-01,9.994511383623353451e-01,4.684430990690708341e-01,0.000000000000000000e+00,1.111111111111111049e-01,2.398562341857192470e-01,-7.867296014243397861e-01
9.998927809870719052e-01,3.459189255051375311e-01,9.255064165276098986e-01,3.357481029135132578e-01,6.709393401770932894e-05,1.111111111111111049e-01,2.389618229034446983e-01,-7.585977268662308370e-01
9.999999999999166223e-01,3.464848920759305284e-01,9.607386262707634517e-01,4.478175066521674075e-01,0.000000000000000000e+00,1.111111111111111049e-01,2.383485968747996453e-01,-7.480037472787252062e-01
1.000000000000000000e+00,3.431775607737886369e-01,1.000000000000000000e+00,5.841340687799239095e-01,1.591399221206656056e-02,1.111111111111111049e-01,2.378925837902902130e-01,-7.347106107654303164e-01
1.000000000000000000e+00,3.374776728078684451e-01,9.558540499718897188e-01,5.782056642324195916e-01,0.000000000000000000e+00,1.111111111111111049e-01,2.353351278337787456e-01,-7.337383648114453871e-01
1.000000000000000000e+00,3.385564394875434924e-01,9.383161710051762805e-01,5.781715680063858054e-01,2.896052518522110286e-06,1.111111111111111049e-01,2.344438699284049910e-01,-7.198204468574077586e-01
9.999999999484362467e-01,3.287513163364989000e-01,9.538833737094811749e-01,7.185294380287503557e-01,6.568978824625639422e-05,1.111111111111111049e-01,2.331292077233854676e-01,-7.037031675783033124e-01
1.000000000000000000e+00,3.379982685995757130e-01,9.412224420077212050e-01,7.073354527100943479e-01,3.291262661211770218e-06,1.111111111111111049e-01,2.320187552054371605e-01,-6.880988852025541336e-01
9.999999833438706354e-01,3.303853633713784710e-01,9.655976171124254215e-01,8.522440665202254406e-01,1.552726614143686685e-04,1.111111111111111049e-01,2.301503157578237146e-01,-6.732216955831731298e-01
9.999999999994361177e-01,3.287576016642672072e-01,9.730378074163656965e-01,1.000000000000000000e+00,4.852721565029840460e-06,1.111111111111111049e-01,2.273745879416508020e-01,-6.717250422970819645e-01
1.000000000000000000e+00,3.275646852330005299e-01,9.307860849765732247e-01,1.000000000000000000e+00,0.000000000000000000e+00,1.111111111111111049e-01,2.257410762774331170e-01,-6.489025709377428397e-01
9.999999999995001776e-01,3.290697320315686403e-01,8.577860475034702059e-01,1.000000000000000000e+00,0.000000000000000000e+00,1.111111111111111049e-01,2.236001991912280329e-01,-6.056727761800756449e-01
9.999999999995353717e-01,3.286248778707913654e-01,7.245802011816132593e-01,9.988841685778434565e-01,0.000000000000000000e+00,1.111111111111111049e-01,2.209171601866707635e-01,-5.555775077707025833e-01
1.000000000000000000e+00,3.093846820380752316e-01,5.274547246521219535e-01,9.871241019588992138e-01,1.000000000000000000e+00,1.111111111111111049e-01,2.174210674990040004e-01,-4.811656781311632880e-01
1.000000000000000000e+00,3.515914442080473878e-01,9.887224504698798322e-01,4.499367536406596174e-02,0.000000000000000000e+00,1.111111111111111049e-01,2.512515941624361981e-01,-8.696036921552440235e-01
1.000000000000000000e+00,3.571520124511515237e-01,9.658170877528722276e-01,1.038721138882692657e-01,0.000000000000000000e+00,1.111111111111111049e-01,2.467563547423252124e-01,-8.569085255209456520e-01
9.997324043766547819e-01,3.469211730470891930e-01,9.397451698240721907e-01,1.346085459747125845e-01,0.000000000000000000e+00,1.111111111111111049e-01,2.449056447834132288e-01,-8.203790693600215844e-01
9.999999386613165342e-01,3.511129304935162732e-01,9.422440912531264701e-01,2.018329987048679275e-01,0.000000000000000000e+00,1.111111111111111049e-01,2.428822971194914693e-01,-8.033275758457266713e-01
1.000000000000000000e+00,3.567654908899873800e-01,9.430899988644962928e-01,2.231793090524939738e-01,0.000000000000000000e+00,1.111111111111111049e-01,2.428230290740050201e-01,-7.876482690618149540e-01
9.999984037827873706e-01,3.458177158871391654e-01,9.425017290027781769e-01,3.369874400053762820e-01,6.787443805513548108e-05,1.111111111111111049e-01,2.398103933617320160e-01,-7.585977268662308370e-01
9.999998975243736821e-01,3.428868048162453386e-01,9.856803004400277457e-01,6.581252319533881234e-01,0.000000000000000000e+00,1.111111111111111049e-01,2.350635570775000405e-01,-7.254741950528084127e-01
9.999994549487638551e-01,3.374950157825672981e-01,9.521335908448541607e-01,7.168209487680984315e-01,6.777004789779552188e-05,1.111111111111111049e-01,2.322460915364166212e-01,-7.037031675783033124e-01
1.000000000000000000e+00,3.296629656560587374e-01,1.000000000000000000e+00,1.000000000000000000e+00,7.278441909395860776e-03,1.111111111111111049e-01,2.288075032754663396e-01,-6.717250422970819645e-01
9.999999422333606391e-01,3.120084662601075864e-01,5.540833313197518484e-01,1.000000000000000000e+00,0.000000000000000000e+00,1.111111111111111049e-01,2.206940586381196667e-01,-4.863416289414136950e-01
9.881312262580226324e-01,3.515634015947155522e-01,9.903040055182683599e-01,2.186713936374456990e-03,4.229489390221161799e-02,1.111111111111111049e-01,2.587816364630520227e-01,-8.696036921552440235e-01
1.000000000000000000e+00,3.464818857191800383e-01,9.992088781319289348e-01,4.448138087577653277e-01,1.541226494794830162e-02,1.111111111111111049e-01,2.410276426897055013e-01,-7.867296014243397861e-01
9.999487819639303332e-01,3.474629848039892943e-01,9.768561499485648447e-01,4.685411294905703627e-01,3.186056837252903770e-04,1.111111111111111049e-01,2.387496693584828522e-01,-7.548279041203199702e-01
9.999998971402542791e-01,3.385440161999805353e-01,9.605153723066115479e-01,6.616823470974437793e-01,6.605263984514467886e-05,1.111111111111111049e-01,2.337208084834943023e-01,-7.143236610504200002e-01
1.000000000000000000e+00,3.289155170555848606e-01,9.656132124040081033e-01,1.000000000000000000e+00,0.000000000000000000e+00,1.111111111111111049e-01,2.270660918561479835e-01,-6.579053258879193899e-01
9.999997588740029419e-01,3.106116378548181012e-01,3.823837037305653497e-01,1.000000000000000000e+00,1.000000000000000000e+00,1.111111111111111049e-01,2.150642923259803996e-01,-4.395998334060881585e-01
1.000000000000000000e+00,3.610126388069727077e-01,9.659822388291504636e-01,6.450736060658773807e-02,0.000000000000000000e+00,1.111111111111111049e-01,2.478641743262326447e-01,-8.624029061396992768e-01
9.999997138208690517e-01,3.352517549618794779e-01,9.777586449056370199e-01,8.270391600686394229e-01,0.000000000000000000e+00,1.111111111111111049e-01,2.310626538931712382e-01,-6.830368066466697696e-01
9.999999999553018659e-01,3.493669236542356615e-01,9.803815333318256497e-01,2.158938213380323379e-01,1.571812831365021890e-13,1.111111111111111049e-01,2.450831954563940929e-01,-8.327473898809083508e-01
1.000000000000000000e+00,3.424479101731445763e-01,9.930863974360113478e-01,6.165736411955118346e-01,7.975512273575069422e-03,1.111111111111111049e-01,2.365235239892361785e-01,-7.347106107654303164e-01
1.000000000000000000e+00,3.515219257613875214e-01,9.678498757117212081e-01,1.396985025629406130e-01,0.000000000000000000e+00,1.111111111111111049e-01,2.461669793470771805e-01,-8.547751126098713792e-01
1.000000000000000000e+00,3.228436179036684450e-01,8.270112162848516357e-01,1.000000000000000000e+00,4.412598206263475908e-06,1.111111111111111049e-01,2.223876268637441089e-01,-5.833601045977830912e-01
9.959277062083716769e-01,3.522090149615946242e-01,9.857013096320391687e-01,6.450618819994360931e-02,8.498176441739849762e-01,1.111111111111111049e-01,2.666118974458585034e-01,-8.789032433972565617e-01
9.999999809275111895e-01,4.254510506158859506e-01,9.907180495109385587e-01,9.615388605293286733e-03,1.273316485561140077e-01,1.111111111111111049e-01,2.637575930495740795e-01,-8.696036921552440235e-01
9.999999809643387305e-01,4.254951391057907317e-01,9.887208488439442888e-01,6.235073233629562922e-02,8.700391135886886840e-03,1.111111111111111049e-01,2.588112358332971819e-01,-8.696036921552440235e-01
9.877557962952567827e-01,3.520266306141163204e-01,9.904558100775059382e-01,4.929843266738602459e-02,1.715421749811302243e-02,1.111111111111111049e-01,2.546387987489686644e-01,-8.696036921552440235e-01
9.999814016738091116e-01,3.580235783967872787e-01,9.887440760528205530e-01,0.000000000000000000e+00,6.661513520179627654e-05,1.111111111111111049e-01,2.515282887641934750e-01,-8.696036921552440235e-01
1.000000000000000000e+00,3.590134699700208709e-01,9.884580525287356423e-01,1.026401217297136653e-01,0.000000000000000000e+00,1.111111111111111049e-01,2.483055903654058094e-01,-8.696036921552440235e-01
1.000000000000000000e+00,3.514882746220641674e-01,9.658438174361529960e-01,6.885340288456961999e-02,0.000000000000000000e+00,1.111111111111111049e-01,2.482461784037536534e-01,-8.624029061396992768e-01
1.000000000000000000e+00,3.571558288408633319e-01,9.664819882243755877e-01,1.039014064807433357e-01,8.867881735058480430e-03,1.111111111111111049e-01,2.471466783508793896e-01,-8.569085255209456520e-01
1.000000000000000000e+00,3.571520124511515237e-01,9.658179490079793483e-01,1.024197394319407012e-01,0.000000000000000000e+00,1.111111111111111049e-01,2.467935502525719915e-01,-8.569085255209456520e-01
1.000000000000000000e+00,3.572167567932051369e-01,9.658185337873370635e-01,1.272396229723549710e-01,0.000000000000000000e+00,1.111111111111111049e-01,2.461735302707367401e-01,-8.547751126098713792e-01
1.000000000000000000e+00,3.590373144422214224e-01,1.000000000000000000e+00,2.213315523973311549e-01,0.000000000000000000e+00,1.111111111111111049e-01,2.460503048911913127e-01,-8.327473898809083508e-01
1.000000000000000000e+00,3.519406227535494258e-01,9.855863453198547841e-01,2.207621020655117783e-01,4.544001311681682186e-07,1.111111111111111049e-01,2.450863171677275798e-01,-8.327473898809083508e-01
1.000000000000000000e+00,3.468768981099783488e-01,9.399519725717587759e-01,1.398358992396373512e-01,0.000000000000000000e+00,1.111111111111111049e-01,2.447354780305518451e-01,-8.203790693600215844e-01
9.999999398301182563e-01,3.518990197907142514e-01,9.342449280012533608e-01,1.393137145777267882e-01,0.000000000000000000e+00,1.111111111111111049e-01,2.438961868919731490e-01,-8.203790693600215844e-01
9.999999361772866635e-01,3.451489019026429683e-01,9.468129636583800801e-01,1.980668165122313473e-01,0.000000000000000000e+00,1.111111111111111049e-01,2.438008307858989809e-01,-8.033275758457266713e-01
9.999999378470725286e-01,3.503019581536401805e-01,9.422440912531264701e-01,2.018329987048679275e-01,0.000000000000000000e+00,1.111111111111111049e-01,2.428876083302896061e-01,-8.033275758457266713e-01
1.000000000000000000e+00,3.566880963689514350e-01,9.431065425402020974e-01,2.230792376440872138e-01,1.420612373270633266e-07,1.111111111111111049e-01,2.428172994575801547e-01,-7.876482690618149540e-01
9.999999968892339108e-01,3.474558816431131403e-01,9.987378632044912052e-01,4.400982300075669262e-01,3.740208993659288605e-02,1.111111111111111049e-01,2.419588351825212591e-01,-7.867296014243397861e-01
9.999999821482385975e-01,3.465636102359145876e-01,9.990142526415018986e-01,4.326752619975021141e-01,1.540952577521704191e-02,1.111111111111111049e-01,2.413129335262602926e-01,-7.867296014243397861e-01
9.999996878851454829e-01,3.423094277459861057e-01,9.990736612916246706e-01,4.671800718030001964e-01,0.000000000000000000e+00,1.111111111111111049e-01,2.401256460996271380e-01,-7.867296014243397861e-01
1.000000000000000000e+00,3.515602964708325895e-01,9.287341657481266166e-01,3.215808505959966146e-01,0.000000000000000000e+00,1.111111111111111049e-01,2.397522520880826791e-01,-7.585977268662308370e-01
9.999997024439423177e-01,3.469053805082403796e-01,9.776642072780689086e-01,4.681213456042296328e-01,0.000000000000000000e+00,1.111111111111111049e-01,2.387547859901639202e-01,-7.548279041203199702e-01
9.999999999954392038e-01,3.464848920759305284e-01,9.607915768900385789e-01,4.478175066521674075e-01,0.000000000000000000e+00,1.111111111111111049e-01,2.383510905079840869e-01,-7.480037472787252062e-01
1.000000000000000000e+00,3.424849271953666618e-01,1.000000000000000000e+00,5.869241407057035342e-01,1.579342710384257567e-02,1.111111111111111049e-01,2.378354925450166246e-01,-7.347106107654303164e-01
9.999999999999166223e-01,3.424560026851966033e-01,1.000000000000000000e+00,6.229401936568313980e-01,3.002342599780789129e-05,1.111111111111111049e-01,2.364087241594755306e-01,-7.347106107654303164e-01
1.000000000000000000e+00,3.374855168890263935e-01,9.570357752873113188e-01,5.712625204930176226e-01,0.000000000000000000e+00,1.111111111111111049e-01,2.355581456062131318e-01,-7.337383648114453871e-01
9.999999999542565909e-01,3.423978028889907432e-01,9.857432066131949222e-01,6.575191240468691856e-01,1.573925193720681831e-13,1.111111111111111049e-01,2.350461880509135681e-01,-7.254741950528084127e-01
1.000000000000000000e+00,3.386667112768499410e-01,9.388246049535388105e-01,5.781715680063858054e-01,2.958162544591571600e-06,1.111111111111111049e-01,2.344664319420571019e-01,-7.198204468574077586e-01
9.999999999927970951e-01,3.376317403637320025e-01,9.661684566128783125e-01,7.012467352882735261e-01,0.000000000000000000e+00,1.111111111111111049e-01,2.331471209425802771e-01,-7.105926688777635114e-01
9.999994546673857121e-01,3.374659001965475413e-01,9.524596670509034579e-01,7.159595532314224631e-01,6.787531269394152353e-05,1.111111111111111049e-01,2.322747648306589807e-01,-7.037031675783033124e-01
1.000000000000000000e+00,3.361255004217478248e-01,9.418805172224956612e-01,7.048586171430684111e-01,6.679947199431392180e-05,1.111111111111111049e-01,2.320203990700902275e-01,-6.880988852025541336e-01
9.999996475645295257e-01,3.297224103754892721e-01,9.724540885979884308e-01,8.215124112012448521e-01,1.578717567503678751e-04,1.111111111111111049e-01,2.312933747629785652e-01,-6.830368066466697696e-01
9.885357138899044660e-01,3.305077724019392926e-01,9.899897022561370274e-01,9.687473474507181104e-01,6.835840155846567567e-03,1.111111111111111049e-01,2.299230360514156746e-01,-6.717250422970819645e-01
9.999999968296309216e-01,3.263760421385499266e-01,9.903567806442955535e-01,1.000000000000000000e+00,2.824986993717689548e-03,1.111111111111111049e-01,2.285202005201579789e-01,-6.717250422970819645e-01
1.000000000000000000e+00,3.272628167955670131e-01,9.786203833199690338e-01,9.963680465883729687e-01,0.000000000000000000e+00,1.111111111111111049e-01,2.277986545348582303e-01,-6.717250422970819645e-01
9.999998755328830535e-01,3.293463228501463114e-01,9.662754481033197784e-01,1.000000000000000000e+00,6.595958049085529117e-05,1.111111111111111049e-01,2.270905667515488169e-01,-6.579053258879193899e-01
1.000000000000000000e+00,3.276332149413552774e-01,9.307860849765732247e-01,1.000000000000000000e+00,0.000000000000000000e+00,1.111111111111111049e-01,2.257411031694051828e-01,-6.489025709377428397e-01
9.999999999995001776e-01,3.290011364727593590e-01,8.579800633587144620e-01,9.755423933449933749e-01,4.390195820604545621e-06,1.111111111111111049e-01,2.239882065924790888e-01,-6.056727761800756449e-01
1.000000000000000000e+00,3.230463948316117384e-01,8.283148267833141398e-01,1.000000000000000000e+00,4.454105441466164574e-06,1.111111111111111049e-01,2.224231420879490551e-01,-5.833601045977830912e-01
9.999983167485684277e-01,3.093846820380752316e-01,5.205002077568261498e-01,9.921779099082359554e-01,9.726902260780649900e-01,1.111111111111111049e-01,2.174891762811702045e-01,-4.811656781311632880e-01
9.999999518728434067e-01,3.108898694840414034e-01,3.722659998206620524e-01,1.000000000000000000e+00,1.000000000000000000e+00,1.111111111111111049e-01,2.150670274134968696e-01,-4.395998334060881585e-01
9.936716752793319785e-01,3.033777866634487785e-01,9.888962014317774774e-01,7.597192143734149417e-02,9.342864993904369530e-01,1.111111111111111049e-01,4.732498652664938743e-01,-8.789032433972565617e-01
9.879374838380103885e-01,3.469825330496129623e-01,9.913474751491867520e-01,1.101992643613450285e-03,4.510301884704272929e-02,1.111111111111111049e-01,2.636096236601941367e-01,-8.696036921552440235e-01
9.999999999544049167e-01,4.181065969942437954e-01,9.895703232645441938e-01,1.102930098790311231e-03,0.000000000000000000e+00,1.111111111111111049e-01,2.587294652805059436e-01,-8.696036921552440235e-01
1.000000000000000000e+00,3.513421917314549225e-01,9.908326186940868974e-01,9.468951643243683769e-03,4.229489390221161799e-02,1.111111111111111049e-01,2.552678132542391953e-01,-8.696036921552440235e-01
9.981660364457730639e-01,3.580301076401560256e-01,9.897605108524626383e-01,5.130329128668856264e-03,7.262660443798036290e-03,1.111111111111111049e-01,2.520028029396561564e-01,-8.696036921552440235e-01
1.000000000000000000e+00,3.588061992877990547e-01,9.900916478866085280e-01,9.449368687341046236e-02,0.000000000000000000e+00,1.111111111111111049e-01,2.486445539143462835e-01,-8.696036921552440235e-01
1.000000000000000000e+00,3.515030516162694907e-01,9.658321257267007409e-01,6.885340288456961999e-02,0.000000000000000000e+00,1.111111111111111049e-01,2.482423525036931422e-01,-8.624029061396992768e-01
1.000000000000000000e+00,3.515163346107173514e-01,9.670716642940113683e-01,1.397013180674772370e-01,0.000000000000000000e+00,1.111111111111111049e-01,2.461102609501162330e-01,-8.547751126098713792e-01
1.000000000000000000e+00,3.570199788367427463e-01,1.000000000000000000e+00,2.204971962935125263e-01,0.000000000000000000e+00,1.111111111111111049e-01,2.459711599884616684e-01,-8.327473898809083508e-01
9.980332995631955306e-01,3.493996968233889500e-01,9.801148823538284871e-01,2.144468397083215683e-01,1.621706914263848352e-13,1.111111111111111049e-01,2.453224048382842970e-01,-8.327473898809083508e-01
1.000000000000000000e+00,3.518798949781192786e-01,9.476333525409390557e-01,1.397184266598224534e-01,0.000000000000000000e+00,1.111111111111111049e-01,2.447354156233179090e-01,-8.203790693600215844e-01
9.999999993198067649e-01,3.532650907702342691e-01,9.343484464115258126e-01,1.295849707117749383e-01,0.000000000000000000e+00,1.111111111111111049e-01,2.441318708038652252e-01,-8.203790693600215844e-01
1.000000000000000000e+00,3.583374838326917611e-01,9.429143174372903724e-01,1.893732525898484953e-01,2.863160044005099004e-06,1.111111111111111049e-01,2.436463401982776888e-01,-8.033275758457266713e-01
