9.875839845142624362e-01,4.795994997828310624e-01,1.000000000000000000e+00,2.926846753586109101e-02,1.000000000000000000e+00,1.111111111111111049e-01,2.837731390855833813e-01,-8.789032433972565617e-01
9.669567016215453448e-01,3.493300190049448140e-01,9.931328647055630565e-01,8.263679850645952452e-02,7.334129411432296908e-02,1.111111111111111049e-01,2.671210446433344154e-01,-8.696036921552440235e-01
9.648593393148519048e-01,3.596553238344707415e-01,9.930544827747812553e-01,2.284653580150924901e-03,0.000000000000000000e+00,1.111111111111111049e-01,2.585895524521474309e-01,-8.696036921552440235e-01
9.725337535520938159e-01,3.806093346559873414e-01,9.928746989122707589e-01,1.023253418389454550e-01,6.506142156037010051e-05,1.111111111111111049e-01,2.520013158063454384e-01,-8.696036921552440235e-01
1.000000000000000000e+00,3.599693562136482283e-01,9.660413611809813839e-01,9.312603706571431772e-02,4.259165700779077513e-07,1.111111111111111049e-01,2.471230030437189251e-01,-8.569085255209456520e-01
9.999998032061520048e-01,3.531383516261819011e-01,9.792019127020396008e-01,1.370921161756545326e-01,1.638851070965619205e-07,1.111111111111111049e-01,2.469237509013803566e-01,-8.547751126098713792e-01
9.999908104584754875e-01,3.528563153823142118e-01,9.346959287131819671e-01,1.378913607561308152e-01,1.595723544928440108e-07,1.111111111111111049e-01,2.439536688530628827e-01,-8.203790693600215844e-01
1.000000000000000000e+00,3.451481892922336758e-01,9.431626441025868779e-01,1.907117697283377822e-01,0.000000000000000000e+00,1.111111111111111049e-01,2.437513617429591939e-01,-8.033275758457266713e-01
9.999476108937903618e-01,3.596465119023173340e-01,9.977214373570478800e-01,4.665649956666888531e-01,2.630803853861083427e-04,1.111111111111111049e-01,2.412078716555261237e-01,-7.867296014243397861e-01
1.000000000000000000e+00,3.447525512823484961e-01,9.630244306727454573e-01,3.984155717054579382e-01,4.050457388326372669e-08,1.111111111111111049e-01,2.395313233368908667e-01,-7.584111133860867993e-01
1.000000000000000000e+00,3.448458719706792852e-01,9.641871044404316526e-01,4.484569123350793385e-01,2.459275399587150068e-04,1.111111111111111049e-01,2.384651327932058029e-01,-7.480037472787252062e-01
9.999169126264272345e-01,3.528336724403195457e-01,9.872632358529526142e-01,5.972773066025305333e-01,1.574089061206414807e-03,1.111111111111111049e-01,2.375272425308480595e-01,-7.347106107654303164e-01
9.999994517069238364e-01,3.346608359120108456e-01,9.884556900231022958e-01,6.568252998884802629e-01,1.039282447178082312e-05,1.111111111111111049e-01,2.355454913217692736e-01,-7.254741950528084127e-01
1.000000000000000000e+00,3.445006911484296830e-01,9.625679246828403590e-01,6.766958308839389202e-01,0.000000000000000000e+00,1.111111111111111049e-01,2.340014625944422388e-01,-7.105926688777635114e-01
9.999999990409408346e-01,3.358563472352548707e-01,9.446199562761893320e-01,6.746650229618380568e-01,0.000000000000000000e+00,1.111111111111111049e-01,2.327497528819476302e-01,-6.880988852025541336e-01
1.000000000000000000e+00,3.280476566587317566e-01,9.331524263935211394e-01,8.006599695251848114e-01,0.000000000000000000e+00,1.111111111111111049e-01,2.300634124272426251e-01,-6.742456791641385783e-01
1.000000000000000000e+00,3.267187457126276562e-01,9.662791122445506531e-01,1.000000000000000000e+00,0.000000000000000000e+00,1.111111111111111049e-01,2.272113034874846116e-01,-6.579053258879193899e-01
1.000000000000000000e+00,3.241374614509808794e-01,8.944902695630113643e-01,1.000000000000000000e+00,0.000000000000000000e+00,1.111111111111111049e-01,2.245123095284751180e-01,-6.266612229200664297e-01
9.999869845987809924e-01,3.291342797912142348e-01,7.655131600663125369e-01,1.000000000000000000e+00,0.000000000000000000e+00,1.111111111111111049e-01,2.216436098021668244e-01,-5.658948633364833114e-01
1.000000000000000000e+00,3.052666971124321504e-01,4.815453981247923010e-01,1.000000000000000000e+00,9.525238234690058814e-01,1.111111111111111049e-01,2.171794465979126620e-01,-4.724526687124689928e-01
9.763764642348266021e-01,4.540705611925620611e-01,9.933299781647096927e-01,7.363356094540618457e-02,2.821783542362518845e-04,1.111111111111111049e-01,2.626597102418358753e-01,-8.696036921552440235e-01
9.999884562634886453e-01,3.665193485225498038e-01,9.914670776584793010e-01,8.582117209594281038e-02,3.430787697615509392e-10,1.111111111111111049e-01,2.493320620091931672e-01,-8.696036921552440235e-01
1.000000000000000000e+00,3.557240348473379998e-01,9.661821890246805600e-01,1.380442340326018813e-01,2.617206439740292548e-12,1.111111111111111049e-01,2.459029021611409682e-01,-8.547751126098713792e-01
1.000000000000000000e+00,3.599519664161102139e-01,9.797193486373159121e-01,1.965917995896531711e-01,0.000000000000000000e+00,1.111111111111111049e-01,2.455504441384021852e-01,-8.327473898809083508e-01
9.999999999554590735e-01,3.444415402515017544e-01,9.987907414557476438e-01,4.661107473180770011e-01,0.000000000000000000e+00,1.111111111111111049e-01,2.399377860696584042e-01,-7.867296014243397861e-01
9.663424811191254626e-01,3.528966983298149618e-01,9.939231158877859240e-01,6.160837443904529920e-01,0.000000000000000000e+00,1.111111111111111049e-01,2.384239655478845032e-01,-7.347106107654303164e-01
1.000000000000000000e+00,3.359500659813783874e-01,9.749214487617769986e-01,6.608877319259734984e-01,0.000000000000000000e+00,1.111111111111111049e-01,2.345149726052680461e-01,-7.193765331461392520e-01
9.999875404741962459e-01,3.358188468868257281e-01,9.673731229287768629e-01,7.945926260488875847e-01,0.000000000000000000e+00,1.111111111111111049e-01,2.312911626716696589e-01,-6.830368066466697696e-01
9.999999999999970024e-01,3.278827390372897610e-01,9.307562156037102463e-01,1.000000000000000000e+00,0.000000000000000000e+00,1.111111111111111049e-01,2.257413012457196999e-01,-6.489025709377428397e-01
9.949999311715388428e-01,3.242249886734459574e-01,6.716714630917213213e-01,1.000000000000000000e+00,1.334693310320745306e-03,1.111111111111111049e-01,2.195628599392752678e-01,-5.324098029566035617e-01
1.000000000000000000e+00,3.600829380939570279e-01,9.801356783980331722e-01,6.690863768081292684e-02,0.000000000000000000e+00,1.111111111111111049e-01,2.487029841808675867e-01,-8.624029061396992768e-01
9.999871039288787955e-01,3.600689519991990828e-01,9.464458813175382623e-01,1.380740371321922400e-01,1.405221447742521491e-12,1.111111111111111049e-01,2.450355491290034382e-01,-8.203790693600215844e-01
9.999994560305162095e-01,3.349722430365856818e-01,9.565641085534901666e-01,5.653377028625323764e-01,4.337457681803645083e-04,1.111111111111111049e-01,2.360233563837597082e-01,-7.337383648114453871e-01
9.999999999999412692e-01,3.308580621107986564e-01,9.912067880724171332e-01,9.895730040353348800e-01,0.000000000000000000e+00,1.111111111111111049e-01,2.283049762629643931e-01,-6.717250422970819645e-01
9.160246261726170403e-01,3.355789022120728715e-01,2.975752466498164939e-01,1.000000000000000000e+00,1.000000000000000000e+00,1.111111111111111049e-01,2.139212817756393492e-01,-4.160043204921615168e-01
9.998597891566894935e-01,3.482442871238101145e-01,9.437069400276488773e-01,2.369741299709074434e-01,2.806291586919351481e-04,1.111111111111111049e-01,2.421985138163867124e-01,-7.876482690618149540e-01
9.999912402259455435e-01,3.358600322361076085e-01,9.485374653056759531e-01,6.683244699536328159e-01,0.000000000000000000e+00,1.111111111111111049e-01,2.330610498866024782e-01,-7.030057076223399370e-01
9.998696837935037163e-01,4.021791746219243735e-01,9.921115293145023051e-01,8.535596396180442080e-02,3.014149119534640904e-06,1.111111111111111049e-01,2.550327204078003951e-01,-8.696036921552440235e-01
1.000000000000000000e+00,3.447515754362234230e-01,9.757426237914327283e-01,4.662023404003622917e-01,1.647680680872404355e-03,1.111111111111111049e-01,2.387184680236668077e-01,-7.548279041203199702e-01
1.000000000000000000e+00,3.243657096388935512e-01,8.490904117444270094e-01,9.929521549124258328e-01,0.000000000000000000e+00,1.111111111111111049e-01,2.231543215056979723e-01,-6.015181226300292394e-01
9.689068128154005866e-01,9.611456079926988805e-01,9.664378462248136570e-01,6.686608280368420976e-02,8.243741921397078620e-01,1.111111111111111049e-01,5.793601047913294888e-01,-8.789032433972565617e-01
9.679712765885789549e-01,3.451303146695176016e-01,9.934277000127333945e-01,8.626479949088722288e-02,1.277715629185828886e-04,1.111111111111111049e-01,2.671905495341357906e-01,-8.696036921552440235e-01
9.999877346329383299e-01,3.366059599959215776e-01,9.911549933330515705e-01,8.518755502496141996e-02,1.434717114133523923e-02,1.111111111111111049e-01,2.622444947926331205e-01,-8.696036921552440235e-01
9.670103026535747937e-01,3.595571379724024630e-01,9.940355018437966317e-01,7.901804554455011537e-03,1.298850267097406697e-02,1.111111111111111049e-01,2.585937064582076728e-01,-8.696036921552440235e-01
9.999916404932449598e-01,4.018905519168418095e-01,9.921261123496846190e-01,8.294614493389351750e-02,2.352886965062607081e-04,1.111111111111111049e-01,2.550360989356414976e-01,-8.696036921552440235e-01
9.725337535520938159e-01,3.801904894799601475e-01,9.928643625628919001e-01,1.023099917282528359e-01,1.638313114554152371e-03,1.111111111111111049e-01,2.519997789889748541e-01,-8.696036921552440235e-01
9.998701581219672230e-01,3.663587651494727981e-01,9.915628595003765922e-01,8.545449681747410708e-02,0.000000000000000000e+00,1.111111111111111049e-01,2.493364383354561009e-01,-8.696036921552440235e-01
1.000000000000000000e+00,3.672432572430664455e-01,9.667045337651121173e-01,6.080299292841077896e-02,0.000000000000000000e+00,1.111111111111111049e-01,2.485470116317739508e-01,-8.624029061396992768e-01
1.000000000000000000e+00,3.581328958056602674e-01,9.663441152165510584e-01,9.478060832581952644e-02,1.645561433147265263e-03,1.111111111111111049e-01,2.470991414999272329e-01,-8.569085255209456520e-01
1.000000000000000000e+00,3.601046811318116547e-01,9.795214380627587092e-01,1.369646149647199274e-01,0.000000000000000000e+00,1.111111111111111049e-01,2.469012809715861734e-01,-8.547751126098713792e-01
1.000000000000000000e+00,3.552209337099628828e-01,9.664840751300718402e-01,1.381757131608280231e-01,0.000000000000000000e+00,1.111111111111111049e-01,2.459189267183028160e-01,-8.547751126098713792e-01
1.000000000000000000e+00,3.598874086732604116e-01,9.796331913509873646e-01,1.939988886950088642e-01,0.000000000000000000e+00,1.111111111111111049e-01,2.455962314792927703e-01,-8.327473898809083508e-01
1.000000000000000000e+00,3.573563222249728222e-01,9.501559842601853267e-01,1.369137801628301787e-01,0.000000000000000000e+00,1.111111111111111049e-01,2.450300258189517244e-01,-8.203790693600215844e-01
9.982685770378567636e-01,3.530662592597573757e-01,9.345905957104138073e-01,1.345584407206586730e-01,1.595723544928440108e-07,1.111111111111111049e-01,2.441431196337497389e-01,-8.203790693600215844e-01
1.000000000000000000e+00,3.451245303291617939e-01,9.432440237739634359e-01,1.908575430464226064e-01,0.000000000000000000e+00,1.111111111111111049e-01,2.437576025940029756e-01,-8.033275758457266713e-01
1.000000000000000000e+00,3.460194436551131680e-01,9.421327150518054028e-01,2.388244347950294610e-01,1.533910059632397852e-05,1.111111111111111049e-01,2.421871606239578978e-01,-7.876482690618149540e-01
1.000000000000000000e+00,3.596662816093849635e-01,9.977214373570478800e-01,4.665649265965339243e-01,2.575936638686233211e-05,1.111111111111111049e-01,2.412025152722926669e-01,-7.867296014243397861e-01
9.999999991040375846e-01,3.447381377045674045e-01,9.993136953457911753e-01,4.666001295599959131e-01,0.000000000000000000e+00,1.111111111111111049e-01,2.399395810512026661e-01,-7.867296014243397861e-01
1.000000000000000000e+00,3.445006911484296830e-01,9.624771117998174308e-01,3.975514242296551704e-01,0.000000000000000000e+00,1.111111111111111049e-01,2.395304425998592834e-01,-7.584111133860867993e-01
1.000000000000000000e+00,3.451509897287856621e-01,9.758809851584133721e-01,4.665680815431967887e-01,1.647680680872404355e-03,1.111111111111111049e-01,2.387179612745759794e-01,-7.548279041203199702e-01
1.000000000000000000e+00,3.450283414801932902e-01,9.660102288697495210e-01,4.522322481446912068e-01,2.846237992872245118e-08,1.111111111111111049e-01,2.384669305615355894e-01,-7.480037472787252062e-01
1.000000000000000000e+00,3.528336724403195457e-01,9.872632358529526142e-01,5.946131282357033365e-01,4.236312767311367546e-04,1.111111111111111049e-01,2.375308231028022687e-01,-7.347106107654303164e-01
9.999994369956626272e-01,3.351621011512858628e-01,9.567147990945054081e-01,5.654161425500758842e-01,4.307227910715015181e-04,1.111111111111111049e-01,2.359963821014471885e-01,-7.337383648114453871e-01
9.999907319088642277e-01,3.346624740446993429e-01,9.886438238119813482e-01,6.574070685185077201e-01,1.202626547897208792e-05,1.111111111111111049e-01,2.355420634727129481e-01,-7.254741950528084127e-01
1.000000000000000000e+00,3.359575739860055088e-01,9.742305696465393128e-01,6.608877319259734984e-01,4.471225578300221841e-04,1.111111111111111049e-01,2.344967265426344538e-01,-7.193765331461392520e-01
9.993733391765307061e-01,3.442728625815921761e-01,9.621174674538591765e-01,6.748333777402326650e-01,6.520747088971993153e-05,1.111111111111111049e-01,2.340008323737500229e-01,-7.105926688777635114e-01
1.000000000000000000e+00,3.359244216643400560e-01,9.445859784970240813e-01,6.608877319259734984e-01,0.000000000000000000e+00,1.111111111111111049e-01,2.330363751965064678e-01,-7.030057076223399370e-01
9.999966636434201028e-01,3.351441672553629458e-01,9.446240053792285263e-01,6.762312136721079225e-01,4.408889090336040985e-04,1.111111111111111049e-01,2.327543681659371699e-01,-6.880988852025541336e-01
9.999877189094923402e-01,3.357877229248429352e-01,9.679231160238714882e-01,7.958142174832159021e-01,0.000000000000000000e+00,1.111111111111111049e-01,2.312887895693711837e-01,-6.830368066466697696e-01
9.999080325124433122e-01,3.280479273440242149e-01,9.327782111531793818e-01,8.004455524782294606e-01,0.000000000000000000e+00,1.111111111111111049e-01,2.300586433449403057e-01,-6.742456791641385783e-01
9.998038685097228040e-01,3.276276410185270938e-01,9.916440353295977728e-01,1.000000000000000000e+00,0.000000000000000000e+00,1.111111111111111049e-01,2.283054967273585589e-01,-6.717250422970819645e-01
9.999999999999423794e-01,3.307371415982584550e-01,9.640138287871912182e-01,9.893322718387584924e-01,6.006809405562508596e-06,1.111111111111111049e-01,2.272292344607325099e-01,-6.579053258879193899e-01
9.999992166816081829e-01,3.283543826201900107e-01,9.306632740682360128e-01,1.000000000000000000e+00,1.379847896640324723e-06,1.111111111111111049e-01,2.257454569160650681e-01,-6.489025709377428397e-01
1.000000000000000000e+00,3.280512783751666217e-01,8.942294970932197495e-01,1.000000000000000000e+00,0.000000000000000000e+00,1.111111111111111049e-01,2.245291674285751493e-01,-6.266612229200664297e-01
9.999999999999429345e-01,3.257788000240550152e-01,8.509007646144443049e-01,1.000000000000000000e+00,2.271589202496911023e-08,1.111111111111111049e-01,2.231259749160685035e-01,-6.015181226300292394e-01
1.000000000000000000e+00,3.293828116179878251e-01,7.620513954900571818e-01,1.000000000000000000e+00,4.333984047858593859e-04,1.111111111111111049e-01,2.216414231472449148e-01,-5.658948633364833114e-01
9.953912399827836710e-01,3.242250327978756785e-01,6.716418492569947718e-01,1.000000000000000000e+00,1.335634150226758590e-03,1.111111111111111049e-01,2.195629161505159299e-01,-5.324098029566035617e-01
1.000000000000000000e+00,3.069892644143040750e-01,4.881843306182538367e-01,9.779349822721717933e-01,9.610433522476072854e-01,1.111111111111111049e-01,2.171682593291895669e-01,-4.724526687124689928e-01
9.171075788630173031e-01,3.355716656794491826e-01,2.975754883910708970e-01,1.000000000000000000e+00,1.000000000000000000e+00,1.111111111111111049e-01,2.139339349544876479e-01,-4.160043204921615168e-01
9.606491781843133904e-01,3.780921612112149721e-01,1.000000000000000000e+00,0.000000000000000000e+00,1.000000000000000000e+00,1.111111111111111049e-01,2.733701381328567659e-01,-8.789032433972565617e-01
9.999968468593390947e-01,3.338883177865005214e-01,9.923132804582602828e-01,7.264221734557912979e-02,4.276675165676682082e-04,1.111111111111111049e-01,2.670929565027742036e-01,-8.696036921552440235e-01
9.759864592492580870e-01,4.468931104326152037e-01,9.933527352129017940e-01,7.096847392646946084e-02,1.398470011052992037e-03,1.111111111111111049e-01,2.620599401830305819e-01,-8.696036921552440235e-01
9.645511963489817875e-01,3.595571379724024630e-01,9.928654884918296508e-01,7.828302303605969015e-03,0.000000000000000000e+00,1.111111111111111049e-01,2.583947886462302779e-01,-8.696036921552440235e-01
9.999916394340765402e-01,4.004323650853690020e-01,9.918730774095286806e-01,7.130014972723897060e-02,4.243764141408033741e-06,1.111111111111111049e-01,2.549975958735119508e-01,-8.696036921552440235e-01
9.725337535520938159e-01,3.806001301854724517e-01,9.924379731807607685e-01,1.005095361715747787e-01,1.450907108855343595e-05,1.111111111111111049e-01,2.520130734127713490e-01,-8.696036921552440235e-01
9.999998907020668515e-01,3.569606387209421361e-01,9.907720138556682654e-01,7.442149008509724162e-02,0.000000000000000000e+00,1.111111111111111049e-01,2.493727177592127697e-01,-8.696036921552440235e-01
1.000000000000000000e+00,3.672831869996965870e-01,9.663674075761342630e-01,6.077766508670173762e-02,0.000000000000000000e+00,1.111111111111111049e-01,2.485337239226032835e-01,-8.624029061396992768e-01
9.999999999999992228e-01,3.600777916885105068e-01,9.659538202518156425e-01,9.437230452924766366e-02,0.000000000000000000e+00,1.111111111111111049e-01,2.470936159989980119e-01,-8.569085255209456520e-01
1.000000000000000000e+00,3.557240348473379998e-01,9.662704505588392001e-01,1.374077038268564921e-01,3.488663130697834289e-10,1.111111111111111049e-01,2.459245598529177235e-01,-8.547751126098713792e-01
1.000000000000000000e+00,3.599510709250593465e-01,9.794897256088167525e-01,1.937146396058611331e-01,0.000000000000000000e+00,1.111111111111111049e-01,2.456004565899969350e-01,-8.327473898809083508e-01
1.000000000000000000e+00,3.596523949287850908e-01,9.463167840736268488e-01,1.375265566865029321e-01,3.881908084020904347e-11,1.111111111111111049e-01,2.449968820099036881e-01,-8.203790693600215844e-01
9.999999999755351254e-01,3.453551093702947883e-01,9.481276804990423912e-01,2.018466603962361661e-01,0.000000000000000000e+00,1.111111111111111049e-01,2.437449369328328064e-01,-8.033275758457266713e-01
9.999990631660435891e-01,3.460203587787304969e-01,9.421010546066183045e-01,2.388125841613666922e-01,0.000000000000000000e+00,1.111111111111111049e-01,2.421847916172580051e-01,-7.876482690618149540e-01
9.948887652025988348e-01,3.569871136917703858e-01,9.991315930792582511e-01,4.517602840533267994e-01,0.000000000000000000e+00,1.111111111111111049e-01,2.411996301527040421e-01,-7.867296014243397861e-01
1.000000000000000000e+00,3.449515064197622438e-01,9.995887272147935265e-01,4.667248029503592299e-01,4.324593338100964990e-07,1.111111111111111049e-01,2.399419705538695657e-01,-7.867296014243397861e-01
1.000000000000000000e+00,3.445006911484296830e-01,9.624755643122192561e-01,3.975514242296551704e-01,0.000000000000000000e+00,1.111111111111111049e-01,2.395303563149172588e-01,-7.584111133860867993e-01
1.000000000000000000e+00,3.446933246173473631e-01,9.757426237914327283e-01,4.662023404003622917e-01,1.612445031468561375e-03,1.111111111111111049e-01,2.387173380016826274e-01,-7.548279041203199702e-01
9.999865571978733270e-01,3.448056763398817393e-01,9.680665355859200405e-01,4.535543604526088846e-01,0.000000000000000000e+00,1.111111111111111049e-01,2.385412674468843919e-01,-7.480037472787252062e-01
9.999043294720794117e-01,3.525597224700350307e-01,9.939231158877859240e-01,6.160837443904529920e-01,4.310346891122499090e-04,1.111111111111111049e-01,2.373714252460074892e-01,-7.347106107654303164e-01
9.998703697479753849e-01,3.344421846657914532e-01,9.545593030829941927e-01,5.660218370417133826e-01,0.000000000000000000e+00,1.111111111111111049e-01,2.359810903347553668e-01,-7.337383648114453871e-01
