7.212261835666554655e-01,4.215425908999882454e-01,1.000000000000000000e+00,1.183888553909495656e-03,9.235550879102538691e-01,2.222222222222222099e-01,6.564705805568094021e-01,-9.076210774254018787e-01
9.999998760229291683e-01,3.449021942758428994e-01,9.909469024237188561e-01,9.283442995646534746e-02,0.000000000000000000e+00,2.222222222222222099e-01,2.561196019055455575e-01,-8.873720735822432371e-01
9.999856182136235283e-01,3.508441856735816100e-01,9.881884705308077166e-01,6.403581333347413418e-02,0.000000000000000000e+00,2.222222222222222099e-01,2.536034968483514840e-01,-8.873720735822432371e-01
9.999997333089409857e-01,3.578044802945295477e-01,9.906889825890495826e-01,9.298128242413657152e-02,1.212948581769124345e-06,2.222222222222222099e-01,2.509321925024183830e-01,-8.873720735822432371e-01
1.000000000000000000e+00,3.598774633145358504e-01,9.840829175626636394e-01,1.403801588766275255e-01,1.860637463708250953e-12,2.222222222222222099e-01,2.489727982004846518e-01,-8.646189843957161614e-01
9.999999959325996945e-01,3.607141180190452934e-01,9.683415610739234403e-01,1.073043087364656811e-01,0.000000000000000000e+00,2.222222222222222099e-01,2.488020359305407603e-01,-8.564989983914443883e-01
1.000000000000000000e+00,3.601726217722796553e-01,9.856301193294257912e-01,2.257263941699126641e-01,0.000000000000000000e+00,2.222222222222222099e-01,2.469962664595350132e-01,-8.367901912836355205e-01
9.999999937484062018e-01,3.578793161063348327e-01,9.310290609389380023e-01,1.250878668938969762e-01,3.911742132565705656e-13,2.222222222222222099e-01,2.460095727351202244e-01,-8.220461327397829976e-01
1.000000000000000000e+00,3.595364833257344017e-01,9.791775673011049452e-01,3.124581406664018179e-01,0.000000000000000000e+00,2.222222222222222099e-01,2.447569731503955459e-01,-8.153678975583762423e-01
9.992931013861319212e-01,3.398277003031093813e-01,9.608832615995610560e-01,3.591001108290560184e-01,0.000000000000000000e+00,2.222222222222222099e-01,2.438426775626243992e-01,-8.059166218513841295e-01
9.999999303889636204e-01,3.486172096751617988e-01,9.124494195811669872e-01,2.426672408634584222e-01,3.566520898214799591e-13,2.222222222222222099e-01,2.421711323983670172e-01,-7.946459367846347988e-01
9.999852893803068410e-01,3.486370797336366678e-01,9.672748569895464055e-01,3.957227262171791882e-01,3.714654989313020950e-13,2.222222222222222099e-01,2.417108106540723222e-01,-7.808639476600817142e-01
1.000000000000000000e+00,3.459153581021681689e-01,9.666449185485439521e-01,4.666537522353512712e-01,1.036910152458928308e-09,2.222222222222222099e-01,2.400877218176521999e-01,-7.660521085303806377e-01
1.000000000000000000e+00,3.484087818569024386e-01,9.794470436816048453e-01,5.754797673379914436e-01,0.000000000000000000e+00,2.222222222222222099e-01,2.385434496780060309e-01,-7.445843814598592791e-01
9.999857488261487681e-01,3.394977165853705348e-01,9.590599325141403453e-01,6.601517510704062452e-01,1.495636973883617196e-17,2.222222222222222099e-01,2.355759726719546254e-01,-7.313237780434936885e-01
9.999999132577388483e-01,3.306956302805018622e-01,9.205144926302025743e-01,7.173865535715074904e-01,0.000000000000000000e+00,2.222222222222222099e-01,2.332168764116642201e-01,-6.914496526889259975e-01
1.000000000000000000e+00,3.285269231450000937e-01,9.605669235203383449e-01,1.000000000000000000e+00,1.934214369696629515e-08,2.222222222222222099e-01,2.288890665075482556e-01,-6.646311865051751644e-01
9.999988733298583732e-01,3.287187696830083938e-01,7.948611802200009624e-01,9.751555802222702241e-01,2.871528863674566703e-16,2.222222222222222099e-01,2.239728389893314020e-01,-5.979632830938134136e-01
9.999844456685179628e-01,3.455856070448125594e-01,9.904190320558265981e-01,4.976578624462493772e-02,0.000000000000000000e+00,2.222222222222222099e-01,2.580792187058848497e-01,-8.873720735822432371e-01
9.999909468977022931e-01,3.505630297054920241e-01,9.879151465793812870e-01,9.777298245796686715e-02,3.187609800822993524e-04,2.222222222222222099e-01,2.522228048627758734e-01,-8.873720735822432371e-01
9.999999998457650419e-01,3.578793161063348327e-01,9.861349977750107909e-01,1.250639659431697082e-01,1.917459098381372323e-03,2.222222222222222099e-01,2.496733506616914955e-01,-8.646189843957161614e-01
9.999998832166662188e-01,3.599256049955774639e-01,9.840826305309976485e-01,1.913332793351727179e-01,1.878502590498788531e-03,2.222222222222222099e-01,2.477689462731963166e-01,-8.367901912836355205e-01
1.000000000000000000e+00,3.601551060926128645e-01,9.859179277892641258e-01,2.308416054538807438e-01,0.000000000000000000e+00,2.222222222222222099e-01,2.468953607731126654e-01,-8.243143042639031748e-01
9.999909723216582336e-01,3.574483041400320915e-01,9.088428432696757930e-01,1.398524865433910802e-01,1.731354424796934852e-12,2.222222222222222099e-01,2.444749494776350673e-01,-8.101695935314499053e-01
1.000000000000000000e+00,3.481233282402960150e-01,9.068756944892807370e-01,2.473165966511127745e-01,3.602858716981185661e-13,2.222222222222222099e-01,2.417660526695791234e-01,-7.946459367846347988e-01
1.000000000000000000e+00,3.460497078309034968e-01,9.513313607584128473e-01,4.784593908516053817e-01,0.000000000000000000e+00,2.222222222222222099e-01,2.390577436504711939e-01,-7.583876382226809598e-01
1.000000000000000000e+00,3.377804702434082929e-01,9.592024511430015110e-01,7.213621609427405268e-01,3.373015823476691541e-15,2.222222222222222099e-01,2.343175272681805033e-01,-7.139722646663463346e-01
9.992657350013223194e-01,3.306350443366372627e-01,8.858718816948731867e-01,9.736556378819812840e-01,3.406814649393480531e-15,2.222222222222222099e-01,2.266122679081877256e-01,-6.389561778629319067e-01
9.999847907888722576e-01,3.485813415236181378e-01,9.860619381762053548e-01,1.586453644017987719e-02,6.618340928669508294e-02,2.222222222222222099e-01,2.608326902034638906e-01,-8.873720735822432371e-01
1.000000000000000000e+00,3.601260787301027722e-01,9.783386767205277668e-01,9.839402855929132996e-02,0.000000000000000000e+00,2.222222222222222099e-01,2.497028046555511971e-01,-8.873720735822432371e-01
1.000000000000000000e+00,3.572748006958086364e-01,9.657841858590865414e-01,1.400809498393021657e-01,0.000000000000000000e+00,2.222222222222222099e-01,2.477725865696996654e-01,-8.564989983914443883e-01
9.999852597437522972e-01,3.487926235288780763e-01,9.612692409794677539e-01,3.600231821166979262e-01,0.000000000000000000e+00,2.222222222222222099e-01,2.422035324159799441e-01,-8.059166218513841295e-01
9.999844200084846424e-01,3.460160613389789974e-01,9.443619979249775476e-01,5.376526266049329594e-01,0.000000000000000000e+00,2.222222222222222099e-01,2.375688363968621597e-01,-7.321490634042501222e-01
1.000000000000000000e+00,3.220312053082963200e-01,5.909626392658019478e-01,1.000000000000000000e+00,0.000000000000000000e+00,2.222222222222222099e-01,2.204718461463764934e-01,-5.142734901408742010e-01
9.999846016300099061e-01,3.458434714750190930e-01,9.860872957984988529e-01,8.692728576827329912e-02,0.000000000000000000e+00,2.222222222222222099e-01,2.550548863860105375e-01,-8.873720735822432371e-01
1.000000000000000000e+00,3.482814408876770407e-01,9.899302533655846004e-01,4.690172083662225155e-01,0.000000000000000000e+00,2.222222222222222099e-01,2.412626359590966107e-01,-7.740683039832914059e-01
1.000000000000000000e+00,3.601203772156936767e-01,1.000000000000000000e+00,3.092744809709599974e-01,0.000000000000000000e+00,2.222222222222222099e-01,2.459325719974289615e-01,-8.153678975583762423e-01
9.999999997592449175e-01,3.386410638038410137e-01,9.890654235950746553e-01,2.073184930012672567e-02,0.000000000000000000e+00,2.222222222222222099e-01,2.691929354417403886e-01,-8.873720735822432371e-01
9.999960409318521259e-01,3.298945717007922829e-01,9.208786032946637556e-01,7.985239678181093037e-01,0.000000000000000000e+00,2.222222222222222099e-01,2.314365245157751494e-01,-6.727000312322171105e-01
1.000000000000000000e+00,3.581218593903658376e-01,9.683390092196311194e-01,1.010540486108430641e-01,0.000000000000000000e+00,2.222222222222222099e-01,2.489727675641769389e-01,-8.620379586533445382e-01
9.509056330063605511e-01,3.923285015000427811e-01,1.000000000000000000e+00,0.000000000000000000e+00,9.381623804414264134e-01,2.222222222222222099e-01,2.772897428786150198e-01,-9.076210774254018787e-01
1.000000000000000000e+00,3.469044010022059310e-01,9.890654235950746553e-01,7.977594148017810860e-02,1.709372973595912892e-02,2.222222222222222099e-01,2.561063489355702716e-01,-8.873720735822432371e-01
1.000000000000000000e+00,3.482876752410406507e-01,9.899279693878619835e-01,6.535820933356895068e-02,0.000000000000000000e+00,2.222222222222222099e-01,2.550993630257933908e-01,-8.873720735822432371e-01
9.999841512422283918e-01,3.485813415236181378e-01,9.860872957984988529e-01,8.369981411129248650e-02,0.000000000000000000e+00,2.222222222222222099e-01,2.535353224718807086e-01,-8.873720735822432371e-01
9.999915325130738220e-01,3.598765741696165477e-01,9.910636612907898213e-01,4.718628011754832235e-02,0.000000000000000000e+00,2.222222222222222099e-01,2.522229236785157314e-01,-8.873720735822432371e-01
9.999915590722043834e-01,3.577855376853598668e-01,9.906231553243489696e-01,9.286973119351626949e-02,0.000000000000000000e+00,2.222222222222222099e-01,2.509333719683980446e-01,-8.873720735822432371e-01
1.000000000000000000e+00,3.601260784338832788e-01,9.783386767662107797e-01,9.839402855897762257e-02,0.000000000000000000e+00,2.222222222222222099e-01,2.497028046625243691e-01,-8.873720735822432371e-01
9.999913688759506369e-01,3.577858722536366720e-01,9.871574943473615527e-01,1.255948876338416620e-01,2.443262207717565126e-04,2.222222222222222099e-01,2.496694104919643387e-01,-8.646189843957161614e-01
9.999907151925763182e-01,3.598928435973993700e-01,9.840772166662771214e-01,1.403783677413284747e-01,1.810808190423075540e-12,2.222222222222222099e-01,2.489732645721413062e-01,-8.646189843957161614e-01
1.000000000000000000e+00,3.580997934859642129e-01,9.683277965162481182e-01,1.010634628075484098e-01,0.000000000000000000e+00,2.222222222222222099e-01,2.489724704348217355e-01,-8.620379586533445382e-01
9.999994277617395566e-01,3.572799627086284957e-01,9.663351987910067109e-01,1.240438193207861195e-01,1.402095222552535159e-02,2.222222222222222099e-01,2.488016085547320178e-01,-8.564989983914443883e-01
1.000000000000000000e+00,3.572748006958086364e-01,9.657841858395870283e-01,1.400807965134476252e-01,0.000000000000000000e+00,2.222222222222222099e-01,2.477725905594022893e-01,-8.564989983914443883e-01
1.000000000000000000e+00,3.595870106860291626e-01,9.839755227926374470e-01,1.909864050532161239e-01,1.860220856184412967e-03,2.222222222222222099e-01,2.477563779595853555e-01,-8.367901912836355205e-01
1.000000000000000000e+00,3.601728709999330591e-01,9.856302161127664663e-01,2.257263941699376442e-01,0.000000000000000000e+00,2.222222222222222099e-01,2.469962888873739604e-01,-8.367901912836355205e-01
9.999999996386685908e-01,3.578455865606233188e-01,9.308338095873572859e-01,1.245004476182307723e-01,0.000000000000000000e+00,2.222222222222222099e-01,2.460097118599568755e-01,-8.220461327397829976e-01
9.988489523139847392e-01,3.594612299083105866e-01,1.000000000000000000e+00,3.104621041330094533e-01,0.000000000000000000e+00,2.222222222222222099e-01,2.459029998646406756e-01,-8.153678975583762423e-01
9.999999999984675592e-01,3.595303604923943963e-01,9.791776124696267569e-01,3.124580079784094466e-01,0.000000000000000000e+00,2.222222222222222099e-01,2.447562871435376430e-01,-8.153678975583762423e-01
9.999997027647001824e-01,3.486223562536254761e-01,9.088195406992196634e-01,1.402859891068548859e-01,0.000000000000000000e+00,2.222222222222222099e-01,2.444730954733149997e-01,-8.101695935314499053e-01
1.000000000000000000e+00,3.398746222066321154e-01,9.625910367051557781e-01,3.591001108290560184e-01,0.000000000000000000e+00,2.222222222222222099e-01,2.438446891040862985e-01,-8.059166218513841295e-01
9.999841515862236685e-01,3.487938343277292574e-01,9.612692409794677539e-01,3.600523332649430697e-01,0.000000000000000000e+00,2.222222222222222099e-01,2.422029030493227097e-01,-8.059166218513841295e-01
1.000000000000000000e+00,3.481240319437894359e-01,9.125731119891129506e-01,2.439905607356661343e-01,3.622434074720969800e-13,2.222222222222222099e-01,2.421619861616742253e-01,-7.946459367846347988e-01
1.000000000000000000e+00,3.481233282402960150e-01,9.068756945088256582e-01,2.473165966511127745e-01,3.602858716981185661e-13,2.222222222222222099e-01,2.417660526706588708e-01,-7.946459367846347988e-01
9.999852201159724618e-01,3.486370651619680183e-01,9.672873763643401457e-01,3.957517846374802861e-01,3.662398921351698209e-13,2.222222222222222099e-01,2.417108343835992212e-01,-7.808639476600817142e-01
1.000000000000000000e+00,3.482753977607362939e-01,9.898739048570415200e-01,4.686399745398809324e-01,0.000000000000000000e+00,2.222222222222222099e-01,2.412682416527525131e-01,-7.740683039832914059e-01
1.000000000000000000e+00,3.459153581021681689e-01,9.666456856452281254e-01,4.666537522353512712e-01,0.000000000000000000e+00,2.222222222222222099e-01,2.400877624763448348e-01,-7.660521085303806377e-01
1.000000000000000000e+00,3.460497040438524907e-01,9.513313607551220352e-01,4.784593889468348737e-01,0.000000000000000000e+00,2.222222222222222099e-01,2.390577435960258290e-01,-7.583876382226809598e-01
1.000000000000000000e+00,3.484087843150590058e-01,9.794477337955264096e-01,5.754796750300730235e-01,0.000000000000000000e+00,2.222222222222222099e-01,2.385434813641178486e-01,-7.445843814598592791e-01
1.000000000000000000e+00,3.460615808059770981e-01,9.444921231599727740e-01,5.378579517101776952e-01,0.000000000000000000e+00,2.222222222222222099e-01,2.375732080282676184e-01,-7.321490634042501222e-01
1.000000000000000000e+00,3.394977165853705348e-01,9.591294308238180744e-01,6.601517510704062452e-01,3.372658594091281657e-15,2.222222222222222099e-01,2.355783604291872835e-01,-7.313237780434936885e-01
1.000000000000000000e+00,3.380650993411505878e-01,9.592024511430015110e-01,7.213621609427405268e-01,3.330490791614269800e-15,2.222222222222222099e-01,2.343130126774830846e-01,-7.139722646663463346e-01
9.999999997475375046e-01,3.386529616276632293e-01,9.312210856481426546e-01,7.174804062707871299e-01,0.000000000000000000e+00,2.222222222222222099e-01,2.332192058074417373e-01,-6.914496526889259975e-01
9.999999118381736052e-01,3.305884485487530222e-01,9.202240665599964453e-01,7.931044973561116596e-01,0.000000000000000000e+00,2.222222222222222099e-01,2.314370527365718633e-01,-6.727000312322171105e-01
9.992954669449806149e-01,3.291148865988056116e-01,9.605236837681354611e-01,1.000000000000000000e+00,0.000000000000000000e+00,2.222222222222222099e-01,2.288892335958806756e-01,-6.646311865051751644e-01
9.992851896440522186e-01,3.306353012755068876e-01,8.858644468879206535e-01,9.736556378819812840e-01,3.411325596575697752e-15,2.222222222222222099e-01,2.266115023582516153e-01,-6.389561778629319067e-01
9.999985867607479317e-01,3.267161935864547062e-01,7.920312331508561066e-01,9.602730634855647374e-01,0.000000000000000000e+00,2.222222222222222099e-01,2.239765569662547084e-01,-5.979632830938134136e-01
1.000000000000000000e+00,3.220310561190195542e-01,5.909718036147425524e-01,1.000000000000000000e+00,0.000000000000000000e+00,2.222222222222222099e-01,2.204718465059524735e-01,-5.142734901408742010e-01
9.522207478058950514e-01,4.550915807532179835e-01,9.993634302482963250e-01,1.370397612171336821e-03,4.639660279878454752e-02,2.222222222222222099e-01,2.693176126735257747e-01,-9.076210774254018787e-01
9.999997223925113365e-01,3.450374226606324757e-01,9.909321059821479816e-01,9.484899121653947440e-02,0.000000000000000000e+00,2.222222222222222099e-01,2.558928811639296086e-01,-8.873720735822432371e-01
1.000000000000000000e+00,3.469044010022059310e-01,9.885432735538666194e-01,7.528722109100324800e-02,0.000000000000000000e+00,2.222222222222222099e-01,2.552819145365084474e-01,-8.873720735822432371e-01
9.999995599424700288e-01,3.599256049955774639e-01,9.840605839804729138e-01,4.156977948507550868e-02,4.308848479785853947e-02,2.222222222222222099e-01,2.536546387130194091e-01,-8.873720735822432371e-01
9.999909468977022931e-01,3.594133868476910854e-01,9.903929352251691354e-01,4.700486197645065145e-02,0.000000000000000000e+00,2.222222222222222099e-01,2.522232589092343047e-01,-8.873720735822432371e-01
9.999914730826737763e-01,3.577855376853598668e-01,9.906255549246163472e-01,9.282841080959247648e-02,0.000000000000000000e+00,2.222222222222222099e-01,2.509349006938763615e-01,-8.873720735822432371e-01
1.000000000000000000e+00,3.601260787257969942e-01,9.783386767205277668e-01,9.839402673151174950e-02,0.000000000000000000e+00,2.222222222222222099e-01,2.497028047055012967e-01,-8.873720735822432371e-01
9.999999314126859495e-01,3.576405204353512723e-01,9.861349977750107909e-01,1.231850917848703320e-01,0.000000000000000000e+00,2.222222222222222099e-01,2.496620627009786819e-01,-8.646189843957161614e-01
9.999905313003624174e-01,3.601163084828863936e-01,9.840772166662771214e-01,1.404215147760009830e-01,1.837257882283144524e-12,2.222222222222222099e-01,2.489739709265034462e-01,-8.646189843957161614e-01
1.000000000000000000e+00,3.572592857612048034e-01,9.659353971120673288e-01,9.632807434845361283e-02,0.000000000000000000e+00,2.222222222222222099e-01,2.489706118703796933e-01,-8.620379586533445382e-01
9.999997698122194967e-01,3.577855652780139728e-01,9.684953272194517515e-01,1.081136532657663296e-01,0.000000000000000000e+00,2.222222222222222099e-01,2.488011363629201445e-01,-8.564989983914443883e-01
1.000000000000000000e+00,3.572748006958086364e-01,9.657841858395870283e-01,1.400807965134476252e-01,0.000000000000000000e+00,2.222222222222222099e-01,2.477725905594022893e-01,-8.564989983914443883e-01
9.999908991520864987e-01,3.599237343459619765e-01,9.840886960864713151e-01,1.920350162636459135e-01,1.834177956059630538e-03,2.222222222222222099e-01,2.477511827980208858e-01,-8.367901912836355205e-01
1.000000000000000000e+00,3.601667386413890948e-01,9.856457489274160766e-01,2.257263941703754329e-01,0.000000000000000000e+00,2.222222222222222099e-01,2.469967554667011067e-01,-8.367901912836355205e-01
9.999999996415980252e-01,3.578832353570440827e-01,9.310290609389380023e-01,1.250877039827249515e-01,3.911938565121147012e-13,2.222222222222222099e-01,2.460097767083848641e-01,-8.220461327397829976e-01
1.000000000000000000e+00,3.595365039396773432e-01,9.791568722108413558e-01,3.124472673658691968e-01,0.000000000000000000e+00,2.222222222222222099e-01,2.447561875918266572e-01,-8.153678975583762423e-01
1.000000000000000000e+00,3.573961686079424882e-01,9.088428432696757930e-01,1.398442543514462344e-01,0.000000000000000000e+00,2.222222222222222099e-01,2.444703612574766205e-01,-8.101695935314499053e-01
9.999740510317198794e-01,3.396242986276740150e-01,9.614351618913480335e-01,3.590807987902011056e-01,3.829827928544971032e-12,2.222222222222222099e-01,2.438458660467137384e-01,-8.059166218513841295e-01
1.000000000000000000e+00,3.487816649868867858e-01,9.609703178379751520e-01,3.592467164656781287e-01,0.000000000000000000e+00,2.222222222222222099e-01,2.422040318738153397e-01,-8.059166218513841295e-01
1.000000000000000000e+00,3.478735167489360736e-01,9.124494195811669872e-01,2.441208818584873763e-01,3.555681701509200038e-13,2.222222222222222099e-01,2.421614143049829471e-01,-7.946459367846347988e-01
1.000000000000000000e+00,3.481229635563802272e-01,9.068756981940396811e-01,2.473165966511127745e-01,3.602858716981185661e-13,2.222222222222222099e-01,2.417660603848575396e-01,-7.946459367846347988e-01
9.999852934906486857e-01,3.486364263911179151e-01,9.672796698533208115e-01,3.957227262171791882e-01,0.000000000000000000e+00,2.222222222222222099e-01,2.417110778223233170e-01,-7.808639476600817142e-01
1.000000000000000000e+00,3.482734964915131237e-01,9.899036605354195606e-01,4.686518602638438113e-01,0.000000000000000000e+00,2.222222222222222099e-01,2.412695808416023269e-01,-7.740683039832914059e-01
1.000000000000000000e+00,3.482881066870917586e-01,9.672873763643401457e-01,4.690043076172196179e-01,3.713303714365469251e-13,2.222222222222222099e-01,2.401008601365207662e-01,-7.660521085303806377e-01
