6.670245042482439990e-01,4.526825683907448328e-01,9.994418287214398289e-01,0.000000000000000000e+00,9.420768889664470347e-01,6.666666666666666297e-01,6.774195162632155043e-01,-9.503255390351014187e-01
9.999455142959617904e-01,4.101322293411273634e-01,9.729149683661432180e-01,0.000000000000000000e+00,3.377412004617740271e-01,6.666666666666666297e-01,2.734192175163816518e-01,-9.398556726028922670e-01
9.999246758497047916e-01,3.779129470933917379e-01,9.723649563172388488e-01,1.810692876228318666e-03,2.826675791834592499e-01,6.666666666666666297e-01,2.680319097523116145e-01,-9.398556726028922670e-01
1.000000000000000000e+00,3.792810472737389027e-01,9.964905822238196986e-01,9.001476018331600049e-02,2.876810508190434934e-01,6.666666666666666297e-01,2.677460298535965788e-01,-9.312924686305560362e-01
9.998047938107482713e-01,3.636672562355431348e-01,1.000000000000000000e+00,2.110357234980116126e-02,1.129546711336565368e-02,6.666666666666666297e-01,2.635753301362804835e-01,-9.281355226973226902e-01
9.987674216253867865e-01,3.635736367902677735e-01,9.735335168138737894e-01,8.845285459414570228e-03,0.000000000000000000e+00,6.666666666666666297e-01,2.605743294745119232e-01,-9.281355226973226902e-01
9.999991567182335839e-01,3.679072560192354624e-01,9.744670665191009773e-01,5.654522699587736373e-02,0.000000000000000000e+00,6.666666666666666297e-01,2.578454471360215883e-01,-9.281355226973226902e-01
9.998561785365722709e-01,3.761557085651571763e-01,9.977312574368628617e-01,1.992660043294685046e-01,4.776371798050895942e-05,6.666666666666666297e-01,2.559535831774225612e-01,-8.873642038757780792e-01
9.999996771054212585e-01,3.633536582672013404e-01,9.709863520977519702e-01,1.603728818927491750e-01,0.000000000000000000e+00,6.666666666666666297e-01,2.547622722169466947e-01,-8.823475018406499171e-01
1.000000000000000000e+00,3.631451786338833476e-01,9.424289472689111324e-01,2.617976849601601486e-01,0.000000000000000000e+00,6.666666666666666297e-01,2.502472475179928213e-01,-8.485548287057488315e-01
1.000000000000000000e+00,3.633555681946180616e-01,9.404898006456337001e-01,3.126999054421443214e-01,6.437304330780466415e-05,6.666666666666666297e-01,2.490923501926296801e-01,-8.379738355091754798e-01
9.999995231420756303e-01,3.633566516614304409e-01,9.419445335047818002e-01,3.596812026028754494e-01,0.000000000000000000e+00,6.666666666666666297e-01,2.482474017805386679e-01,-8.223108796485475436e-01
1.000000000000000000e+00,3.515766797687860934e-01,9.967018572275574417e-01,6.280570703287563505e-01,0.000000000000000000e+00,6.666666666666666297e-01,2.449443893822794982e-01,-8.215888111315012843e-01
9.999313967710815598e-01,3.513869012616948062e-01,9.364791434253521007e-01,6.282037735224323960e-01,0.000000000000000000e+00,6.666666666666666297e-01,2.419274048055810589e-01,-7.684974610114884142e-01
9.999999999917174032e-01,3.491962981683167100e-01,9.655858760596812695e-01,8.356977408294842258e-01,2.747548460093415010e-08,6.666666666666666297e-01,2.391929597635840676e-01,-7.353540020370076258e-01
9.999999878816389076e-01,3.333095967648955771e-01,9.314932283861637741e-01,9.835234339398393200e-01,3.945442805750387026e-06,6.666666666666666297e-01,2.350035481491207501e-01,-7.023742522112464970e-01
1.000000000000000000e+00,3.347949830822640194e-01,8.034777786794388144e-01,1.000000000000000000e+00,6.213644146358532050e-08,6.666666666666666297e-01,2.297631447205045752e-01,-6.401470264112574249e-01
9.999686372847155225e-01,3.813967787846781476e-01,9.996816966099049129e-01,0.000000000000000000e+00,2.778328673716379260e-01,6.666666666666666297e-01,2.705908098400254813e-01,-9.398556726028922670e-01
9.907845770109440231e-01,3.708868642118599013e-01,9.709542603403825689e-01,0.000000000000000000e+00,3.844110530208519338e-02,6.666666666666666297e-01,2.620165967606042923e-01,-9.281355226973226902e-01
9.999975798871655330e-01,3.725277445196226167e-01,9.709654253082770081e-01,8.912596739529515810e-02,0.000000000000000000e+00,6.666666666666666297e-01,2.565707345899674863e-01,-9.281355226973226902e-01
1.000000000000000000e+00,3.636334341472097775e-01,9.708327326453118911e-01,1.933939469231741315e-01,0.000000000000000000e+00,6.666666666666666297e-01,2.537794943749848708e-01,-8.823475018406499171e-01
1.000000000000000000e+00,3.636974229917103174e-01,9.419291994850155225e-01,1.957948691731130064e-01,1.695293894081517649e-03,6.666666666666666297e-01,2.518071315155695489e-01,-8.717037576136380528e-01
1.000000000000000000e+00,3.633587583490489603e-01,9.165548611642206911e-01,1.317726955526749288e-01,1.118188239565034620e-05,6.666666666666666297e-01,2.516302887351667406e-01,-8.497626576221278816e-01
9.999999999915694104e-01,3.512541954889600304e-01,9.761471673307284824e-01,6.277904393466497979e-01,0.000000000000000000e+00,6.666666666666666297e-01,2.438331398976723297e-01,-8.128889507069092524e-01
9.999317372464109344e-01,3.507704289141832521e-01,9.454257678011688260e-01,7.225316350118137221e-01,0.000000000000000000e+00,6.666666666666666297e-01,2.405402428363739020e-01,-7.549358074156486964e-01
1.000000000000000000e+00,3.353110931453430199e-01,8.814592221159391894e-01,9.849574608479867432e-01,0.000000000000000000e+00,6.666666666666666297e-01,2.325498588898817776e-01,-6.773666355151799490e-01
9.814292757879926610e-01,4.122192683410056402e-01,9.711053157125916213e-01,0.000000000000000000e+00,4.016374446010615995e-01,6.666666666666666297e-01,2.760655542167892995e-01,-9.398556726028922670e-01
9.999995323702270955e-01,3.667194628153688796e-01,9.711248370473049008e-01,8.860472638518850086e-02,2.901237382240066109e-01,6.666666666666666297e-01,2.659320840244663309e-01,-9.312924686305560362e-01
1.000000000000000000e+00,3.708705717708677962e-01,9.745271150955459039e-01,7.744963748237396195e-03,0.000000000000000000e+00,6.666666666666666297e-01,2.591773001710836466e-01,-9.281355226973226902e-01
9.998565105135529540e-01,3.646235455690965965e-01,9.364506200577579209e-01,1.372074867607506188e-01,0.000000000000000000e+00,6.666666666666666297e-01,2.528261717058107316e-01,-8.781747478076949998e-01
9.999995228084611609e-01,3.716206328352497090e-01,9.422264308028234225e-01,3.113632562809696691e-01,6.400999968493781232e-10,6.666666666666666297e-01,2.502448293636674870e-01,-8.379738355091754798e-01
1.000000000000000000e+00,3.515421493981863987e-01,9.534322025681348789e-01,6.043623426561139933e-01,3.936805896923792285e-06,6.666666666666666297e-01,2.431812543872246268e-01,-7.810665000080202480e-01
1.000000000000000000e+00,3.293979460849808527e-01,5.814475063418289569e-01,1.000000000000000000e+00,0.000000000000000000e+00,6.666666666666666297e-01,2.261097825580215548e-01,-5.558299269563308220e-01
9.999454750261275171e-01,4.206805396546338671e-01,9.727676671625355986e-01,0.000000000000000000e+00,0.000000000000000000e+00,6.666666666666666297e-01,2.651682103878978958e-01,-9.281355226973226902e-01
9.999973143355884719e-01,3.675518603533222128e-01,9.353422063812995013e-01,5.602141733985500915e-02,0.000000000000000000e+00,6.666666666666666297e-01,2.547978012357832167e-01,-8.867623149278487382e-01
9.999660178524771847e-01,3.626485318841354277e-01,1.000000000000000000e+00,5.990122414493110892e-01,0.000000000000000000e+00,6.666666666666666297e-01,2.464035980396745429e-01,-8.215888111315012843e-01
9.999996123172815166e-01,3.355120120186245725e-01,9.196927383484863050e-01,8.386197184308186170e-01,6.455037163466449961e-05,6.666666666666666297e-01,2.374579559559811537e-01,-7.154545105746750178e-01
9.813376877399877518e-01,4.125764211003420390e-01,9.999833179196114807e-01,0.000000000000000000e+00,9.567328747122189059e-01,6.666666666666666297e-01,2.870754343584155377e-01,-9.503255390351014187e-01
9.999991158777080669e-01,3.633210180472647988e-01,1.000000000000000000e+00,0.000000000000000000e+00,2.866866718053997509e-01,6.666666666666666297e-01,2.755232599497820511e-01,-9.398556726028922670e-01
9.824746040098280009e-01,3.779678713041614291e-01,1.000000000000000000e+00,1.766950160599883857e-03,2.818897325309615565e-01,6.666666666666666297e-01,2.733935033011620219e-01,-9.398556726028922670e-01
1.000000000000000000e+00,4.013854925324262801e-01,9.707129949523560786e-01,0.000000000000000000e+00,2.781384139303496594e-01,6.666666666666666297e-01,2.706130487364213910e-01,-9.398556726028922670e-01
9.999661162752746524e-01,3.792313223098546793e-01,9.726507782951632208e-01,0.000000000000000000e+00,2.776580959632540258e-01,6.666666666666666297e-01,2.680336934581358799e-01,-9.398556726028922670e-01
9.999680371666085366e-01,3.608702878662052305e-01,9.704679992669086319e-01,8.629493669978698100e-02,2.926011446523259507e-01,6.666666666666666297e-01,2.676919968190991095e-01,-9.312924686305560362e-01
9.999873436109961711e-01,3.668268220629838927e-01,9.711199309871592078e-01,8.860472638518850086e-02,2.901237382240066109e-01,6.666666666666666297e-01,2.659158682323654599e-01,-9.312924686305560362e-01
9.999354375409392759e-01,4.097344176440605445e-01,1.000000000000000000e+00,5.483639007140897470e-03,0.000000000000000000e+00,6.666666666666666297e-01,2.651591514358130341e-01,-9.281355226973226902e-01
9.999713586692707823e-01,3.637547603703651933e-01,9.756117702154257776e-01,4.028424982619399110e-03,6.069300411090837455e-02,6.666666666666666297e-01,2.635806519071636767e-01,-9.281355226973226902e-01
9.999852368041732831e-01,3.634476020138537322e-01,9.999781817133979178e-01,5.433898503214340536e-02,1.129546711336565368e-02,6.666666666666666297e-01,2.620418172839615312e-01,-9.281355226973226902e-01
9.999452170261047268e-01,3.636587463379603036e-01,9.734156376279287093e-01,8.472034814854562113e-03,4.714242878484486976e-03,6.666666666666666297e-01,2.605476046158454184e-01,-9.281355226973226902e-01
9.999995206649128221e-01,3.708705717708677962e-01,9.746232361036194503e-01,7.955169462177169581e-03,4.737823581129901472e-07,6.666666666666666297e-01,2.591790326712093417e-01,-9.281355226973226902e-01
9.999614154233315011e-01,3.676634815336095596e-01,9.740600825324776668e-01,5.658283807641407981e-02,9.442607032445196402e-06,6.666666666666666297e-01,2.578365217238976492e-01,-9.281355226973226902e-01
9.999990612758137276e-01,3.723438575276365459e-01,9.701497621968731000e-01,8.642845080294886406e-02,0.000000000000000000e+00,6.666666666666666297e-01,2.565750875151339150e-01,-9.281355226973226902e-01
9.999461385679663250e-01,3.724224717519572514e-01,9.998732984689142622e-01,1.904868100464479630e-01,0.000000000000000000e+00,6.666666666666666297e-01,2.559679275345088101e-01,-8.873642038757780792e-01
9.992895287489331757e-01,3.673485436047115305e-01,9.346164603099325063e-01,5.578327684896124822e-02,0.000000000000000000e+00,6.666666666666666297e-01,2.548142482128898378e-01,-8.867623149278487382e-01
9.999996774711708003e-01,3.633536786207171021e-01,9.709863520977519702e-01,1.603728818927491750e-01,0.000000000000000000e+00,6.666666666666666297e-01,2.547622703137104594e-01,-8.823475018406499171e-01
1.000000000000000000e+00,3.633429114190848130e-01,9.701811068444754493e-01,1.925282104369245573e-01,0.000000000000000000e+00,6.666666666666666297e-01,2.537709202648439910e-01,-8.823475018406499171e-01
9.999380181844531590e-01,3.633729674461455006e-01,9.375350618857154483e-01,1.398092457656623655e-01,0.000000000000000000e+00,6.666666666666666297e-01,2.528457837862739255e-01,-8.781747478076949998e-01
1.000000000000000000e+00,3.636736755201361304e-01,9.419322768457221162e-01,1.957948691731130064e-01,1.695293894081517649e-03,6.666666666666666297e-01,2.518069856071651347e-01,-8.717037576136380528e-01
9.999992920016438358e-01,3.631435445275353335e-01,9.167549523087390462e-01,1.361014623546753788e-01,7.732285508623613045e-04,6.666666666666666297e-01,2.515687259646084417e-01,-8.497626576221278816e-01
9.999999630061718880e-01,3.631452118262326056e-01,9.424289472291106362e-01,2.617976849601601486e-01,0.000000000000000000e+00,6.666666666666666297e-01,2.502472514105537615e-01,-8.485548287057488315e-01
9.999995325457723405e-01,3.715055416851882342e-01,9.422425578234137067e-01,3.121649004013726802e-01,0.000000000000000000e+00,6.666666666666666297e-01,2.502136629589271077e-01,-8.379738355091754798e-01
9.999257922888595829e-01,3.635281524248553109e-01,9.406504993121738156e-01,3.130105395334203400e-01,0.000000000000000000e+00,6.666666666666666297e-01,2.491103902917312096e-01,-8.379738355091754798e-01
9.999974945232462664e-01,3.635416825408385177e-01,9.414906750306846206e-01,3.596812026028754494e-01,0.000000000000000000e+00,6.666666666666666297e-01,2.482450803949582119e-01,-8.223108796485475436e-01
9.999989862691434084e-01,3.624904663291498852e-01,1.000000000000000000e+00,5.978826944439192825e-01,0.000000000000000000e+00,6.666666666666666297e-01,2.464018636859538758e-01,-8.215888111315012843e-01
9.999999999917174032e-01,3.512524982108276017e-01,9.962951230625556320e-01,6.268851197673910303e-01,4.238075591714259047e-06,6.666666666666666297e-01,2.449618364940659987e-01,-8.215888111315012843e-01
1.000000000000000000e+00,3.513907968720298425e-01,9.763645990083968940e-01,6.277815426921206088e-01,0.000000000000000000e+00,6.666666666666666297e-01,2.438445910611153900e-01,-8.128889507069092524e-01
1.000000000000000000e+00,3.515336260020976433e-01,9.535169668351151095e-01,6.043349464045443264e-01,4.224742651394207650e-06,6.666666666666666297e-01,2.431857169155273724e-01,-7.810665000080202480e-01
1.000000000000000000e+00,3.513355496494328101e-01,9.368829671857005215e-01,6.264083782708552706e-01,0.000000000000000000e+00,6.666666666666666297e-01,2.419724266077851738e-01,-7.684974610114884142e-01
9.999291331100553792e-01,3.502465689619030376e-01,9.414812466776217859e-01,7.052212280651513066e-01,7.075530308422366219e-04,6.666666666666666297e-01,2.406693827507382366e-01,-7.549358074156486964e-01
9.999999999917189575e-01,3.491962981683167100e-01,9.657875700053195622e-01,8.359378100319445615e-01,1.838358804072695234e-06,6.666666666666666297e-01,2.391967719363234934e-01,-7.353540020370076258e-01
9.999996108525025518e-01,3.492143213417369663e-01,9.196116790432767862e-01,8.386197184308186170e-01,7.020967477913352096e-06,6.666666666666666297e-01,2.374760698111308410e-01,-7.154545105746750178e-01
9.999984462393024520e-01,3.328719751769744217e-01,9.310919023985581022e-01,9.851209902901894022e-01,0.000000000000000000e+00,6.666666666666666297e-01,2.350328428360801691e-01,-7.023742522112464970e-01
9.999999918047878245e-01,3.328396138657637171e-01,8.790392208228472448e-01,9.872071056081030971e-01,0.000000000000000000e+00,6.666666666666666297e-01,2.325506832062136098e-01,-6.773666355151799490e-01
9.952613324378590809e-01,3.349071851344823658e-01,8.043387976121766370e-01,1.000000000000000000e+00,6.044773496083121585e-08,6.666666666666666297e-01,2.299421929608796156e-01,-6.401470264112574249e-01
1.000000000000000000e+00,3.293979335563698707e-01,5.814475063418289569e-01,1.000000000000000000e+00,0.000000000000000000e+00,6.666666666666666297e-01,2.261097825641432413e-01,-5.558299269563308220e-01
6.632495723595865922e-01,4.524781221575071566e-01,1.000000000000000000e+00,0.000000000000000000e+00,8.850673128518807831e-01,6.666666666666666297e-01,6.755335318567918801e-01,-9.503255390351014187e-01
9.999657213069645945e-01,4.098669073146886110e-01,9.726507782951632208e-01,0.000000000000000000e+00,3.357736123507253367e-01,6.666666666666666297e-01,2.733175384234742267e-01,-9.398556726028922670e-01
9.999660044689491212e-01,4.010707473401401435e-01,9.719463150689209296e-01,1.285721644307295276e-02,2.781360563477335845e-01,6.666666666666666297e-01,2.703660087775190402e-01,-9.398556726028922670e-01
9.999685611674632435e-01,3.810523384519310941e-01,9.719463150689209296e-01,1.788137288182056750e-03,2.781361066497117229e-01,6.666666666666666297e-01,2.680278226151141530e-01,-9.398556726028922670e-01
9.999684145620769682e-01,3.609923847859792811e-01,9.709245001379692708e-01,8.629493669978698100e-02,2.969021725748960949e-01,6.666666666666666297e-01,2.677918319499001387e-01,-9.312924686305560362e-01
9.999819893812124105e-01,3.805586589186897850e-01,9.709133720091839281e-01,8.861280211075170388e-02,2.922602365413397019e-01,6.666666666666666297e-01,2.659446197405065937e-01,-9.312924686305560362e-01
9.999454760008760212e-01,4.207107427064606942e-01,9.729164628444645357e-01,0.000000000000000000e+00,0.000000000000000000e+00,6.666666666666666297e-01,2.651808576950137608e-01,-9.281355226973226902e-01
9.806353032087579136e-01,3.708868642118599013e-01,9.710044837676899965e-01,8.017767151784791629e-03,3.875321910233554823e-02,6.666666666666666297e-01,2.634966560299831229e-01,-9.281355226973226902e-01
1.000000000000000000e+00,3.636672562355431348e-01,1.000000000000000000e+00,3.917285530893111628e-02,0.000000000000000000e+00,6.666666666666666297e-01,2.620710754095524342e-01,-9.281355226973226902e-01
9.987674216253867865e-01,3.648763314133219304e-01,9.735204772117271865e-01,0.000000000000000000e+00,0.000000000000000000e+00,6.666666666666666297e-01,2.605412166365378979e-01,-9.281355226973226902e-01
1.000000000000000000e+00,3.789520593185375374e-01,9.714592467523892605e-01,4.233859939971162945e-03,0.000000000000000000e+00,6.666666666666666297e-01,2.591597284073455243e-01,-9.281355226973226902e-01
9.999820362733230494e-01,3.680479230950488012e-01,9.733281790819581225e-01,5.306179740638911069e-02,0.000000000000000000e+00,6.666666666666666297e-01,2.578480700594578678e-01,-9.281355226973226902e-01
9.999999471373851589e-01,3.725777353416461768e-01,9.707129949523560786e-01,9.031911528830936786e-02,1.126801224100478817e-03,6.666666666666666297e-01,2.565702056426332756e-01,-9.281355226973226902e-01
9.999997545407126598e-01,3.724364453117610663e-01,9.998732984689142622e-01,1.871750517835778505e-01,0.000000000000000000e+00,6.666666666666666297e-01,2.560478593893427690e-01,-8.873642038757780792e-01
9.999999570552350336e-01,3.638586735607953204e-01,9.334792036273742433e-01,5.602141733985500915e-02,0.000000000000000000e+00,6.666666666666666297e-01,2.548164036029057500e-01,-8.867623149278487382e-01
9.989006651117315894e-01,3.776885452723756642e-01,9.702539869796288352e-01,1.932728343415806849e-01,0.000000000000000000e+00,6.666666666666666297e-01,2.547542639304289924e-01,-8.823475018406499171e-01
9.999818272447523748e-01,3.682761053351342739e-01,9.702197755164738702e-01,1.935187724819179000e-01,0.000000000000000000e+00,6.666666666666666297e-01,2.537444584480880172e-01,-8.823475018406499171e-01
9.999429620494737492e-01,3.647521092985849811e-01,9.374045210465278277e-01,1.394076334587310284e-01,1.105819436303475626e-03,6.666666666666666297e-01,2.528725310976416840e-01,-8.781747478076949998e-01
9.999995231420756303e-01,3.633894996307658332e-01,9.435633148107119839e-01,1.997257069383460149e-01,3.191236281362958531e-08,6.666666666666666297e-01,2.517472576998611711e-01,-8.717037576136380528e-01
9.999414809423184947e-01,3.636589097519966618e-01,9.168929157666745322e-01,1.370864874341178874e-01,7.563681403054049821e-04,6.666666666666666297e-01,2.515639914990711046e-01,-8.497626576221278816e-01
9.992699896510719437e-01,3.626864893299177051e-01,9.426412465492403081e-01,2.614363830487206886e-01,0.000000000000000000e+00,6.666666666666666297e-01,2.502937552807837363e-01,-8.485548287057488315e-01
1.000000000000000000e+00,3.710770709388892530e-01,9.424881624790688583e-01,3.094471455335263688e-01,0.000000000000000000e+00,6.666666666666666297e-01,2.502050546643203588e-01,-8.379738355091754798e-01
9.999250944958684162e-01,3.635279965970491522e-01,9.407440765200202337e-01,3.110407173721340124e-01,0.000000000000000000e+00,6.666666666666666297e-01,2.491546996602473640e-01,-8.379738355091754798e-01
1.000000000000000000e+00,3.680709177171468949e-01,9.430497089469548344e-01,3.713323814154291247e-01,0.000000000000000000e+00,6.666666666666666297e-01,2.487041400893015286e-01,-8.223108796485475436e-01
1.000000000000000000e+00,3.536950422363706603e-01,9.994370674971980728e-01,6.193098558351263216e-01,1.412771298445079579e-04,6.666666666666666297e-01,2.452700756902840562e-01,-8.215888111315012843e-01
1.000000000000000000e+00,3.439210738585305460e-01,9.657209105942599070e-01,7.844623984475626033e-01,4.417275108928447880e-03,6.666666666666666297e-01,2.402506355087830892e-01,-7.353540020370076258e-01
