9.524235108678802408e-01,4.350738036350460525e-01,9.752086454030994833e-01,5.910297157378247013e-02,9.039035661523875387e-01,1.111111111111111049e-01,2.788821818870005353e-01,-8.789032433972565617e-01
1.000000000000000000e+00,4.311967818079567305e-01,9.901904777089701737e-01,9.032584930980372406e-02,1.856160530321316845e-04,1.111111111111111049e-01,2.587750762625269929e-01,-8.696036921552440235e-01
9.999999999939110928e-01,3.560464063593767881e-01,9.915630318834645074e-01,6.078015049141860526e-02,1.189684409067089869e-04,1.111111111111111049e-01,2.499758799440013612e-01,-8.696036921552440235e-01
1.000000000000000000e+00,3.550810569786118087e-01,1.000000000000000000e+00,1.005592612434044880e-01,0.000000000000000000e+00,1.111111111111111049e-01,2.494852799045933212e-01,-8.662543236853722517e-01
1.000000000000000000e+00,3.534856483501735425e-01,9.693235842952215853e-01,8.252643509434999525e-02,5.736105025648017912e-05,1.111111111111111049e-01,2.477870564077990778e-01,-8.569085255209456520e-01
9.999999929123344344e-01,3.570998331398390624e-01,9.658415230329669976e-01,1.343455659268084079e-01,3.803932840902324308e-02,1.111111111111111049e-01,2.474387706228778905e-01,-8.547751126098713792e-01
1.000000000000000000e+00,3.537348831072069100e-01,9.848010602159181781e-01,2.221581591527029831e-01,1.229483939246740312e-05,1.111111111111111049e-01,2.449471540614858445e-01,-8.327473898809083508e-01
1.000000000000000000e+00,3.475466225253888153e-01,9.394476950792571834e-01,1.377561455363125187e-01,0.000000000000000000e+00,1.111111111111111049e-01,2.446457393176976469e-01,-8.203790693600215844e-01
1.000000000000000000e+00,3.549233533592128231e-01,9.480025063484732728e-01,1.964074814187907192e-01,0.000000000000000000e+00,1.111111111111111049e-01,2.434560491965623852e-01,-8.033275758457266713e-01
9.999999324979349513e-01,3.558804429991515583e-01,9.496533757193396097e-01,2.214930590842259517e-01,9.891299427074003782e-08,1.111111111111111049e-01,2.430895700875849996e-01,-7.876482690618149540e-01
9.997352041993943228e-01,3.569172558408299500e-01,1.000000000000000000e+00,4.444570420637494190e-01,9.049241436784963635e-03,1.111111111111111049e-01,2.415632073060514917e-01,-7.867296014243397861e-01
9.999999999996994626e-01,3.482186474128569631e-01,9.964655098792291055e-01,4.589016152837545603e-01,0.000000000000000000e+00,1.111111111111111049e-01,2.399397309410882251e-01,-7.867296014243397861e-01
9.999999983747160925e-01,3.437142322664946126e-01,9.642107929928406262e-01,3.972744881844844644e-01,1.446565159043765366e-05,1.111111111111111049e-01,2.396776745942795772e-01,-7.584111133860867993e-01
1.000000000000000000e+00,3.528088743395721982e-01,9.670510046886928723e-01,4.459999426392120547e-01,1.473301492766058475e-05,1.111111111111111049e-01,2.392701727890600705e-01,-7.480037472787252062e-01
9.999999999999943379e-01,3.360037673060289332e-01,1.000000000000000000e+00,5.910100072217399081e-01,0.000000000000000000e+00,1.111111111111111049e-01,2.378309785012928390e-01,-7.347106107654303164e-01
1.000000000000000000e+00,3.399472947396656730e-01,9.477279659067044948e-01,5.564238190991812605e-01,4.171418861414798080e-09,1.111111111111111049e-01,2.353267747122687048e-01,-7.337383648114453871e-01
1.000000000000000000e+00,3.384544185684134066e-01,9.388492368296155188e-01,5.580535177638887845e-01,0.000000000000000000e+00,1.111111111111111049e-01,2.348953240162891531e-01,-7.198204468574077586e-01
9.999999672257945393e-01,3.432632919690875029e-01,9.636490072022977360e-01,6.766780671576814177e-01,0.000000000000000000e+00,1.111111111111111049e-01,2.338876859042517686e-01,-7.105926688777635114e-01
1.000000000000000000e+00,3.345952493180425202e-01,9.559518143173353355e-01,7.136397501304850843e-01,4.517574465628733945e-08,1.111111111111111049e-01,2.324756112168895883e-01,-7.037031675783033124e-01
1.000000000000000000e+00,3.330415181899549215e-01,1.000000000000000000e+00,8.382306578286369270e-01,2.210353968937054693e-07,1.111111111111111049e-01,2.319025437510863763e-01,-6.830368066466697696e-01
9.999984220322143402e-01,3.340943818976945257e-01,9.683304966748688125e-01,8.509208654461224430e-01,2.843203536065912890e-04,1.111111111111111049e-01,2.301876564633133226e-01,-6.830368066466697696e-01
1.000000000000000000e+00,3.287057544976448864e-01,1.000000000000000000e+00,1.000000000000000000e+00,0.000000000000000000e+00,1.111111111111111049e-01,2.285771184965041947e-01,-6.717250422970819645e-01
9.999999929390083198e-01,3.290058190281588413e-01,9.664728170207491642e-01,9.844916534955077125e-01,0.000000000000000000e+00,1.111111111111111049e-01,2.274167878915227536e-01,-6.579053258879193899e-01
9.999999999999036326e-01,3.343859359181737267e-01,9.206899941562136647e-01,9.963530287771256155e-01,4.448996611623111082e-08,1.111111111111111049e-01,2.260793993027195303e-01,-6.266612229200664297e-01
9.999984356018163378e-01,3.286363592583052551e-01,8.832692801173892549e-01,9.957848726450765353e-01,1.522729074726267284e-04,1.111111111111111049e-01,2.243232490719392347e-01,-6.056727761800756449e-01
1.000000000000000000e+00,3.315617157640756707e-01,7.499508612417011832e-01,9.999984150828116203e-01,1.573022284279636251e-02,1.111111111111111049e-01,2.222866457823985398e-01,-5.548605300159742404e-01
1.000000000000000000e+00,3.309354850073798482e-01,6.067165258817579510e-01,9.997227303094834427e-01,4.666538676596274473e-04,1.111111111111111049e-01,2.203023349117836649e-01,-5.052359114014384200e-01
1.000000000000000000e+00,3.419899822151156732e-01,9.894119968762189465e-01,1.009676501630516754e-01,0.000000000000000000e+00,1.111111111111111049e-01,2.537921099033621508e-01,-8.696036921552440235e-01
1.000000000000000000e+00,3.674780279477189437e-01,9.690312706757515659e-01,6.162143576240886045e-02,0.000000000000000000e+00,1.111111111111111049e-01,2.486873441298670107e-01,-8.624029061396992768e-01
9.999999929539123977e-01,3.559907862997739869e-01,9.664728170207491642e-01,1.400882687553079431e-01,0.000000000000000000e+00,1.111111111111111049e-01,2.458723464411225190e-01,-8.547751126098713792e-01
1.000000000000000000e+00,3.550665355064541173e-01,9.482387782071075577e-01,1.907447313129761179e-01,0.000000000000000000e+00,1.111111111111111049e-01,2.436000316192880322e-01,-8.033275758457266713e-01
9.993041528844722743e-01,3.549536021952729437e-01,1.000000000000000000e+00,4.423087182905563464e-01,6.270428455266402576e-06,1.111111111111111049e-01,2.410312086480380922e-01,-7.867296014243397861e-01
9.999999999997839506e-01,3.554110014450677091e-01,9.873239026628667370e-01,6.208993243303484455e-01,2.005874330756946683e-02,1.111111111111111049e-01,2.382333010564086362e-01,-7.347106107654303164e-01
1.000000000000000000e+00,3.389271095777908749e-01,9.474972856999696047e-01,5.657225096024561806e-01,0.000000000000000000e+00,1.111111111111111049e-01,2.351305202590386889e-01,-7.337383648114453871e-01
9.999999666175672930e-01,3.384947673149883429e-01,9.547383493139373067e-01,6.602999030698910587e-01,0.000000000000000000e+00,1.111111111111111049e-01,2.334941729016888068e-01,-7.037031675783033124e-01
9.999999987051744199e-01,3.354470567916577606e-01,9.727869582783297275e-01,8.314793675728218147e-01,2.653329146779165922e-05,1.111111111111111049e-01,2.307769662858766280e-01,-6.830368066466697696e-01
1.000000000000000000e+00,3.280934291331346619e-01,9.845620306457866233e-01,9.976498646261654502e-01,1.258241353260382477e-05,1.111111111111111049e-01,2.279666203507869082e-01,-6.717250422970819645e-01
9.999999970443963493e-01,3.290058190281588413e-01,8.875960177494356396e-01,1.000000000000000000e+00,1.925590439134049897e-02,1.111111111111111049e-01,2.250536047494856029e-01,-6.266612229200664297e-01
9.999999698506009116e-01,3.374064271255667880e-01,9.973716721776965111e-01,4.313389573099896124e-01,0.000000000000000000e+00,1.111111111111111049e-01,2.423586680497847867e-01,-7.867296014243397861e-01
1.000000000000000000e+00,3.476709071502894211e-01,9.955972123910467042e-01,6.147887590572180816e-01,1.234252546211619147e-04,1.111111111111111049e-01,2.367391424221068907e-01,-7.347106107654303164e-01
1.000000000000000000e+00,3.288405224007979188e-01,9.498897597881067467e-01,9.955512257893878170e-01,1.150925274147112275e-05,1.111111111111111049e-01,2.265423751643819705e-01,-6.498206448874886965e-01
1.000000000000000000e+00,3.201274609378097491e-01,5.920087361100759837e-01,1.000000000000000000e+00,1.253372736722885964e-05,1.111111111111111049e-01,2.188060169962697810e-01,-4.997963303778780730e-01
1.000000000000000000e+00,3.389388667831144675e-01,9.901717207909779273e-01,0.000000000000000000e+00,0.000000000000000000e+00,1.111111111111111049e-01,2.647311649177276349e-01,-8.696036921552440235e-01
1.000000000000000000e+00,3.558828019165012901e-01,9.879436566241094342e-01,2.031277571840836016e-01,1.118745656775274773e-05,1.111111111111111049e-01,2.456350854990560217e-01,-8.327473898809083508e-01
9.999999983747160925e-01,3.430561105765198016e-01,9.642107929928406262e-01,4.573304830158999579e-01,0.000000000000000000e+00,1.111111111111111049e-01,2.382774299524859640e-01,-7.480037472787252062e-01
9.999933551485161720e-01,3.431983441348511743e-01,9.986288964032414839e-01,1.000000000000000000e+00,6.366066789036323777e-07,1.111111111111111049e-01,2.298057261429596876e-01,-6.717250422970819645e-01
1.000000000000000000e+00,3.544242231949362165e-01,9.365133501978242236e-01,1.386596038674353382e-01,0.000000000000000000e+00,1.111111111111111049e-01,2.440727532011357781e-01,-8.203790693600215844e-01
9.999999997882061953e-01,3.423235596157942484e-01,9.623900447681577042e-01,6.547006056588380307e-01,4.868850085004066373e-03,1.111111111111111049e-01,2.343116333033425924e-01,-7.165946404219888377e-01
1.000000000000000000e+00,3.317630203716147586e-01,7.735965329648153421e-01,1.000000000000000000e+00,3.457685293497038403e-02,1.111111111111111049e-01,2.232318085636139093e-01,-5.658948633364833114e-01
9.776253642954076950e-01,3.313713094426014583e-01,1.000000000000000000e+00,3.350125807542006506e-02,9.955976915807571714e-01,1.111111111111111049e-01,3.530824484504817007e-01,-8.789032433972565617e-01
1.000000000000000000e+00,3.560464063593767881e-01,9.917338561311355161e-01,6.277298452285251518e-02,1.182439595397954653e-04,1.111111111111111049e-01,2.499241937753835519e-01,-8.696036921552440235e-01
1.000000000000000000e+00,3.537421462334238709e-01,9.690771092238321671e-01,6.053022606047549214e-02,1.818493473439430907e-04,1.111111111111111049e-01,2.484314503669490803e-01,-8.624029061396992768e-01
1.000000000000000000e+00,3.535312150733668779e-01,9.689699335772264943e-01,8.303597944831009325e-02,1.848121004393740946e-04,1.111111111111111049e-01,2.477440890558298137e-01,-8.569085255209456520e-01
1.000000000000000000e+00,3.558302247997165990e-01,9.745332159827818641e-01,1.137745156758466492e-01,5.991045715239009476e-05,1.111111111111111049e-01,2.470944815644014747e-01,-8.547751126098713792e-01
1.000000000000000000e+00,3.566433276797066898e-01,9.660215738650536066e-01,1.395487697517821812e-01,1.494137067320328582e-05,1.111111111111111049e-01,2.458705656511525339e-01,-8.547751126098713792e-01
1.000000000000000000e+00,3.543203146559616434e-01,9.848405994628159910e-01,2.221581591527029831e-01,0.000000000000000000e+00,1.111111111111111049e-01,2.449493944532322165e-01,-8.327473898809083508e-01
1.000000000000000000e+00,3.472940095113333792e-01,9.397268738475453853e-01,1.343455659268084079e-01,0.000000000000000000e+00,1.111111111111111049e-01,2.448114211249010352e-01,-8.203790693600215844e-01
9.986001243541937633e-01,3.550934178291360044e-01,9.482156266780046305e-01,1.942845031066672834e-01,0.000000000000000000e+00,1.111111111111111049e-01,2.435924987251201213e-01,-8.033275758457266713e-01
1.000000000000000000e+00,3.550885360914909361e-01,9.482156266780046305e-01,1.968833888735089521e-01,0.000000000000000000e+00,1.111111111111111049e-01,2.434678374152122460e-01,-8.033275758457266713e-01
1.000000000000000000e+00,3.562849432036975794e-01,9.484047471787715455e-01,2.208991003927533447e-01,0.000000000000000000e+00,1.111111111111111049e-01,2.430769297568525222e-01,-7.876482690618149540e-01
9.856713040454265773e-01,3.550562427412783384e-01,9.996328106524101642e-01,4.422941755159791044e-01,9.042551303239942939e-06,1.111111111111111049e-01,2.415506420485611927e-01,-7.867296014243397861e-01
1.000000000000000000e+00,3.432022604805853305e-01,1.000000000000000000e+00,4.497665132370681773e-01,0.000000000000000000e+00,1.111111111111111049e-01,2.405484978225268522e-01,-7.867296014243397861e-01
9.997315664627328680e-01,3.431783443598347416e-01,9.986288964032414839e-01,4.580610581649566804e-01,5.553863093031605831e-05,1.111111111111111049e-01,2.402693504505023503e-01,-7.867296014243397861e-01
9.999999862366274472e-01,3.341035004690772192e-01,9.897448911444794994e-01,6.417694316812450062e-02,0.000000000000000000e+00,1.111111111111111049e-01,2.668563334006794352e-01,-8.696036921552440235e-01
1.000000000000000000e+00,3.432268691014068174e-01,9.636490072022977360e-01,4.574375076771151627e-01,0.000000000000000000e+00,1.111111111111111049e-01,2.382404326266353844e-01,-7.480037472787252062e-01
1.000000000000000000e+00,3.332995307812797181e-01,9.970661277142397472e-01,5.972408567326981110e-01,3.949621204885866548e-07,1.111111111111111049e-01,2.382198062834699204e-01,-7.347106107654303164e-01
9.862758648324941868e-01,3.476715447737201425e-01,9.953397293558803316e-01,6.189496326202968968e-01,9.051303024885899918e-06,1.111111111111111049e-01,2.371571294664180096e-01,-7.347106107654303164e-01
9.999982831751814683e-01,3.396441750894076406e-01,9.916878245389023627e-01,6.131404344580135835e-01,2.549290419288295251e-08,1.111111111111111049e-01,2.362573386231434369e-01,-7.347106107654303164e-01
9.999982914627567610e-01,3.396196050444017511e-01,9.916878245389023627e-01,6.239735039629181745e-01,1.864738123055808064e-06,1.111111111111111049e-01,2.360072261772751534e-01,-7.347106107654303164e-01
1.000000000000000000e+00,3.347701116471361593e-01,9.383828254130538449e-01,5.697359879938543870e-01,1.253372736722885964e-05,1.111111111111111049e-01,2.348926446703204496e-01,-7.198204468574077586e-01
9.999999999935362816e-01,3.423496711925962388e-01,9.622853651700237210e-01,6.546915870245126889e-01,1.903278705002602503e-06,1.111111111111111049e-01,2.341355420397292497e-01,-7.165946404219888377e-01
9.996402899788743301e-01,4.238880149724895685e-01,9.912889701263603026e-01,5.049351273551494490e-02,8.724332298192698839e-06,1.111111111111111049e-01,2.586589549228495710e-01,-8.696036921552440235e-01
1.000000000000000000e+00,3.343523903198684089e-01,9.728408492944117247e-01,6.910010713253821324e-01,0.000000000000000000e+00,1.111111111111111049e-01,2.338487460860818046e-01,-7.105926688777635114e-01
9.999999667637613499e-01,3.385003588336358282e-01,9.554417273337991734e-01,6.676636408103727716e-01,1.093161205260849202e-09,1.111111111111111049e-01,2.333775232364210528e-01,-7.037031675783033124e-01
9.999999999935240691e-01,3.346254257514968966e-01,9.558789480218230494e-01,7.141155416485580609e-01,4.739637084113066470e-10,1.111111111111111049e-01,2.324605170137259424e-01,-7.037031675783033124e-01
1.000000000000000000e+00,3.330360987926759275e-01,1.000000000000000000e+00,8.383451261804880650e-01,0.000000000000000000e+00,1.111111111111111049e-01,2.319003359695250566e-01,-6.830368066466697696e-01
9.999999999999676925e-01,3.332988720528209381e-01,9.686560200999831949e-01,8.483460595501357560e-01,0.000000000000000000e+00,1.111111111111111049e-01,2.302350794062263672e-01,-6.830368066466697696e-01
1.000000000000000000e+00,3.317164539742296636e-01,9.979650007873630546e-01,9.999984150828116203e-01,3.405725721267412881e-02,1.111111111111111049e-01,2.297103933090523520e-01,-6.717250422970819645e-01
1.000000000000000000e+00,3.332637215878033743e-01,9.998006769915597225e-01,1.000000000000000000e+00,0.000000000000000000e+00,1.111111111111111049e-01,2.284912380147884892e-01,-6.717250422970819645e-01
9.999999983425813532e-01,3.307376534500771625e-01,9.751879350773891009e-01,1.000000000000000000e+00,1.100042286625109392e-08,1.111111111111111049e-01,2.274485758266328317e-01,-6.717250422970819645e-01
1.000000000000000000e+00,3.420356377156942296e-01,9.893077388220631319e-01,1.005592612434044880e-01,0.000000000000000000e+00,1.111111111111111049e-01,2.537639114948384012e-01,-8.696036921552440235e-01
9.999982874965880342e-01,3.316382457411599094e-01,9.640919124584242939e-01,9.999984148690803654e-01,8.016899949765624728e-04,1.111111111111111049e-01,2.271016978430762390e-01,-6.579053258879193899e-01
1.000000000000000000e+00,3.287346778798181934e-01,9.501136719660768781e-01,9.955512257893878170e-01,0.000000000000000000e+00,1.111111111111111049e-01,2.265501817118593109e-01,-6.498206448874886965e-01
9.999999999999054090e-01,3.201274609378097491e-01,9.211996016303949375e-01,1.000000000000000000e+00,1.253571810529994795e-05,1.111111111111111049e-01,2.263099449729450152e-01,-6.266612229200664297e-01
1.000000000000000000e+00,3.307948192690451927e-01,8.908951040215631334e-01,9.794857895711170936e-01,0.000000000000000000e+00,1.111111111111111049e-01,2.250243047777148453e-01,-6.266612229200664297e-01
1.000000000000000000e+00,3.307848234123952902e-01,8.730179438122580571e-01,1.000000000000000000e+00,0.000000000000000000e+00,1.111111111111111049e-01,2.242148379696573546e-01,-6.056727761800756449e-01
9.999999322677892710e-01,3.305790213018733881e-01,6.035573605119908258e-01,1.000000000000000000e+00,4.666538676596274473e-04,1.111111111111111049e-01,2.202075281316788480e-01,-5.052359114014384200e-01
1.000000000000000000e+00,3.201274609378097491e-01,5.920039001278216695e-01,1.000000000000000000e+00,1.252743979053229184e-05,1.111111111111111049e-01,2.188060171107478191e-01,-4.997963303778780730e-01
9.739529392068457803e-01,3.310953879975046532e-01,1.000000000000000000e+00,4.569827453136562911e-02,9.879611106948328336e-01,1.111111111111111049e-01,3.613738810270018531e-01,-8.789032433972565617e-01
9.999999999999672484e-01,3.537421462334238709e-01,9.912088184960589077e-01,7.239465293890051667e-02,0.000000000000000000e+00,1.111111111111111049e-01,2.499085247991800762e-01,-8.696036921552440235e-01
1.000000000000000000e+00,3.551497035204416730e-01,9.692999203531508234e-01,5.917547223330234252e-02,1.885452526695133009e-04,1.111111111111111049e-01,2.483327899115554405e-01,-8.624029061396992768e-01
1.000000000000000000e+00,3.558513554501724907e-01,9.731797878596235574e-01,8.739936944203061109e-02,0.000000000000000000e+00,1.111111111111111049e-01,2.477331666815902611e-01,-8.569085255209456520e-01
1.000000000000000000e+00,3.562498771895454830e-01,9.740931960785463861e-01,1.143142019287456401e-01,0.000000000000000000e+00,1.111111111111111049e-01,2.470366461536368519e-01,-8.547751126098713792e-01
9.999999998639311771e-01,3.563236636129437640e-01,9.661054084002199671e-01,1.395487697517821812e-01,1.490065444966199071e-05,1.111111111111111049e-01,2.458685964102850507e-01,-8.547751126098713792e-01
9.999999999997838396e-01,3.549306613158539903e-01,9.880072116833621410e-01,2.126547545779046144e-01,2.098399544105051710e-07,1.111111111111111049e-01,2.453880268970807799e-01,-8.327473898809083508e-01
1.000000000000000000e+00,3.618708468809958001e-01,9.393175246503868703e-01,1.386596038674353382e-01,1.804183368107215354e-06,1.111111111111111049e-01,2.448796960731929873e-01,-8.203790693600215844e-01
9.801800677169107967e-01,3.477777272423901445e-01,9.964655098792291055e-01,4.615218352457950979e-01,0.000000000000000000e+00,1.111111111111111049e-01,2.415061316536576685e-01,-7.867296014243397861e-01
9.999999869001612307e-01,3.339924306641459673e-01,9.892189527011988615e-01,8.978039015645733478e-02,0.000000000000000000e+00,1.111111111111111049e-01,2.644929906690077770e-01,-8.696036921552440235e-01
1.000000000000000000e+00,3.385502948127367961e-01,9.631573598157788796e-01,4.415733412684918480e-01,5.590042571200277597e-05,1.111111111111111049e-01,2.391123526868698113e-01,-7.480037472787252062e-01
9.999999999999941158e-01,3.344871140931984232e-01,9.972934790100909108e-01,5.860289781432677092e-01,0.000000000000000000e+00,1.111111111111111049e-01,2.382015747919004334e-01,-7.347106107654303164e-01
