1.000000000000000000e+00,6.062749917145350276e-01,9.951721032733520378e-01,4.856995217162013434e-03,9.753779627446204081e-01,0.000000000000000000e+00,2.855051602256185039e-01,-8.789032433972565617e-01
1.000000000000000000e+00,3.506097057134948125e-01,9.587411028466280571e-01,0.000000000000000000e+00,1.000000000000000000e+00,0.000000000000000000e+00,2.624887855327940334e-01,-8.592167555749243846e-01
1.000000000000000000e+00,3.549249527500143442e-01,9.347128689099387655e-01,2.117725353114602305e-02,7.382949167002250679e-01,0.000000000000000000e+00,2.578934465518076813e-01,-8.592167555749243846e-01
9.999954695254233972e-01,4.158748902251692137e-01,9.941183357752300109e-01,1.058246238637725349e-03,0.000000000000000000e+00,0.000000000000000000e+00,2.570926563225360284e-01,-8.555793477372729550e-01
9.922901039977330973e-01,3.960163119667437504e-01,9.980388864609652799e-01,5.201044604381212244e-02,0.000000000000000000e+00,0.000000000000000000e+00,2.536202858362263668e-01,-8.555793477372729550e-01
1.000000000000000000e+00,3.509573481643833426e-01,9.926396632131760933e-01,7.284494966619571577e-03,0.000000000000000000e+00,0.000000000000000000e+00,2.505234665225595792e-01,-8.555793477372729550e-01
1.000000000000000000e+00,3.476435007878426187e-01,9.934903348962101921e-01,1.038873599377915929e-01,1.915926181727625087e-05,0.000000000000000000e+00,2.477510392880278856e-01,-8.555793477372729550e-01
9.999999964340198222e-01,3.542331998753747713e-01,9.789983664283684606e-01,1.036995448148812227e-01,0.000000000000000000e+00,0.000000000000000000e+00,2.456085908012252961e-01,-8.555793477372729550e-01
1.000000000000000000e+00,3.534427709323558209e-01,9.659417150568658794e-01,1.038867466982027615e-01,0.000000000000000000e+00,0.000000000000000000e+00,2.447428680470018214e-01,-8.476072638934537551e-01
9.999027418064804218e-01,3.524694372684115673e-01,9.691210096055988821e-01,1.231557537384076473e-01,5.311742059921312209e-03,0.000000000000000000e+00,2.446841363466265851e-01,-8.439636902599016999e-01
9.999943474346656425e-01,3.535468646226652134e-01,9.658428040113219426e-01,1.395111931150585793e-01,0.000000000000000000e+00,0.000000000000000000e+00,2.438286332730403017e-01,-8.369488546264728379e-01
1.000000000000000000e+00,3.513967327488631276e-01,9.840851537996893050e-01,2.106111652531100498e-01,1.164683965149330264e-05,0.000000000000000000e+00,2.431625180080058679e-01,-8.206653896332989362e-01
9.997954595075893014e-01,3.547734719137334292e-01,9.497847368389366052e-01,1.915929185123529943e-01,0.000000000000000000e+00,0.000000000000000000e+00,2.418527239340829138e-01,-7.893527657364097783e-01
9.999032550014582688e-01,3.515788515788795254e-01,9.347853309473271866e-01,2.146254733040964258e-01,8.199740536212959952e-05,0.000000000000000000e+00,2.403632080429012607e-01,-7.714401764120007998e-01
1.000000000000000000e+00,3.523041415596659398e-01,9.442051652252221317e-01,3.118097577961424505e-01,3.428467538515223879e-04,0.000000000000000000e+00,2.390175282764618048e-01,-7.660740637409055864e-01
9.999896143086268729e-01,3.427652047718835471e-01,9.600714352602585100e-01,4.104352033364910279e-01,2.511206726963864308e-02,0.000000000000000000e+00,2.380570874466327036e-01,-7.553291157490923391e-01
1.000000000000000000e+00,3.429670582053485628e-01,9.600510338336334382e-01,4.186645982757298823e-01,1.030965306452514308e-08,0.000000000000000000e+00,2.369172487618958767e-01,-7.431634588220372706e-01
9.999032550014582688e-01,3.395939734972959756e-01,9.347853309473271866e-01,4.385397322067998704e-01,1.510207802282023052e-04,0.000000000000000000e+00,2.352589120279084400e-01,-7.318858246768210618e-01
1.000000000000000000e+00,3.433550138367110760e-01,9.979667446536650832e-01,6.402603191533702276e-01,1.786902255925578756e-06,0.000000000000000000e+00,2.341494766152079632e-01,-7.120704139366261787e-01
1.000000000000000000e+00,3.373232938846014162e-01,9.643020707806178038e-01,6.623600135916161147e-01,0.000000000000000000e+00,0.000000000000000000e+00,2.319180058185730808e-01,-6.975205848849608259e-01
1.000000000000000000e+00,3.318858417632766233e-01,9.699441900402867578e-01,8.025450371572130370e-01,0.000000000000000000e+00,0.000000000000000000e+00,2.292382957446578440e-01,-6.833329711473611345e-01
1.000000000000000000e+00,3.374837693973697927e-01,9.841633392805519964e-01,1.000000000000000000e+00,7.306707474416157949e-07,0.000000000000000000e+00,2.267525172083474372e-01,-6.565491435534377418e-01
9.999805751568812129e-01,3.296734605073705082e-01,9.105795940528889076e-01,9.820015515986155741e-01,2.268100556036838737e-05,0.000000000000000000e+00,2.237362725731609214e-01,-6.171131920593678766e-01
9.999954407921094468e-01,3.188780234785532630e-01,7.455773682456827700e-01,9.325008097738409774e-01,2.645017284069568217e-08,0.000000000000000000e+00,2.197459786444529994e-01,-5.562521971714100566e-01
9.372474274947447670e-01,3.620325214070684861e-01,9.863159728943518001e-01,9.661329174620653104e-02,1.147129055808000610e-05,0.000000000000000000e+00,2.553117466369284605e-01,-8.555793477372729550e-01
9.997717228055176264e-01,3.540864178882980329e-01,9.996737464191195466e-01,4.400808005799160261e-02,6.371118962352709941e-05,0.000000000000000000e+00,2.491063389982141885e-01,-8.555793477372729550e-01
1.000000000000000000e+00,3.423014424005934031e-01,9.600410578735937284e-01,4.649403038198783866e-01,2.068780812370871530e-07,0.000000000000000000e+00,2.359106742844793991e-01,-7.431634588220372706e-01
9.999993110112284089e-01,3.366397950793930116e-01,9.813197495161732897e-01,6.614963581555843852e-01,1.528500072180079316e-06,0.000000000000000000e+00,2.326757229674441818e-01,-7.120704139366261787e-01
1.000000000000000000e+00,3.323210198474418342e-01,9.808576134752131637e-01,8.569456665389345584e-01,0.000000000000000000e+00,0.000000000000000000e+00,2.285840462405335227e-01,-6.601725814306247386e-01
9.999999889261341757e-01,3.290654210678836122e-01,8.513324916947206944e-01,1.000000000000000000e+00,1.106861129284828156e-05,0.000000000000000000e+00,2.218557990350244757e-01,-5.940250711959546015e-01
1.000000000000000000e+00,3.517568173704657686e-01,9.452955210962502575e-01,2.508998587551186654e-03,8.063176661167585912e-01,0.000000000000000000e+00,2.600674821445016494e-01,-8.592167555749243846e-01
9.997731997369219137e-01,3.462134500713439644e-01,9.998256605238957651e-01,4.400808005799160261e-02,5.720118862176508737e-03,0.000000000000000000e+00,2.520342804536438996e-01,-8.555793477372729550e-01
1.000000000000000000e+00,3.539353013246772095e-01,9.659423203103542077e-01,1.233749759289123893e-01,0.000000000000000000e+00,0.000000000000000000e+00,2.442405251941642264e-01,-8.439636902599016999e-01
1.000000000000000000e+00,3.534622606878089490e-01,9.344493114829564018e-01,1.037151830201205327e-01,0.000000000000000000e+00,0.000000000000000000e+00,2.428207088151534687e-01,-8.130839291880405106e-01
1.000000000000000000e+00,3.514805154685971544e-01,9.791614519726367094e-01,3.048832006868676947e-01,7.374593902960645889e-07,0.000000000000000000e+00,2.406848396526500011e-01,-7.887680782036218252e-01
1.000000000000000000e+00,3.429198847295644170e-01,9.599535600915428679e-01,4.166844289538635948e-01,1.001825232000273281e-08,0.000000000000000000e+00,2.369556999751837034e-01,-7.553291157490923391e-01
9.999999999675418527e-01,3.369675803990686558e-01,9.593024964195395743e-01,7.199024510069285121e-01,0.000000000000000000e+00,0.000000000000000000e+00,2.305971529212062776e-01,-6.921576344082185361e-01
9.999998798554744495e-01,3.182548429145906077e-01,5.933896437379898581e-01,1.000000000000000000e+00,6.325951288922538745e-10,0.000000000000000000e+00,2.170379658493820363e-01,-4.914259576007637409e-01
9.995676341119866803e-01,3.543371969705228497e-01,9.884626151935278493e-01,9.803665014649406984e-02,7.212471231086075398e-07,0.000000000000000000e+00,2.464724257627489978e-01,-8.555793477372729550e-01
1.000000000000000000e+00,3.539405289405815891e-01,9.659867233104260098e-01,1.236125532552121015e-01,0.000000000000000000e+00,0.000000000000000000e+00,2.442373997236072514e-01,-8.369488546264728379e-01
9.999943474346656425e-01,3.535451180173069252e-01,9.340550756156965617e-01,1.395260618006282372e-01,0.000000000000000000e+00,0.000000000000000000e+00,2.420197473411151989e-01,-8.025434079712773228e-01
9.999961052068337963e-01,3.390934004415335767e-01,9.351204140869814330e-01,4.609889194428047343e-01,1.870539236123133255e-05,0.000000000000000000e+00,2.347865675328777435e-01,-7.227713576080194713e-01
1.000000000000000000e+00,3.539050600917532652e-01,9.762657965957574069e-01,1.035872469519100725e-01,0.000000000000000000e+00,0.000000000000000000e+00,2.454337021357479998e-01,-8.476072638934537551e-01
1.000000000000000000e+00,3.513856979644045531e-01,9.197236638584650459e-01,2.078824939166848407e-01,0.000000000000000000e+00,0.000000000000000000e+00,2.397521065198219004e-01,-7.693885146934795749e-01
1.000000000000000000e+00,3.290532523837234602e-01,9.609263793178890456e-01,9.777965615360247886e-01,2.380335414019218998e-09,0.000000000000000000e+00,2.253709031155575193e-01,-6.379174498023663098e-01
9.325806093971537036e-01,3.506097057134948125e-01,9.847349501601940780e-01,3.182066104298816867e-04,9.659657776215417879e-01,0.000000000000000000e+00,3.309767608017090135e-01,-8.789032433972565617e-01
1.000000000000000000e+00,3.535077585520787213e-01,9.587939195399547421e-01,1.293741561620591340e-03,1.000000000000000000e+00,0.000000000000000000e+00,2.622433446680737523e-01,-8.592167555749243846e-01
9.999999353793770362e-01,3.535594523247381771e-01,9.452955210962502575e-01,3.056687907320275108e-03,8.035716134190513671e-01,0.000000000000000000e+00,2.598999408885376283e-01,-8.592167555749243846e-01
9.999999344387796585e-01,3.535469664187070871e-01,9.351258139892820731e-01,1.940624320105617528e-02,7.590769467262082904e-01,0.000000000000000000e+00,2.581173163664784442e-01,-8.592167555749243846e-01
9.999954695254233972e-01,4.158748902251692137e-01,9.941245471769705189e-01,9.039736026639696997e-04,0.000000000000000000e+00,0.000000000000000000e+00,2.570958660366557402e-01,-8.555793477372729550e-01
1.000000000000000000e+00,4.130211369783538533e-01,9.825650394345342153e-01,4.592818424376243769e-02,0.000000000000000000e+00,0.000000000000000000e+00,2.553245991505559420e-01,-8.555793477372729550e-01
9.923561819672424011e-01,3.962040346038038785e-01,9.996083130540449613e-01,5.729879753080319160e-02,0.000000000000000000e+00,0.000000000000000000e+00,2.536273493737505325e-01,-8.555793477372729550e-01
9.995589306064315283e-01,3.397679843116171439e-01,9.886989014619906868e-01,9.285014319710446773e-02,7.370217548037862256e-07,0.000000000000000000e+00,2.520042526502610514e-01,-8.555793477372729550e-01
1.000000000000000000e+00,3.546915001174245075e-01,9.858002022992411462e-01,1.022874769323503380e-01,1.155458404844868919e-01,0.000000000000000000e+00,2.505058427083114436e-01,-8.555793477372729550e-01
1.000000000000000000e+00,3.554826460405995925e-01,9.850944905540662822e-01,0.000000000000000000e+00,1.160723159658127749e-05,0.000000000000000000e+00,2.491266916524676744e-01,-8.555793477372729550e-01
9.945580936399273098e-01,3.620451869478425455e-01,1.000000000000000000e+00,9.450463092852454117e-02,0.000000000000000000e+00,0.000000000000000000e+00,2.477516984199153449e-01,-8.555793477372729550e-01
9.995655743131923732e-01,3.541932999210232191e-01,9.884769832109424614e-01,9.781356588794096196e-02,0.000000000000000000e+00,0.000000000000000000e+00,2.464885214787189416e-01,-8.555793477372729550e-01
1.000000000000000000e+00,3.541145430569596075e-01,9.789246363131381967e-01,1.035872469519100725e-01,1.260792808918939927e-08,0.000000000000000000e+00,2.456100005785796792e-01,-8.555793477372729550e-01
9.988787610145460905e-01,3.539085708042284395e-01,9.666358302383527557e-01,1.035869182737648719e-01,1.445775849420261050e-02,0.000000000000000000e+00,2.454444522274458751e-01,-8.476072638934537551e-01
9.999999999156731212e-01,3.534427709323558209e-01,9.659215904968783128e-01,1.038108934444444409e-01,0.000000000000000000e+00,0.000000000000000000e+00,2.447435416856225399e-01,-8.476072638934537551e-01
9.941140574466178492e-01,3.535439719313100970e-01,9.658063800029677015e-01,1.234080052118907839e-01,0.000000000000000000e+00,0.000000000000000000e+00,2.446809610415757175e-01,-8.439636902599016999e-01
1.000000000000000000e+00,3.535468557390547550e-01,9.659857551777520923e-01,1.233786637528881680e-01,0.000000000000000000e+00,0.000000000000000000e+00,2.442406972607111260e-01,-8.439636902599016999e-01
1.000000000000000000e+00,3.535468557390547550e-01,9.659881080677258369e-01,1.236104874346168059e-01,0.000000000000000000e+00,0.000000000000000000e+00,2.442349635589927959e-01,-8.369488546264728379e-01
9.998075636890388918e-01,3.539386150417920263e-01,9.659423203103542077e-01,1.403145409912572583e-01,0.000000000000000000e+00,0.000000000000000000e+00,2.438343969046481430e-01,-8.369488546264728379e-01
1.000000000000000000e+00,3.548167477606669062e-01,9.861506628452711976e-01,2.192371991076350335e-01,0.000000000000000000e+00,0.000000000000000000e+00,2.431694247576279000e-01,-8.206653896332989362e-01
9.999999999123931893e-01,3.521351832318503350e-01,9.351020090692724329e-01,1.035083768093177647e-01,0.000000000000000000e+00,0.000000000000000000e+00,2.428243841476339093e-01,-8.130839291880405106e-01
9.999945246345491867e-01,3.535450068884463115e-01,9.348461233024158989e-01,1.401667342345429834e-01,0.000000000000000000e+00,0.000000000000000000e+00,2.420480107611113485e-01,-8.025434079712773228e-01
9.998068714691293879e-01,3.557467690628683399e-01,9.502453049030078480e-01,1.976048084958015316e-01,0.000000000000000000e+00,0.000000000000000000e+00,2.418527421740515049e-01,-7.893527657364097783e-01
9.999998756859299620e-01,3.510961119661846208e-01,9.800816649534821456e-01,3.067115059839305435e-01,0.000000000000000000e+00,0.000000000000000000e+00,2.406671988180292820e-01,-7.887680782036218252e-01
1.000000000000000000e+00,3.519622133504399786e-01,9.197236638584650459e-01,2.077261752081949187e-01,0.000000000000000000e+00,0.000000000000000000e+00,2.398108868683911377e-01,-7.693885146934795749e-01
1.000000000000000000e+00,3.522772857877142227e-01,9.442051652252221317e-01,3.108143733030528377e-01,0.000000000000000000e+00,0.000000000000000000e+00,2.390206102273159106e-01,-7.660740637409055864e-01
1.000000000000000000e+00,3.429719682141085246e-01,9.600708252397578413e-01,4.104838948754698791e-01,2.530604084495557612e-02,0.000000000000000000e+00,2.380582711851383371e-01,-7.553291157490923391e-01
1.000000000000000000e+00,3.429194487635205402e-01,9.599553086049416040e-01,4.166844289538635948e-01,1.007738477534651885e-08,0.000000000000000000e+00,2.369557865663445007e-01,-7.553291157490923391e-01
1.000000000000000000e+00,3.433031196139240682e-01,9.599885725615210363e-01,4.184999405247478155e-01,9.055112573315355450e-11,0.000000000000000000e+00,2.369212081358414990e-01,-7.431634588220372706e-01
1.000000000000000000e+00,3.423146914516913553e-01,9.600520249709522114e-01,4.637263589818194087e-01,1.124380959831210381e-05,0.000000000000000000e+00,2.359375323087829768e-01,-7.431634588220372706e-01
9.999020921900797498e-01,3.399874417124751358e-01,9.347853309473271866e-01,4.387588444669427989e-01,1.495602394745668834e-04,0.000000000000000000e+00,2.352492282216693820e-01,-7.318858246768210618e-01
9.997957680698400518e-01,3.390934004415335767e-01,9.346726695232427939e-01,4.600340065935186740e-01,0.000000000000000000e+00,0.000000000000000000e+00,2.347963124348589337e-01,-7.227713576080194713e-01
9.999973123763404859e-01,3.433550138367110760e-01,9.979667405945438219e-01,6.402603191533702276e-01,1.790887204580392732e-06,0.000000000000000000e+00,2.341495562941489916e-01,-7.120704139366261787e-01
1.000000000000000000e+00,3.367051595666424868e-01,9.818695537743755697e-01,6.623834273361617342e-01,0.000000000000000000e+00,0.000000000000000000e+00,2.326815518617238732e-01,-7.120704139366261787e-01
1.000000000000000000e+00,3.373329815243472640e-01,9.642291675629276471e-01,6.621386636986051899e-01,0.000000000000000000e+00,0.000000000000000000e+00,2.319197083823554273e-01,-6.975205848849608259e-01
9.999973768849349520e-01,3.375828464175550381e-01,9.603819702742141251e-01,7.200302972500892684e-01,0.000000000000000000e+00,0.000000000000000000e+00,2.306839660123262137e-01,-6.921576344082185361e-01
9.999999729361811474e-01,3.307226948671236899e-01,9.662295935807035940e-01,7.967493599357080569e-01,0.000000000000000000e+00,0.000000000000000000e+00,2.292338788149185513e-01,-6.833329711473611345e-01
9.988747365228102248e-01,3.320732127578691628e-01,9.805164682582593327e-01,8.538433315648844557e-01,0.000000000000000000e+00,0.000000000000000000e+00,2.286846596267106957e-01,-6.601725814306247386e-01
1.000000000000000000e+00,3.374837693973697927e-01,9.841633392805519964e-01,1.000000000000000000e+00,7.418337107306700268e-07,0.000000000000000000e+00,2.267525175772292234e-01,-6.565491435534377418e-01
1.000000000000000000e+00,3.291273553789609840e-01,9.622687089937599358e-01,9.804693562057733569e-01,0.000000000000000000e+00,0.000000000000000000e+00,2.253720292879306253e-01,-6.379174498023663098e-01
9.988432807035406702e-01,3.294307758835036126e-01,9.092220250701434914e-01,9.765435621547013945e-01,2.238067703077496122e-05,0.000000000000000000e+00,2.237734247684869393e-01,-6.171131920593678766e-01
9.999993555870370088e-01,3.289089061800892777e-01,8.523931839196474680e-01,1.000000000000000000e+00,0.000000000000000000e+00,0.000000000000000000e+00,2.218540649584713476e-01,-5.940250711959546015e-01
9.999999300345168152e-01,3.188730856321606577e-01,7.455773682456827700e-01,9.325008097738409774e-01,2.645638364130410450e-08,0.000000000000000000e+00,2.197460043082176684e-01,-5.562521971714100566e-01
1.000000000000000000e+00,3.178745173340619123e-01,5.946073787284654744e-01,1.000000000000000000e+00,0.000000000000000000e+00,0.000000000000000000e+00,2.170386374945489361e-01,-4.914259576007637409e-01
1.000000000000000000e+00,1.910882814063369350e-01,9.830405388073926165e-01,0.000000000000000000e+00,9.479346601791129867e-01,0.000000000000000000e+00,5.348500898057493291e-01,-8.789032433972565617e-01
1.000000000000000000e+00,3.535716612434661732e-01,9.448870885900438887e-01,0.000000000000000000e+00,7.694146941404680362e-01,0.000000000000000000e+00,2.597695688072714781e-01,-8.592167555749243846e-01
9.999900914208269542e-01,3.534908622980075799e-01,9.354922162267316210e-01,2.221555974055061666e-02,7.773764934029530060e-01,0.000000000000000000e+00,2.581787350619940136e-01,-8.592167555749243846e-01
9.999999757067813411e-01,4.158748902251692137e-01,9.943964479614392227e-01,9.039736026639696997e-04,0.000000000000000000e+00,0.000000000000000000e+00,2.571096216734677919e-01,-8.555793477372729550e-01
1.000000000000000000e+00,3.374599552068923147e-01,1.000000000000000000e+00,1.008647859194857221e-01,7.199312732601628088e-07,0.000000000000000000e+00,2.552673548534359349e-01,-8.555793477372729550e-01
9.987955481518966394e-01,3.385815628842921976e-01,9.889188961586756754e-01,8.866106797826511787e-02,3.196247331345028822e-04,0.000000000000000000e+00,2.536320069112102393e-01,-8.555793477372729550e-01
1.000000000000000000e+00,3.396985642079926593e-01,9.937182445679776377e-01,1.031047100041173059e-01,0.000000000000000000e+00,0.000000000000000000e+00,2.520364189011720657e-01,-8.555793477372729550e-01
9.999942931923108125e-01,3.498620444350176717e-01,9.863316818819074516e-01,0.000000000000000000e+00,0.000000000000000000e+00,0.000000000000000000e+00,2.505284612272656308e-01,-8.555793477372729550e-01
1.000000000000000000e+00,3.550187263107018598e-01,9.850944905540662822e-01,0.000000000000000000e+00,1.132329780233050457e-05,0.000000000000000000e+00,2.491868454492220664e-01,-8.555793477372729550e-01
1.000000000000000000e+00,3.520978505498417177e-01,9.824964258679088625e-01,4.742501305419825897e-02,0.000000000000000000e+00,0.000000000000000000e+00,2.477877890253257498e-01,-8.555793477372729550e-01
9.999010836485738851e-01,3.546291060205943313e-01,9.859193763041246283e-01,1.029870976072354838e-01,5.050403202762461519e-03,0.000000000000000000e+00,2.463117742468877713e-01,-8.555793477372729550e-01
