7.064122530728654814e-01,5.085380852974809018e-01,1.000000000000000000e+00,1.288849301168407124e-02,1.814708797358842718e-01,3.333333333333333148e-01,2.919046966024033685e-01,-9.076210774254018787e-01
1.000000000000000000e+00,3.595767632384410106e-01,9.660551650114597155e-01,5.498739887911402446e-02,3.771152835676890719e-02,3.333333333333333148e-01,2.536934058866811559e-01,-8.873478600204930400e-01
9.999999299250527107e-01,3.643878983815648231e-01,9.659395655583888907e-01,7.046752037597020513e-02,1.638912398184866601e-06,3.333333333333333148e-01,2.514846233439280709e-01,-8.873478600204930400e-01
9.999998948376495056e-01,3.623399801235255291e-01,9.866018302424770514e-01,1.252585900197102364e-01,0.000000000000000000e+00,3.333333333333333148e-01,2.514450435846077858e-01,-8.646189843957161614e-01
9.999978571420565787e-01,3.589477614631811364e-01,9.722696905766224917e-01,1.217818114954345721e-01,1.246744939777243849e-02,3.333333333333333148e-01,2.511544317017351813e-01,-8.564989983914443883e-01
9.999883478295462647e-01,3.599673080340156650e-01,9.602904003421528500e-01,1.254664663610451925e-01,2.307188289925258441e-06,3.333333333333333148e-01,2.496455683819739646e-01,-8.457929497068070734e-01
9.999999999996893596e-01,3.600606643165570331e-01,9.637141047269540683e-01,1.661074700145186156e-01,2.083074095023853463e-06,3.333333333333333148e-01,2.488424895737713638e-01,-8.417895622697193492e-01
9.999837360576770973e-01,3.596487922060663256e-01,9.069943701914023881e-01,5.347517836790234569e-02,3.678601588851907001e-08,3.333333333333333148e-01,2.479818392077052791e-01,-8.377301781375314782e-01
9.999999999992531530e-01,3.614163239881595380e-01,9.424953340821410341e-01,1.678752650415863967e-01,2.924912503435860891e-11,3.333333333333333148e-01,2.476186889423264703e-01,-8.293514205974868991e-01
9.999978539895318930e-01,3.609977397127601684e-01,9.809097525092765890e-01,3.109758539487810225e-01,0.000000000000000000e+00,3.333333333333333148e-01,2.466202505418087221e-01,-8.254703382393270283e-01
1.000000000000000000e+00,3.552457561419879450e-01,9.697854541012264074e-01,3.055782286803728209e-01,1.290056111597707863e-09,3.333333333333333148e-01,2.457912303382401853e-01,-8.177244820231895917e-01
1.000000000000000000e+00,3.597538355077801731e-01,9.042777820579914749e-01,1.834665191203178891e-01,4.919944427491884653e-03,3.333333333333333148e-01,2.453594229430559603e-01,-8.109774560691530576e-01
9.969030305176542761e-01,3.487998357242804714e-01,8.608182944386791879e-01,2.179946589403189416e-01,7.861082674792453153e-07,3.333333333333333148e-01,2.418961016637271588e-01,-8.000129836917684312e-01
9.999999712999758650e-01,3.477030174488792147e-01,8.610518629583260308e-01,2.216763460772755712e-01,7.986829713878313048e-06,3.333333333333333148e-01,2.416562479811620312e-01,-7.799399932829831350e-01
1.000000000000000000e+00,3.416688496910420536e-01,8.796433605202750305e-01,3.158624726919093684e-01,9.800811656233098662e-03,3.333333333333333148e-01,2.414755598736835207e-01,-7.581582881828411447e-01
1.000000000000000000e+00,3.417579233793719973e-01,9.833079136383825469e-01,6.278151025976729249e-01,0.000000000000000000e+00,3.333333333333333148e-01,2.393862688992709209e-01,-7.527106912122994986e-01
9.999999397756026420e-01,3.446933686026203980e-01,9.665813808010541575e-01,7.826027227893380678e-01,0.000000000000000000e+00,3.333333333333333148e-01,2.354801365366037125e-01,-7.149139878278172322e-01
9.916447354882648169e-01,3.403567419123990079e-01,9.558560270623618349e-01,9.032324439655238235e-01,5.401643527379470199e-05,3.333333333333333148e-01,2.328221494262373570e-01,-6.860193632167016498e-01
9.999880879237277309e-01,3.313635213015680425e-01,9.076484168398035735e-01,9.620895863174163676e-01,0.000000000000000000e+00,3.333333333333333148e-01,2.292440275827917762e-01,-6.568801300367743679e-01
9.999999849543306230e-01,3.278623536090110036e-01,7.712297089295874208e-01,1.000000000000000000e+00,1.120661924169607821e-03,3.333333333333333148e-01,2.244963513504611430e-01,-5.937675254414734871e-01
9.999999998145392421e-01,3.597613233303776359e-01,1.000000000000000000e+00,5.591611877095943595e-02,0.000000000000000000e+00,3.333333333333333148e-01,2.550533109272415389e-01,-8.926073193274963735e-01
1.000000000000000000e+00,3.598320917851059453e-01,9.697658033109782805e-01,5.498739887911402446e-02,5.206427917962413998e-04,3.333333333333333148e-01,2.523939560031130402e-01,-8.873478600204930400e-01
9.993824670886966022e-01,3.589100943124695631e-01,9.659507809365468489e-01,1.216945104205054695e-01,1.655939997849696898e-06,3.333333333333333148e-01,2.502292971999463544e-01,-8.564989983914443883e-01
1.000000000000000000e+00,3.617071379588939206e-01,9.423139948466729976e-01,1.726341478355833403e-01,7.936202732062020560e-14,3.333333333333333148e-01,2.475314970538081139e-01,-8.293514205974868991e-01
1.000000000000000000e+00,3.598478647614490322e-01,8.771357487478564918e-01,2.125064917216823446e-01,0.000000000000000000e+00,3.333333333333333148e-01,2.434985336347463281e-01,-8.000129836917684312e-01
1.000000000000000000e+00,3.481755465592911158e-01,8.620263555269592759e-01,2.262386091018960266e-01,7.879716900046769795e-06,3.333333333333333148e-01,2.416044741580979371e-01,-7.799399932829831350e-01
1.000000000000000000e+00,3.415614542798516839e-01,9.593427864370567271e-01,6.500944021082923907e-01,4.748887612533276143e-08,3.333333333333333148e-01,2.376104206093068716e-01,-7.527106912122994986e-01
1.000000000000000000e+00,3.415511326895278033e-01,1.000000000000000000e+00,9.053633278299854092e-01,0.000000000000000000e+00,3.333333333333333148e-01,2.342669786653025499e-01,-6.860193632167016498e-01
1.000000000000000000e+00,3.278335878272727322e-01,8.590803912188678115e-01,1.000000000000000000e+00,1.146950184187597128e-03,3.333333333333333148e-01,2.269019194632953262e-01,-6.289567684026853289e-01
9.999999999996952438e-01,3.599971815124539121e-01,9.737879091572030354e-01,1.663685046506456211e-01,2.070679097765241981e-06,3.333333333333333148e-01,2.494861196541010018e-01,-8.417895622697193492e-01
1.000000000000000000e+00,3.386628587399089230e-01,9.446800910435086962e-01,6.442225067973804675e-01,3.749594393982564361e-08,3.333333333333333148e-01,2.371843759885540193e-01,-7.193693596422053860e-01
1.000000000000000000e+00,3.240373902736548573e-01,5.874291363152065459e-01,1.000000000000000000e+00,0.000000000000000000e+00,3.333333333333333148e-01,2.220319015919320904e-01,-5.211868572552512680e-01
1.000000000000000000e+00,3.481171991715321656e-01,8.623932557831268664e-01,3.160903304316352025e-01,0.000000000000000000e+00,3.333333333333333148e-01,2.398801693039099292e-01,-7.581582881828411447e-01
1.000000000000000000e+00,3.544026311805762997e-01,9.021611717589799184e-01,1.986909217873324973e-01,3.320158247077160301e-06,3.333333333333333148e-01,2.443748999809838285e-01,-8.109774560691530576e-01
1.000000000000000000e+00,3.309909255916712589e-01,9.632311378291658066e-01,9.979649076200997060e-01,2.083074095023853463e-06,3.333333333333333148e-01,2.308266549443359628e-01,-6.738995840334657261e-01
7.735513509699465384e-01,5.085380852974809018e-01,1.000000000000000000e+00,1.284820931103104052e-02,1.858420032691133761e-01,3.333333333333333148e-01,2.971265499672056665e-01,-9.076210774254018787e-01
9.993721911478623543e-01,3.596203704295856673e-01,9.999283667832994382e-01,5.823015778703238138e-02,8.663272988985084049e-07,3.333333333333333148e-01,2.550877387452836209e-01,-8.926073193274963735e-01
9.999999999999954481e-01,3.601786412795501824e-01,9.718329947343262720e-01,5.901340529256971640e-02,9.601615473571320156e-03,3.333333333333333148e-01,2.527944950131376101e-01,-8.873478600204930400e-01
1.000000000000000000e+00,3.596487922060663256e-01,9.660342583539925920e-01,7.070154609911298571e-02,3.638952593615383088e-08,3.333333333333333148e-01,2.516055066394563555e-01,-8.873478600204930400e-01
1.000000000000000000e+00,3.600871574029104738e-01,9.853679796881228414e-01,1.304471097960874515e-01,0.000000000000000000e+00,3.333333333333333148e-01,2.512869327858227586e-01,-8.646189843957161614e-01
9.999999973290967237e-01,3.597150436716277100e-01,9.723416159905873268e-01,1.222096143014836378e-01,1.291678506690062574e-02,3.333333333333333148e-01,2.511177874379582065e-01,-8.564989983914443883e-01
1.000000000000000000e+00,3.627642880557281346e-01,9.693310106800934189e-01,1.378031441856661654e-01,0.000000000000000000e+00,3.333333333333333148e-01,2.499677991669874699e-01,-8.564989983914443883e-01
1.000000000000000000e+00,3.590143249537796621e-01,9.591437096996028311e-01,1.217166385085212688e-01,0.000000000000000000e+00,3.333333333333333148e-01,2.496837648221111872e-01,-8.457929497068070734e-01
1.000000000000000000e+00,3.605306219766004072e-01,9.636322919050671620e-01,1.681040443459839440e-01,7.182919136688278687e-07,3.333333333333333148e-01,2.488003168136623533e-01,-8.417895622697193492e-01
9.999998927998389187e-01,3.594251224474298012e-01,9.075164715902835910e-01,5.222300515576628471e-02,2.149228392525528541e-12,3.333333333333333148e-01,2.480354018062114196e-01,-8.377301781375314782e-01
9.999999951585458735e-01,3.594536995090441001e-01,9.819712010694342519e-01,3.087439165968063337e-01,0.000000000000000000e+00,3.333333333333333148e-01,2.465914433462859656e-01,-8.254703382393270283e-01
1.000000000000000000e+00,3.553251343097966197e-01,9.080108672764709565e-01,1.250933281644246720e-01,0.000000000000000000e+00,3.333333333333333148e-01,2.463416936975518778e-01,-8.197941893518185807e-01
9.999999750988258773e-01,3.558384147907173167e-01,9.020206440622101640e-01,1.398464391589767652e-01,3.320158247077160301e-06,3.333333333333333148e-01,2.456638118051227004e-01,-8.109774560691530576e-01
1.000000000000000000e+00,3.481755465592911158e-01,9.020289275871924417e-01,2.008776735590412366e-01,3.405227001138370488e-06,3.333333333333333148e-01,2.445238439631159388e-01,-8.109774560691530576e-01
9.999999993343153815e-01,3.591648573589598104e-01,8.793385279777606867e-01,2.037757223198648493e-01,0.000000000000000000e+00,3.333333333333333148e-01,2.436366137673701138e-01,-8.000129836917684312e-01
1.000000000000000000e+00,3.482199753189814673e-01,8.617772799447502852e-01,2.176199857858331921e-01,0.000000000000000000e+00,3.333333333333333148e-01,2.417691258211282224e-01,-8.000129836917684312e-01
9.999927655372837787e-01,3.428055833222846682e-01,8.814431556464964457e-01,3.217654118467277446e-01,1.401929487737185731e-02,3.333333333333333148e-01,2.414242962447550600e-01,-7.581582881828411447e-01
1.000000000000000000e+00,3.415999634003381580e-01,8.608182944386791879e-01,3.216823128025667611e-01,7.509371554684155699e-06,3.333333333333333148e-01,2.398560687782301248e-01,-7.581582881828411447e-01
1.000000000000000000e+00,3.355481653010896625e-01,9.693274533833323714e-01,6.494313326057559177e-01,5.767705282552833014e-10,3.333333333333333148e-01,2.391215677466889122e-01,-7.527106912122994986e-01
1.000000000000000000e+00,3.415614542798516839e-01,9.594259369189104270e-01,6.411000892404450369e-01,1.146916653690038752e-05,3.333333333333333148e-01,2.378126022626668723e-01,-7.527106912122994986e-01
9.999999397761210052e-01,3.442285589449428085e-01,1.000000000000000000e+00,7.827110008401568786e-01,0.000000000000000000e+00,3.333333333333333148e-01,2.367858939754985403e-01,-7.149139878278172322e-01
9.999999405939884456e-01,3.446920329558784690e-01,9.673917151042533691e-01,7.805805580372608965e-01,0.000000000000000000e+00,3.333333333333333148e-01,2.355457603822881940e-01,-7.149139878278172322e-01
9.876301457347600454e-01,3.396845886690031402e-01,9.631955553659959923e-01,8.626465990162550668e-01,4.356002418707679059e-09,3.333333333333333148e-01,2.341406734106234733e-01,-6.860193632167016498e-01
9.999862948155342490e-01,3.311395782048530689e-01,9.574973521661379605e-01,8.943466949694314216e-01,0.000000000000000000e+00,3.333333333333333148e-01,2.329262235280217808e-01,-6.860193632167016498e-01
1.000000000000000000e+00,3.319700003458464499e-01,9.660342583539925920e-01,1.000000000000000000e+00,0.000000000000000000e+00,3.333333333333333148e-01,2.308338277616419354e-01,-6.738995840334657261e-01
1.000000000000000000e+00,3.316032792761614556e-01,9.129465499913028692e-01,1.000000000000000000e+00,6.465791706671273828e-03,3.333333333333333148e-01,2.289564510836597511e-01,-6.505800244938108046e-01
1.000000000000000000e+00,3.352575327342213196e-01,8.590793816860655685e-01,9.963809292008704022e-01,0.000000000000000000e+00,3.333333333333333148e-01,2.274712053182120219e-01,-6.289567684026853289e-01
1.000000000000000000e+00,3.276472525343636089e-01,7.682032734097329341e-01,9.953829932177434836e-01,5.331233288054639061e-07,3.333333333333333148e-01,2.244533754969262329e-01,-5.937675254414734871e-01
9.999999685324484355e-01,3.232640684377535156e-01,5.902452817854005884e-01,9.999800743540384618e-01,7.826916857310057288e-06,3.333333333333333148e-01,2.220412783655824618e-01,-5.211868572552512680e-01
9.999999827870748037e-01,3.526280799717484982e-01,9.999144187196582489e-01,0.000000000000000000e+00,5.830739164830429523e-06,3.333333333333333148e-01,2.608758232560889900e-01,-9.076210774254018787e-01
1.000000000000000000e+00,3.654500269154425385e-01,9.689598036625032274e-01,7.777499684078503783e-02,9.816984649669194263e-03,3.333333333333333148e-01,2.519221150233268980e-01,-8.873478600204930400e-01
9.999999286544165589e-01,3.588573373773414343e-01,9.659507809365468489e-01,7.078778914488435825e-02,1.646674189577246723e-06,3.333333333333333148e-01,2.516709888760294000e-01,-8.873478600204930400e-01
1.000000000000000000e+00,3.623399801235255291e-01,9.854046578687634117e-01,1.284888352381305943e-01,1.800534159733910559e-11,3.333333333333333148e-01,2.512719348750329651e-01,-8.646189843957161614e-01
9.999999741721330437e-01,3.614266026086104255e-01,9.700003543678202833e-01,1.388622487205977973e-01,0.000000000000000000e+00,3.333333333333333148e-01,2.499497015863857974e-01,-8.564989983914443883e-01
1.000000000000000000e+00,3.614163239881595380e-01,9.622044427791804910e-01,1.363957906749571070e-01,2.822160856577745248e-11,3.333333333333333148e-01,2.495068588094833950e-01,-8.457929497068070734e-01
9.999833381792573306e-01,3.596487922060663256e-01,9.074907380847794247e-01,5.216174579662485877e-02,2.205691551146783078e-12,3.333333333333333148e-01,2.480420718217741793e-01,-8.377301781375314782e-01
9.978538524137272603e-01,3.553366229585994129e-01,9.659937844095412007e-01,3.044264439032840497e-01,7.129817236972661658e-07,3.333333333333333148e-01,2.457435283544029681e-01,-8.177244820231895917e-01
1.000000000000000000e+00,3.599352291185889396e-01,8.866352983081832173e-01,2.077121320093724133e-01,0.000000000000000000e+00,3.333333333333333148e-01,2.439890373415729841e-01,-8.000129836917684312e-01
1.000000000000000000e+00,3.482139524131169228e-01,8.608182944386791879e-01,2.176199857858331921e-01,8.082348326845487817e-06,3.333333333333333148e-01,2.417194450457884614e-01,-8.000129836917684312e-01
1.000000000000000000e+00,3.423953522266153793e-01,8.607595782975930865e-01,3.206956375680680704e-01,7.497574333725711542e-06,3.333333333333333148e-01,2.397915493655023988e-01,-7.581582881828411447e-01
9.999999778970074527e-01,3.564531520817071364e-01,9.675777159218089674e-01,6.388187773628398736e-01,1.053371552185266351e-05,3.333333333333333148e-01,2.396345811700563988e-01,-7.527106912122994986e-01
9.999999406771351573e-01,3.304752500711489738e-01,9.690493617210718114e-01,7.843156017310560779e-01,0.000000000000000000e+00,3.333333333333333148e-01,2.367815787022569396e-01,-7.149139878278172322e-01
9.999999433473357735e-01,3.446622075759840365e-01,9.665888653052632229e-01,7.778237202895101898e-01,0.000000000000000000e+00,3.333333333333333148e-01,2.355608372632784497e-01,-7.149139878278172322e-01
1.000000000000000000e+00,3.355457151197100418e-01,9.688572285891706715e-01,8.280681864568396611e-01,7.471621600226528128e-07,3.333333333333333148e-01,2.344854380681540285e-01,-7.043358960639691801e-01
9.999999848705896088e-01,3.403335611570400543e-01,9.644778963237623515e-01,8.961687142114070914e-01,1.081449186937240379e-03,3.333333333333333148e-01,2.330117455224026690e-01,-6.860193632167016498e-01
1.000000000000000000e+00,3.315527913480454947e-01,9.637519159949136105e-01,9.957661987456313257e-01,0.000000000000000000e+00,3.333333333333333148e-01,2.308513747312175290e-01,-6.738995840334657261e-01
9.999879957978587974e-01,3.273176828859795662e-01,9.102557711036682875e-01,9.953140595718796835e-01,6.804166073785729860e-07,3.333333333333333148e-01,2.289295007243712377e-01,-6.505800244938108046e-01
1.000000000000000000e+00,3.243543259433651071e-01,8.693072775595993562e-01,1.000000000000000000e+00,0.000000000000000000e+00,3.333333333333333148e-01,2.275609906461141807e-01,-6.289567684026853289e-01
1.000000000000000000e+00,3.232762569182566770e-01,8.191750961154964372e-01,9.986985352825944462e-01,7.776350169773878701e-06,3.333333333333333148e-01,2.259061879213166146e-01,-6.103581976516416763e-01
9.999999300260832280e-01,3.228139771424364812e-01,5.888811930905449854e-01,9.622254424198410927e-01,1.624068990146670742e-06,3.333333333333333148e-01,2.225744751226934326e-01,-5.211868572552512680e-01
1.000000000000000000e+00,3.365600873671739102e-01,1.000000000000000000e+00,9.925645284767858900e-03,1.366619244235431352e-01,3.333333333333333148e-01,2.990766493815704141e-01,-9.076210774254018787e-01
9.948245514478761820e-01,3.604918459722672441e-01,9.659719839232530081e-01,4.501402695374356888e-02,7.123081923458435621e-07,3.333333333333333148e-01,2.529249498106637128e-01,-8.873478600204930400e-01
1.000000000000000000e+00,3.690512751694667304e-01,9.698701898443218283e-01,8.418440227322160352e-02,0.000000000000000000e+00,3.333333333333333148e-01,2.516915309500216136e-01,-8.873478600204930400e-01
1.000000000000000000e+00,3.617071379588939206e-01,9.854092839852464092e-01,1.305812462149971154e-01,1.825687290316677171e-11,3.333333333333333148e-01,2.512234441245063676e-01,-8.646189843957161614e-01
9.999999973200383030e-01,3.597498514602646136e-01,9.723416159905873268e-01,1.250243430783308518e-01,1.278736766378585354e-02,3.333333333333333148e-01,2.510308832846139815e-01,-8.564989983914443883e-01
1.000000000000000000e+00,3.552000877547226154e-01,9.092357845097167601e-01,5.637825794381991218e-02,1.290056111597707863e-09,3.333333333333333148e-01,2.481415597613567947e-01,-8.377301781375314782e-01
9.978917109114910922e-01,3.551815793576096336e-01,9.007722718804046513e-01,2.166953227642759439e-01,8.283131530470087796e-07,3.333333333333333148e-01,2.440782689035838615e-01,-8.000129836917684312e-01
9.999999770966717660e-01,3.563504787454069289e-01,9.674009171191433332e-01,6.361756690414686055e-01,1.083061988485755207e-05,3.333333333333333148e-01,2.396506379448580248e-01,-7.527106912122994986e-01
9.999999376810158047e-01,3.424140283961826792e-01,9.751807209207999927e-01,7.527347829552178959e-01,0.000000000000000000e+00,3.333333333333333148e-01,2.362145860998447477e-01,-7.149139878278172322e-01
9.999999974711256678e-01,3.403624862374260429e-01,9.866238548920084339e-01,8.174058803145919372e-01,0.000000000000000000e+00,3.333333333333333148e-01,2.353719996924092395e-01,-7.043358960639691801e-01
9.999999414607906312e-01,3.316792505580083983e-01,9.854422261091143609e-01,9.680017945720414962e-01,1.811324721754006418e-11,3.333333333333333148e-01,2.325185384193715621e-01,-6.738995840334657261e-01
1.000000000000000000e+00,3.309982629133507714e-01,9.628296037035573018e-01,1.000000000000000000e+00,2.083074095023853463e-06,3.333333333333333148e-01,2.307626044293038525e-01,-6.738995840334657261e-01
1.000000000000000000e+00,3.325342448175729326e-01,8.995876333491735766e-01,9.878021570799535578e-01,0.000000000000000000e+00,3.333333333333333148e-01,2.285102693215985137e-01,-6.505800244938108046e-01
1.000000000000000000e+00,3.321219000762355988e-01,8.358005428877898213e-01,9.765854228379463597e-01,8.942645499090574467e-05,3.333333333333333148e-01,2.267744209980708248e-01,-6.156478301060984704e-01
9.999999680304165750e-01,3.232762569182566770e-01,8.191750961154964372e-01,9.986775894056696412e-01,7.817827175316559012e-06,3.333333333333333148e-01,2.259066206554138923e-01,-6.103581976516416763e-01
