8.528492072322533257e-01,3.891840066676945931e-01,9.998920574854079923e-01,5.569185495959028120e-03,8.824581803870265584e-02,3.333333333333333148e-01,3.357398332785507811e-01,-9.076210774254018787e-01
9.999999399162525782e-01,3.552422527882124204e-01,9.799995535180298090e-01,5.929414972522005500e-02,2.646333121254336663e-08,3.333333333333333148e-01,2.540837725263609959e-01,-8.926073193274963735e-01
9.999229713719851587e-01,3.580137323070166078e-01,9.748497081627016669e-01,5.758418446465621982e-02,6.362310699680943770e-07,3.333333333333333148e-01,2.529904533304102587e-01,-8.873478600204930400e-01
1.000000000000000000e+00,3.601491553274413504e-01,9.735156808039415743e-01,1.182368597615062189e-01,2.365799827676236142e-06,3.333333333333333148e-01,2.507587866389793807e-01,-8.564989983914443883e-01
9.999315185462700484e-01,3.580044091889846847e-01,9.623939093462395844e-01,1.749239347002882194e-01,0.000000000000000000e+00,3.333333333333333148e-01,2.485361434424430693e-01,-8.417895622697193492e-01
9.999291472966304051e-01,3.579388572336773544e-01,9.110794180649345320e-01,5.732202678397719381e-02,6.838444553941365922e-05,3.333333333333333148e-01,2.481365750770093137e-01,-8.377301781375314782e-01
9.999999181959904337e-01,3.622239457354045622e-01,9.422999546634734935e-01,1.472141721844596185e-01,2.314570319784901650e-06,3.333333333333333148e-01,2.481123211959060937e-01,-8.293514205974868991e-01
9.999999997757168524e-01,3.683855779670470176e-01,9.820177000990606420e-01,3.079127656664685242e-01,0.000000000000000000e+00,3.333333333333333148e-01,2.477099484727735557e-01,-8.254703382393270283e-01
9.999999973005614384e-01,3.603583480557369656e-01,9.612156343170931150e-01,2.922358941637974716e-01,0.000000000000000000e+00,3.333333333333333148e-01,2.459430873576111121e-01,-8.177244820231895917e-01
1.000000000000000000e+00,3.501391690778239418e-01,9.003513859086126336e-01,2.025819781326122226e-01,2.370574596242885401e-06,3.333333333333333148e-01,2.442060545664659632e-01,-8.109774560691530576e-01
9.999999999915277771e-01,3.514235867430643423e-01,8.719623703550680727e-01,2.036863281265662295e-01,0.000000000000000000e+00,3.333333333333333148e-01,2.426043175764709126e-01,-8.000129836917684312e-01
9.999999997731733314e-01,3.503085880432427190e-01,8.683286991422239920e-01,3.175093597643001142e-01,0.000000000000000000e+00,3.333333333333333148e-01,2.402599681907612306e-01,-7.581582881828411447e-01
9.999999524213062374e-01,3.563698902175472250e-01,9.612197808116453857e-01,6.577551014237120741e-01,0.000000000000000000e+00,3.333333333333333148e-01,2.391207868921712554e-01,-7.527106912122994986e-01
1.000000000000000000e+00,3.467284897550294009e-01,9.429174002032542079e-01,6.210845604297727807e-01,2.547962257887426878e-06,3.333333333333333148e-01,2.376297408911405562e-01,-7.298959946562580958e-01
9.999999973874781345e-01,3.496900407953588141e-01,9.970609988026652992e-01,7.791314846232764157e-01,0.000000000000000000e+00,3.333333333333333148e-01,2.372975121201104931e-01,-7.149139878278172322e-01
1.000000000000000000e+00,3.355457211543076967e-01,9.670872478037638720e-01,7.784687724100596284e-01,0.000000000000000000e+00,3.333333333333333148e-01,2.355563792870140338e-01,-7.149139878278172322e-01
1.000000000000000000e+00,3.407272227126013076e-01,9.672352501913865641e-01,8.236727150048326340e-01,0.000000000000000000e+00,3.333333333333333148e-01,2.344340433719412364e-01,-7.043358960639691801e-01
9.999999429451612576e-01,3.335526661655510705e-01,9.591275581945050144e-01,8.568319021215928810e-01,9.113843412665476330e-11,3.333333333333333148e-01,2.335481033603402368e-01,-6.860193632167016498e-01
9.999975560799001517e-01,3.465109656342220679e-01,9.687983337960214270e-01,9.994374699503608683e-01,2.336190402119889771e-06,3.333333333333333148e-01,2.324131460212846834e-01,-6.738995840334657261e-01
1.000000000000000000e+00,3.291144504711835395e-01,9.566668774904030226e-01,9.972247133227696292e-01,0.000000000000000000e+00,3.333333333333333148e-01,2.307613310306916299e-01,-6.738995840334657261e-01
9.923129349619462802e-01,3.328371566016898875e-01,9.032195037268377913e-01,9.671873793930767516e-01,0.000000000000000000e+00,3.333333333333333148e-01,2.293689322495276461e-01,-6.568801300367743679e-01
1.000000000000000000e+00,3.290495460462422583e-01,7.859077489889622070e-01,9.972724366712247823e-01,4.689302740094874495e-07,3.333333333333333148e-01,2.249245801978839443e-01,-6.031536983985114064e-01
1.000000000000000000e+00,3.292344605507668276e-01,6.954940243210041562e-01,1.000000000000000000e+00,4.698471958767000953e-07,3.333333333333333148e-01,2.232643833660875321e-01,-5.627093787687059701e-01
1.000000000000000000e+00,3.617475016853695657e-01,9.680525127349390857e-01,9.985376847295933389e-02,2.345174611431901173e-06,3.333333333333333148e-01,2.508361376095918915e-01,-8.873478600204930400e-01
1.000000000000000000e+00,3.617451262091904707e-01,9.650052925232571743e-01,1.473889740301810303e-01,2.290310821677487536e-06,3.333333333333333148e-01,2.494254516101687136e-01,-8.417895622697193492e-01
9.999998349920622420e-01,3.557982431460059436e-01,9.849994674140097883e-01,3.039981589253379912e-01,0.000000000000000000e+00,3.333333333333333148e-01,2.467387074387227541e-01,-8.254703382393270283e-01
1.000000000000000000e+00,3.558933491998572118e-01,9.612196534632363454e-01,3.132770317817372696e-01,1.424387841965182898e-05,3.333333333333333148e-01,2.451608347927516918e-01,-8.177244820231895917e-01
1.000000000000000000e+00,3.496603223092799029e-01,8.599950388678144764e-01,2.153615547572204081e-01,0.000000000000000000e+00,3.333333333333333148e-01,2.417290927008254597e-01,-8.000129836917684312e-01
1.000000000000000000e+00,3.501500918890650405e-01,8.599950388678144764e-01,2.187234894566589261e-01,2.322340063718325383e-06,3.333333333333333148e-01,2.416772013034444999e-01,-7.799399932829831350e-01
1.000000000000000000e+00,3.577161766412040311e-01,8.663800080499758360e-01,3.171025041595010863e-01,0.000000000000000000e+00,3.333333333333333148e-01,2.411646181958189417e-01,-7.581582881828411447e-01
1.000000000000000000e+00,3.468807378493256599e-01,9.670864934344443054e-01,6.400966697954512119e-01,0.000000000000000000e+00,3.333333333333333148e-01,2.382904333728710078e-01,-7.527106912122994986e-01
1.000000000000000000e+00,3.467528609010083751e-01,9.423665664386529084e-01,6.261809575947016038e-01,7.473475338066015001e-07,3.333333333333333148e-01,2.375186364130841832e-01,-7.193693596422053860e-01
9.999976601832208933e-01,3.342018215188299335e-01,9.560775779640812155e-01,8.840951522773181637e-01,1.751336181101155137e-06,3.333333333333333148e-01,2.327369557518228771e-01,-6.860193632167016498e-01
1.000000000000000000e+00,3.280033637136414160e-01,9.414788150153750035e-01,1.000000000000000000e+00,5.598055275651619370e-05,3.333333333333333148e-01,2.301405511099763601e-01,-6.609354831168607891e-01
1.000000000000000000e+00,3.286467850017345538e-01,8.742311511654947687e-01,1.000000000000000000e+00,6.449815875123728547e-05,3.333333333333333148e-01,2.273578335255565519e-01,-6.289567684026853289e-01
9.997413022817026595e-01,3.523440085099305286e-01,9.963825887600729070e-01,5.408674774308191990e-02,0.000000000000000000e+00,3.333333333333333148e-01,2.575798956726163547e-01,-8.926073193274963735e-01
1.000000000000000000e+00,3.602377437620729594e-01,9.683080469058399364e-01,1.360077596091470720e-01,0.000000000000000000e+00,3.333333333333333148e-01,2.499085313767691885e-01,-8.564989983914443883e-01
1.000000000000000000e+00,3.559589413060762486e-01,9.611781727144448340e-01,2.640296462531191990e-01,0.000000000000000000e+00,3.333333333333333148e-01,2.462714699489217951e-01,-8.208218275985239565e-01
1.000000000000000000e+00,3.586148267643388121e-01,8.757961222523774625e-01,2.031344452423209379e-01,0.000000000000000000e+00,3.333333333333333148e-01,2.434224443320868181e-01,-8.000129836917684312e-01
1.000000000000000000e+00,3.344108726570959589e-01,9.027944302910088092e-01,1.000000000000000000e+00,3.953031553835582509e-03,3.333333333333333148e-01,2.286802489919597392e-01,-6.505800244938108046e-01
9.999999813166172702e-01,3.240948565932013081e-01,5.866752244432373864e-01,1.000000000000000000e+00,4.321034322432784638e-09,3.333333333333333148e-01,2.220322170949370622e-01,-5.211868572552512680e-01
1.000000000000000000e+00,3.602627656540830503e-01,9.627550189528273350e-01,1.219212901142883165e-01,0.000000000000000000e+00,3.333333333333333148e-01,2.499009725838879370e-01,-8.457929497068070734e-01
1.000000000000000000e+00,3.604653429305558765e-01,9.008933706761631521e-01,2.025819781326122226e-01,1.713637064954789870e-05,3.333333333333333148e-01,2.447753827623166401e-01,-8.109774560691530576e-01
1.000000000000000000e+00,3.580061737324111704e-01,9.611386941813265805e-01,6.226638506013293384e-01,0.000000000000000000e+00,3.333333333333333148e-01,2.399531373462462092e-01,-7.527106912122994986e-01
1.000000000000000000e+00,3.288170623631409550e-01,9.684151788881483203e-01,1.000000000000000000e+00,4.974688085044169454e-07,3.333333333333333148e-01,2.313392286676349552e-01,-6.738995840334657261e-01
9.999999767530587391e-01,3.574426894225520290e-01,9.423665664386529084e-01,1.481407908044015953e-01,6.911060283639898472e-07,3.333333333333333148e-01,2.479147005827369576e-01,-8.293514205974868991e-01
9.999973647848625635e-01,3.467607734387027074e-01,9.670584415308098869e-01,7.450567036538070509e-01,0.000000000000000000e+00,3.333333333333333148e-01,2.363849222672938510e-01,-7.149139878278172322e-01
1.000000000000000000e+00,3.291103738882682483e-01,8.253435482312636573e-01,1.000000000000000000e+00,0.000000000000000000e+00,3.333333333333333148e-01,2.258699683223978072e-01,-6.103581976516416763e-01
9.680234639440292721e-01,5.621884998306185821e-01,9.975049047186708151e-01,0.000000000000000000e+00,2.330080588573202327e-02,3.333333333333333148e-01,2.750669544486316620e-01,-9.076210774254018787e-01
1.000000000000000000e+00,3.551427298102985408e-01,9.797711569735899628e-01,5.853641062827295849e-02,2.525256733387062137e-08,3.333333333333333148e-01,2.541218222922194125e-01,-8.926073193274963735e-01
1.000000000000000000e+00,3.559937731769632352e-01,9.669794101019385524e-01,4.632788013360788354e-02,3.895390978428866013e-07,3.333333333333333148e-01,2.530793112309774884e-01,-8.873478600204930400e-01
1.000000000000000000e+00,3.615426300526897174e-01,9.671109571674586514e-01,9.471934446776494876e-02,0.000000000000000000e+00,3.333333333333333148e-01,2.509105340853381438e-01,-8.873478600204930400e-01
1.000000000000000000e+00,3.555925673129454179e-01,9.770851989062517839e-01,1.395866532538164728e-01,0.000000000000000000e+00,3.333333333333333148e-01,2.508320542860433267e-01,-8.564989983914443883e-01
1.000000000000000000e+00,3.601975663135557060e-01,9.684151788881483203e-01,1.360077596091470720e-01,0.000000000000000000e+00,3.333333333333333148e-01,2.499162551814984035e-01,-8.564989983914443883e-01
1.000000000000000000e+00,3.602339501651880549e-01,9.643592166005792166e-01,1.350404408310250659e-01,0.000000000000000000e+00,3.333333333333333148e-01,2.496677784373954045e-01,-8.457929497068070734e-01
1.000000000000000000e+00,3.622212323287765656e-01,9.670551274859729984e-01,1.523949119988938783e-01,0.000000000000000000e+00,3.333333333333333148e-01,2.494507836115438526e-01,-8.417895622697193492e-01
9.999335413890462210e-01,3.601430987308344434e-01,9.620817016774494412e-01,1.712105332715439798e-01,6.801060478764210725e-05,3.333333333333333148e-01,2.486255807110904492e-01,-8.417895622697193492e-01
1.000000000000000000e+00,3.580546274996420086e-01,9.118971601865734078e-01,5.732202678397719381e-02,3.226126787232946967e-08,3.333333333333333148e-01,2.481805424782934089e-01,-8.377301781375314782e-01
9.999999767530587391e-01,3.574240781781962140e-01,9.423555286948206433e-01,1.416041514005962343e-01,2.219934344684028003e-06,3.333333333333333148e-01,2.480771129705078848e-01,-8.293514205974868991e-01
9.999975415460226058e-01,3.574426894225520290e-01,9.423774554196757691e-01,1.481407908044015953e-01,2.298033141406908384e-06,3.333333333333333148e-01,2.479156450041599402e-01,-8.293514205974868991e-01
1.000000000000000000e+00,3.682264054873065628e-01,9.817811656205506221e-01,3.074544166000060530e-01,0.000000000000000000e+00,3.333333333333333148e-01,2.476823376315612224e-01,-8.254703382393270283e-01
9.999991368094630628e-01,3.580138727366894424e-01,9.858043840603878394e-01,3.045059844668306925e-01,0.000000000000000000e+00,3.333333333333333148e-01,2.468167633152434648e-01,-8.254703382393270283e-01
9.999999530159074945e-01,3.587693043557262929e-01,9.658237711183187413e-01,2.724469841972378403e-01,0.000000000000000000e+00,3.333333333333333148e-01,2.464586727346880501e-01,-8.208218275985239565e-01
1.000000000000000000e+00,3.465975382276940686e-01,9.612197808116453857e-01,3.077716069023789247e-01,0.000000000000000000e+00,3.333333333333333148e-01,2.459558380379965048e-01,-8.177244820231895917e-01
1.000000000000000000e+00,3.558248939954398171e-01,9.611780961881013496e-01,3.117252257079378142e-01,1.454871791411146161e-05,3.333333333333333148e-01,2.451892249774930976e-01,-8.177244820231895917e-01
1.000000000000000000e+00,3.603976962071878676e-01,9.011022447619302378e-01,2.025994712022565758e-01,0.000000000000000000e+00,3.333333333333333148e-01,2.447753044327743710e-01,-8.109774560691530576e-01
9.999335035752258127e-01,3.584258265611126593e-01,8.770767890195660943e-01,2.081639323700281430e-01,1.703921028921165978e-05,3.333333333333333148e-01,2.433714172936884967e-01,-8.000129836917684312e-01
9.999317464350229168e-01,3.473211485171972535e-01,8.712117644321909493e-01,2.123366636309064748e-01,7.731607861566167246e-07,3.333333333333333148e-01,2.424387511099330705e-01,-8.000129836917684312e-01
9.999999940521164810e-01,3.502892846176381969e-01,8.606277919027854884e-01,2.146980142090287313e-01,2.306129815637657502e-06,3.333333333333333148e-01,2.417900949433811619e-01,-8.000129836917684312e-01
9.999291426893244239e-01,3.478274274614639450e-01,8.609058719386858405e-01,2.232984356382874125e-01,4.723668462088852411e-07,3.333333333333333148e-01,2.416162143678037832e-01,-7.799399932829831350e-01
9.999981337368127887e-01,3.577611201824766884e-01,8.678316295777875888e-01,3.198699307618887988e-01,0.000000000000000000e+00,3.333333333333333148e-01,2.411838904029084962e-01,-7.581582881828411447e-01
1.000000000000000000e+00,3.504254057228090025e-01,8.601035217105117425e-01,3.148744008744563949e-01,2.322340063718325383e-06,3.333333333333333148e-01,2.399723880728464043e-01,-7.581582881828411447e-01
1.000000000000000000e+00,3.580136381330008555e-01,9.656801450486236504e-01,6.335842138053384698e-01,2.210500793137553564e-07,3.333333333333333148e-01,2.399411483523551381e-01,-7.527106912122994986e-01
1.000000000000000000e+00,3.341950931680843784e-01,9.670872869985338571e-01,6.569315831097255476e-01,1.643438351799226518e-08,3.333333333333333148e-01,2.391758352187061398e-01,-7.527106912122994986e-01
9.999999527949955391e-01,3.463374355741544730e-01,9.648038497825013327e-01,6.364526286996592397e-01,0.000000000000000000e+00,3.333333333333333148e-01,2.382256483025038118e-01,-7.527106912122994986e-01
9.999999973483714166e-01,3.466607848590798624e-01,1.000000000000000000e+00,7.739590797937968558e-01,0.000000000000000000e+00,3.333333333333333148e-01,2.371362007156468665e-01,-7.149139878278172322e-01
1.000000000000000000e+00,3.459009266726995047e-01,9.822326897611014518e-01,7.880260537422444367e-01,0.000000000000000000e+00,3.333333333333333148e-01,2.361067101706665894e-01,-7.149139878278172322e-01
1.000000000000000000e+00,3.406228179108852228e-01,9.670325474267740251e-01,7.719840257041753473e-01,2.341813817610250663e-09,3.333333333333333148e-01,2.354273817445824146e-01,-7.149139878278172322e-01
1.000000000000000000e+00,3.407074714218056855e-01,9.687327103979606058e-01,8.341832804672235646e-01,3.797430179594906722e-13,3.333333333333333148e-01,2.342949932750368336e-01,-7.043358960639691801e-01
9.999999415612366160e-01,3.327483863108283701e-01,9.561630063463781859e-01,8.553554484790040213e-01,4.091745670040943460e-08,3.333333333333333148e-01,2.335368798183161398e-01,-6.860193632167016498e-01
1.000000000000000000e+00,3.424465564722975475e-01,9.610722179333532900e-01,9.086225121304203345e-01,1.735298889732502367e-07,3.333333333333333148e-01,2.328792333323222996e-01,-6.860193632167016498e-01
1.000000000000000000e+00,3.457676286388765008e-01,9.687983337960214270e-01,9.912916205428886629e-01,6.693558010819961455e-08,3.333333333333333148e-01,2.323854481716446929e-01,-6.738995840334657261e-01
1.000000000000000000e+00,3.270537523666905422e-01,9.701679248721073456e-01,9.982597274804876353e-01,0.000000000000000000e+00,3.333333333333333148e-01,2.318995069156988276e-01,-6.738995840334657261e-01
1.000000000000000000e+00,3.356443698034898837e-01,9.660390409208062801e-01,9.999467068430716310e-01,0.000000000000000000e+00,3.333333333333333148e-01,2.308150661409676674e-01,-6.738995840334657261e-01
1.000000000000000000e+00,3.331620867949961484e-01,9.499037797912956993e-01,9.847461519871353319e-01,0.000000000000000000e+00,3.333333333333333148e-01,2.304258498809112765e-01,-6.609354831168607891e-01
9.923610537904327122e-01,3.316030116054102250e-01,9.024501328839147352e-01,9.684298286644291709e-01,0.000000000000000000e+00,3.333333333333333148e-01,2.293544543695489879e-01,-6.568801300367743679e-01
1.000000000000000000e+00,3.331579070193276260e-01,9.054326447637801589e-01,9.998452893000229214e-01,4.152909542591690963e-03,3.333333333333333148e-01,2.286751407268145520e-01,-6.505800244938108046e-01
1.000000000000000000e+00,3.296159897740940647e-01,8.719865910172229784e-01,1.000000000000000000e+00,6.066839965664974339e-05,3.333333333333333148e-01,2.272824695541484918e-01,-6.289567684026853289e-01
1.000000000000000000e+00,3.292383053448971753e-01,8.254644853277363081e-01,1.000000000000000000e+00,0.000000000000000000e+00,3.333333333333333148e-01,2.258804171180031073e-01,-6.103581976516416763e-01
9.999534172182934499e-01,3.266226999978647516e-01,7.882249678090974543e-01,9.924461961985352465e-01,4.593387654752438253e-07,3.333333333333333148e-01,2.249344234014168942e-01,-6.031536983985114064e-01
9.999999984158169930e-01,3.239089992292395470e-01,5.892013064945824663e-01,9.279896381993645305e-01,2.953835267211533477e-06,3.333333333333333148e-01,2.229907779712655136e-01,-5.211868572552512680e-01
9.999999984641485540e-01,3.239642263866527871e-01,5.866752244432373864e-01,1.000000000000000000e+00,4.619159616585231138e-08,3.333333333333333148e-01,2.220322205229290080e-01,-5.211868572552512680e-01
9.997431109807771721e-01,3.526306606452081494e-01,9.975774265665815488e-01,0.000000000000000000e+00,0.000000000000000000e+00,3.333333333333333148e-01,2.605969700732633787e-01,-9.076210774254018787e-01
1.000000000000000000e+00,3.798796528714391552e-01,9.775344684244460236e-01,5.460200409273580080e-02,0.000000000000000000e+00,3.333333333333333148e-01,2.541493200518382678e-01,-8.926073193274963735e-01
1.000000000000000000e+00,3.559937731769632352e-01,9.669847466626921850e-01,4.632788013360788354e-02,3.895390978428866013e-07,3.333333333333333148e-01,2.530798218603286798e-01,-8.873478600204930400e-01
9.974465318326548591e-01,3.616902782476018041e-01,9.662240991510853139e-01,9.982750057064376792e-02,0.000000000000000000e+00,3.333333333333333148e-01,2.509265883232180139e-01,-8.873478600204930400e-01
1.000000000000000000e+00,3.616902782476018041e-01,9.663692040482284584e-01,1.026150725881427306e-01,0.000000000000000000e+00,3.333333333333333148e-01,2.506465014085745846e-01,-8.564989983914443883e-01
1.000000000000000000e+00,3.602140365329029592e-01,9.683080469058399364e-01,1.357120918388822484e-01,0.000000000000000000e+00,3.333333333333333148e-01,2.499165721972196053e-01,-8.564989983914443883e-01
1.000000000000000000e+00,3.584834920001882530e-01,9.609098686858436045e-01,1.294665947254063365e-01,1.735775209506486349e-07,3.333333333333333148e-01,2.496168326649259028e-01,-8.457929497068070734e-01
1.000000000000000000e+00,3.583615041492953512e-01,9.642846486143453744e-01,1.457572147226041670e-01,0.000000000000000000e+00,3.333333333333333148e-01,2.494159840229164538e-01,-8.417895622697193492e-01
