5.892876996495943764e-01,6.599256766350808379e-01,9.770808450226089459e-01,0.000000000000000000e+00,1.129895002462272674e-01,3.333333333333333148e-01,3.282706471321114039e-01,-9.076210774254018787e-01
1.000000000000000000e+00,3.474560951349286442e-01,9.789149519989326365e-01,1.374057018979640832e-02,0.000000000000000000e+00,3.333333333333333148e-01,2.609635816882250325e-01,-8.926073193274963735e-01
1.000000000000000000e+00,3.591874649688468479e-01,9.805084517398288124e-01,3.278514691932034320e-02,6.541468623481202347e-07,3.333333333333333148e-01,2.541591861091719862e-01,-8.926073193274963735e-01
9.999999998426688519e-01,3.610625251889965637e-01,9.710091515032912568e-01,6.035524662713463023e-02,8.370516484693803910e-03,3.333333333333333148e-01,2.525545296561279018e-01,-8.873478600204930400e-01
1.000000000000000000e+00,3.622480127922765858e-01,9.669357622795582419e-01,1.007522957011663944e-01,0.000000000000000000e+00,3.333333333333333148e-01,2.507347540663584229e-01,-8.873478600204930400e-01
9.999999999915129001e-01,3.616153944494410188e-01,9.796660931046560217e-01,1.387621316531556515e-01,0.000000000000000000e+00,3.333333333333333148e-01,2.506014706057660413e-01,-8.564989983914443883e-01
1.000000000000000000e+00,3.614852738292573808e-01,9.634010710193317006e-01,1.415808112296396692e-01,0.000000000000000000e+00,3.333333333333333148e-01,2.494575513647391274e-01,-8.417895622697193492e-01
1.000000000000000000e+00,3.659935436251989804e-01,9.074514386602371419e-01,5.769787231147606443e-02,0.000000000000000000e+00,3.333333333333333148e-01,2.484185443984196218e-01,-8.377301781375314782e-01
1.000000000000000000e+00,3.616183432894802263e-01,9.818158739377031985e-01,2.771383854755385401e-01,0.000000000000000000e+00,3.333333333333333148e-01,2.474372955473657931e-01,-8.254703382393270283e-01
1.000000000000000000e+00,3.581503192488997289e-01,9.074949815821589105e-01,1.403358697097210062e-01,8.534736876954978973e-06,3.333333333333333148e-01,2.460584300103261790e-01,-8.197941893518185807e-01
9.922262699387677243e-01,3.502772022047956346e-01,9.007496450552181511e-01,1.900102262237394202e-01,0.000000000000000000e+00,3.333333333333333148e-01,2.452618668458645956e-01,-8.109774560691530576e-01
9.997290593511464207e-01,3.487999691138463088e-01,9.009430823900720364e-01,2.122701035270064818e-01,9.499932412571494541e-06,3.333333333333333148e-01,2.441248728387361289e-01,-8.000129836917684312e-01
9.994524218265630200e-01,3.499207877489217688e-01,8.603320328137776807e-01,2.183783036103901509e-01,0.000000000000000000e+00,3.333333333333333148e-01,2.417206344406027108e-01,-8.000129836917684312e-01
1.000000000000000000e+00,3.507198988896852998e-01,8.606222012127066057e-01,2.196010919552489615e-01,0.000000000000000000e+00,3.333333333333333148e-01,2.417128991581748987e-01,-7.799399932829831350e-01
1.000000000000000000e+00,3.363568862546331695e-01,8.611811765179316902e-01,3.193997340501777416e-01,1.511205177631608188e-08,3.333333333333333148e-01,2.411470005595167110e-01,-7.581582881828411447e-01
9.999999004980433259e-01,3.455213209971568222e-01,9.629415794167290876e-01,6.474939527711214282e-01,1.361528996340151854e-04,3.333333333333333148e-01,2.378888245894668352e-01,-7.527106912122994986e-01
9.897643201313651717e-01,3.532089532598320925e-01,9.665555125527212077e-01,7.773517140173891171e-01,0.000000000000000000e+00,3.333333333333333148e-01,2.369811664575839361e-01,-7.149139878278172322e-01
1.000000000000000000e+00,3.386519183676400258e-01,9.368422254538772975e-01,7.845494395225391937e-01,0.000000000000000000e+00,3.333333333333333148e-01,2.338638882765461946e-01,-6.899487834386954788e-01
9.999999999999535927e-01,3.357057096393378237e-01,9.328993607873369287e-01,9.841405017776467812e-01,0.000000000000000000e+00,3.333333333333333148e-01,2.299094520891708238e-01,-6.609354831168607891e-01
1.000000000000000000e+00,3.234856393140643216e-01,7.974286639860654891e-01,9.980934763434868850e-01,0.000000000000000000e+00,3.333333333333333148e-01,2.252072606522678433e-01,-6.031536983985114064e-01
1.000000000000000000e+00,3.492611515494299379e-01,9.805314889105347653e-01,3.046642008241712968e-02,6.675266446520883655e-07,3.333333333333333148e-01,2.586291717254346478e-01,-8.926073193274963735e-01
1.000000000000000000e+00,3.622574431214584667e-01,9.785882703300265995e-01,5.911682942513622058e-02,0.000000000000000000e+00,3.333333333333333148e-01,2.527531159976768027e-01,-8.926073193274963735e-01
1.000000000000000000e+00,3.654779290062702968e-01,9.675222648518162494e-01,8.134808773282724281e-02,6.377485266672985941e-07,3.333333333333333148e-01,2.513548293044037263e-01,-8.873478600204930400e-01
1.000000000000000000e+00,3.591801899099002493e-01,9.658275148891585227e-01,1.402922986437261377e-01,7.481047121237231663e-07,3.333333333333333148e-01,2.496441174825635989e-01,-8.564989983914443883e-01
1.000000000000000000e+00,3.614852738292573808e-01,9.635786532079642086e-01,1.401759369026006063e-01,0.000000000000000000e+00,3.333333333333333148e-01,2.495032318211655442e-01,-8.457929497068070734e-01
1.000000000000000000e+00,3.581807679546670231e-01,9.075964810437062713e-01,5.904221454700087079e-02,9.842782992172498246e-05,3.333333333333333148e-01,2.478676978852258628e-01,-8.377301781375314782e-01
1.000000000000000000e+00,3.533734938175767115e-01,9.803552632266686606e-01,3.115177437812073347e-01,0.000000000000000000e+00,3.333333333333333148e-01,2.463164512303468723e-01,-8.254703382393270283e-01
1.000000000000000000e+00,3.511950832812437140e-01,8.998689396674804941e-01,2.019016146187750937e-01,9.877598511166205955e-07,3.333333333333333148e-01,2.441514722027392781e-01,-8.109774560691530576e-01
9.999999010836022606e-01,3.453987276496545689e-01,1.000000000000000000e+00,6.386248449240804481e-01,0.000000000000000000e+00,3.333333333333333148e-01,2.398337162999782946e-01,-7.527106912122994986e-01
1.000000000000000000e+00,3.387208049061541937e-01,9.665740884055067372e-01,7.998831010866827018e-01,1.561107395600115122e-07,3.333333333333333148e-01,2.348310183752142510e-01,-7.149139878278172322e-01
1.000000000000000000e+00,3.340990805324371982e-01,8.605658807356120210e-01,9.624579148316637633e-01,4.283183788894504278e-04,3.333333333333333148e-01,2.278953989941863156e-01,-6.289567684026853289e-01
1.000000000000000000e+00,3.592299014383839584e-01,9.500272301621126569e-01,1.814213105249633806e-01,1.375150830896905104e-04,3.333333333333333148e-01,2.476256237900220369e-01,-8.293514205974868991e-01
9.999999999096493841e-01,3.625010559381913744e-01,8.611517156467788370e-01,2.175477858363429606e-01,7.875919662945305311e-04,3.333333333333333148e-01,2.432483730871609906e-01,-8.000129836917684312e-01
1.000000000000000000e+00,3.240017944304623976e-01,5.876334205550052259e-01,1.000000000000000000e+00,0.000000000000000000e+00,3.333333333333333148e-01,2.220318500072311074e-01,-5.211868572552512680e-01
9.995983420838754352e-01,3.614671008481838421e-01,9.627659254789439069e-01,1.818597499540149098e-01,1.422588412614305374e-03,3.333333333333333148e-01,2.485443034407188445e-01,-8.417895622697193492e-01
1.000000000000000000e+00,3.531605777349036690e-01,9.635762587063680940e-01,3.118485813685250574e-01,9.330232899270751604e-06,3.333333333333333148e-01,2.452772355858838516e-01,-8.177244820231895917e-01
1.000000000000000000e+00,3.243880341074464879e-01,9.589079895199684733e-01,1.000000000000000000e+00,9.104173231616842423e-08,3.333333333333333148e-01,2.320886721480351078e-01,-6.738995840334657261e-01
9.500613638104405956e-01,4.631363303598177161e-01,9.787271760388611685e-01,0.000000000000000000e+00,2.268277059000930462e-01,3.333333333333333148e-01,2.764576908757815366e-01,-9.076210774254018787e-01
1.000000000000000000e+00,3.748219335502850913e-01,9.806934669571405472e-01,3.183202350451506957e-02,6.426327141961391373e-07,3.333333333333333148e-01,2.541491679476137744e-01,-8.926073193274963735e-01
1.000000000000000000e+00,3.622759518337678730e-01,9.798456879776495931e-01,6.048488176556206242e-02,0.000000000000000000e+00,3.333333333333333148e-01,2.528096215810579084e-01,-8.926073193274963735e-01
9.999993498078657561e-01,3.614921725537225128e-01,9.666717957812722695e-01,5.958464712933181362e-02,1.660503963671128985e-02,3.333333333333333148e-01,2.525524958758010308e-01,-8.873478600204930400e-01
9.997533859078571172e-01,3.654885053038355314e-01,9.676215708373416824e-01,8.204535726886497127e-02,0.000000000000000000e+00,3.333333333333333148e-01,2.513609008515894638e-01,-8.873478600204930400e-01
1.000000000000000000e+00,3.610799970330417219e-01,9.798448124723114772e-01,1.392250258952071607e-01,0.000000000000000000e+00,3.333333333333333148e-01,2.506056647140673110e-01,-8.564989983914443883e-01
1.000000000000000000e+00,3.610618518108927311e-01,9.659589375715966764e-01,1.401627305755373809e-01,1.115689258064674993e-05,3.333333333333333148e-01,2.496480096126805770e-01,-8.564989983914443883e-01
1.000000000000000000e+00,3.614852599597452865e-01,9.635786492044519091e-01,1.401759309540328569e-01,2.045053244185026221e-07,3.333333333333333148e-01,2.495032393960543160e-01,-8.457929497068070734e-01
1.000000000000000000e+00,3.622064298268670712e-01,9.660532055999954126e-01,1.500719839023282320e-01,0.000000000000000000e+00,3.333333333333333148e-01,2.494438131384568158e-01,-8.417895622697193492e-01
9.999816883972303394e-01,3.542289373543404118e-01,9.626007159717119288e-01,1.813336938038387358e-01,3.098992767034900951e-07,3.333333333333333148e-01,2.485980388023499577e-01,-8.417895622697193492e-01
9.999993769172040858e-01,3.624702791498058407e-01,9.095777652135159652e-01,5.904126769159401267e-02,5.736324709137284594e-03,3.333333333333333148e-01,2.483676994860651022e-01,-8.377301781375314782e-01
1.000000000000000000e+00,3.582688146674894436e-01,9.075039650740789332e-01,5.796888441328497399e-02,1.324693837463586051e-04,3.333333333333333148e-01,2.478889165819329055e-01,-8.377301781375314782e-01
1.000000000000000000e+00,3.618158653397635094e-01,9.471225903179288919e-01,1.812429013911839026e-01,0.000000000000000000e+00,3.333333333333333148e-01,2.476207711506445419e-01,-8.293514205974868991e-01
1.000000000000000000e+00,3.616189967833386421e-01,9.817409306778199785e-01,2.771383854755385401e-01,2.490089289608775808e-06,3.333333333333333148e-01,2.474334264689219687e-01,-8.254703382393270283e-01
1.000000000000000000e+00,3.533735000944820959e-01,9.803553259974029377e-01,3.115169585376414974e-01,6.510766166839887241e-07,3.333333333333333148e-01,2.463165024188076202e-01,-8.254703382393270283e-01
1.000000000000000000e+00,3.556058658810201112e-01,9.615040622970115747e-01,2.722928103117512877e-01,7.434215099837935539e-07,3.333333333333333148e-01,2.460921222326095670e-01,-8.208218275985239565e-01
1.000000000000000000e+00,3.531795887096862430e-01,9.626489683916775730e-01,3.096222887530531431e-01,1.031331864974719084e-05,3.333333333333333148e-01,2.452753120803312092e-01,-8.177244820231895917e-01
9.997465325149164084e-01,3.604534831731754929e-01,9.015383297460265455e-01,1.780838919296438838e-01,0.000000000000000000e+00,3.333333333333333148e-01,2.452454328983000309e-01,-8.109774560691530576e-01
9.999905964197851604e-01,3.503891879544457910e-01,8.999241927315240197e-01,2.007312129027685743e-01,2.297734468596056480e-09,3.333333333333333148e-01,2.442121474316910068e-01,-8.109774560691530576e-01
1.000000000000000000e+00,3.624720050470119359e-01,8.601393265689335488e-01,2.170151832205071685e-01,0.000000000000000000e+00,3.333333333333333148e-01,2.431888633166187363e-01,-8.000129836917684312e-01
1.000000000000000000e+00,3.487999691138463088e-01,8.606796515774892686e-01,2.170568539137693320e-01,2.416032968131340318e-05,3.333333333333333148e-01,2.417210067822081199e-01,-8.000129836917684312e-01
9.999995468173269453e-01,3.501075659756466840e-01,8.608281570058523569e-01,2.190091940625308875e-01,4.383600729654563777e-09,3.333333333333333148e-01,2.417108030506495975e-01,-7.799399932829831350e-01
1.000000000000000000e+00,3.583785057800347729e-01,8.627430858589522078e-01,3.170314610118676879e-01,0.000000000000000000e+00,3.333333333333333148e-01,2.411505629517131655e-01,-7.581582881828411447e-01
9.999999010791077447e-01,3.456154221989558573e-01,9.999817980072324142e-01,6.382360643139993739e-01,0.000000000000000000e+00,3.333333333333333148e-01,2.398380880250726432e-01,-7.527106912122994986e-01
9.999999004980433259e-01,3.455110402172437700e-01,9.629415794167290876e-01,6.473562680256828017e-01,1.361300575822677430e-04,3.333333333333333148e-01,2.378909289193166521e-01,-7.527106912122994986e-01
1.000000000000000000e+00,3.533069546148487894e-01,9.757767477385845822e-01,7.884307055851511592e-01,0.000000000000000000e+00,3.333333333333333148e-01,2.370525491324382839e-01,-7.149139878278172322e-01
1.000000000000000000e+00,3.387159497425610288e-01,9.665740884055067372e-01,7.998831010866827018e-01,1.561077720510916286e-07,3.333333333333333148e-01,2.348310715857958864e-01,-7.149139878278172322e-01
1.000000000000000000e+00,3.387553669214560803e-01,9.371388255112227395e-01,7.851862463138641335e-01,0.000000000000000000e+00,3.333333333333333148e-01,2.338665875634791669e-01,-6.899487834386954788e-01
1.000000000000000000e+00,3.243880341074464879e-01,9.589113842216828720e-01,1.000000000000000000e+00,0.000000000000000000e+00,3.333333333333333148e-01,2.320888800125430473e-01,-6.738995840334657261e-01
9.999999999923775418e-01,3.342534048363686172e-01,9.329941232908267601e-01,9.791739463634336893e-01,2.760390293846050509e-07,3.333333333333333148e-01,2.299092197409054461e-01,-6.609354831168607891e-01
1.000000000000000000e+00,3.257849780012835317e-01,8.605796578139406350e-01,9.634260646806712680e-01,2.470928045808963233e-03,3.333333333333333148e-01,2.278874764646070805e-01,-6.289567684026853289e-01
1.000000000000000000e+00,3.234641874945434759e-01,7.980955263358926466e-01,9.981370856614973919e-01,9.024127145606039025e-08,3.333333333333333148e-01,2.252284491691211032e-01,-6.031536983985114064e-01
1.000000000000000000e+00,3.239851939750841847e-01,5.905047458716202735e-01,1.000000000000000000e+00,4.061182590495241872e-08,3.333333333333333148e-01,2.220318545260719645e-01,-5.211868572552512680e-01
8.119303814345377734e-01,3.548976562762466425e-01,9.831499489834704120e-01,0.000000000000000000e+00,7.970590446940921669e-01,3.333333333333333148e-01,6.169299342115611706e-01,-9.076210774254018787e-01
9.999820889332425855e-01,3.591165437065937938e-01,9.815521901671510063e-01,3.650902885051816871e-02,3.220058328141346419e-07,3.333333333333333148e-01,2.541389093265654653e-01,-8.926073193274963735e-01
9.999999999999997780e-01,3.655266939806472437e-01,9.799690542689515338e-01,6.520828595300445785e-02,0.000000000000000000e+00,3.333333333333333148e-01,2.526161622605978541e-01,-8.926073193274963735e-01
9.999999999984778842e-01,3.625045406972159934e-01,9.723986747509081319e-01,5.344786241638262159e-02,0.000000000000000000e+00,3.333333333333333148e-01,2.524292296398953361e-01,-8.873478600204930400e-01
9.952813939166327284e-01,3.608696763774432159e-01,9.666779111426135884e-01,9.617436188716646517e-02,1.415011937014352267e-03,3.333333333333333148e-01,2.513636600159500079e-01,-8.873478600204930400e-01
1.000000000000000000e+00,3.610797263422630965e-01,9.797581006933147041e-01,1.388119587403739419e-01,0.000000000000000000e+00,3.333333333333333148e-01,2.506107941915735049e-01,-8.564989983914443883e-01
9.999999917238325819e-01,3.600158394847260412e-01,9.660613186464255264e-01,1.401035041514644419e-01,1.116888353628251059e-08,3.333333333333333148e-01,2.496515881691814542e-01,-8.564989983914443883e-01
1.000000000000000000e+00,3.614862547678629467e-01,9.635786513575268497e-01,1.401753913788891803e-01,3.075279611425637085e-07,3.333333333333333148e-01,2.495032839673773373e-01,-8.457929497068070734e-01
1.000000000000000000e+00,3.615178117097402888e-01,9.660364877636669068e-01,1.490348686241458609e-01,0.000000000000000000e+00,3.333333333333333148e-01,2.494427915010332675e-01,-8.417895622697193492e-01
9.999817406306431566e-01,3.614792829903171745e-01,9.627015155529523582e-01,1.799001647559661521e-01,3.116897177730400528e-07,3.333333333333333148e-01,2.485089560926680430e-01,-8.417895622697193492e-01
9.999993680816384733e-01,3.615957893865806017e-01,9.094672689287928158e-01,5.903824232643237191e-02,5.936827393883015169e-03,3.333333333333333148e-01,2.483102985699875143e-01,-8.377301781375314782e-01
1.000000000000000000e+00,3.582698678785424806e-01,9.075390505139866448e-01,5.799214670352592638e-02,1.362665726998228536e-04,3.333333333333333148e-01,2.478907257036979950e-01,-8.377301781375314782e-01
9.997480108445303548e-01,3.590338159754539182e-01,9.500272301621126569e-01,1.814213105249633806e-01,1.355269640533929320e-04,3.333333333333333148e-01,2.476341218907260888e-01,-8.293514205974868991e-01
1.000000000000000000e+00,3.608491013261003744e-01,9.803939759164578271e-01,2.711208989596446406e-01,0.000000000000000000e+00,3.333333333333333148e-01,2.474285562887280909e-01,-8.254703382393270283e-01
1.000000000000000000e+00,3.533748080869466013e-01,9.803561049747997469e-01,3.115169496632891888e-01,1.032362535447714806e-05,3.333333333333333148e-01,2.463168951211475166e-01,-8.254703382393270283e-01
1.000000000000000000e+00,3.525415060617828056e-01,9.604654523519023934e-01,2.722030689647984003e-01,0.000000000000000000e+00,3.333333333333333148e-01,2.460961034751188714e-01,-8.208218275985239565e-01
1.000000000000000000e+00,3.525424543596245019e-01,9.636404987912674525e-01,3.102018631906657276e-01,0.000000000000000000e+00,3.333333333333333148e-01,2.453350791045920132e-01,-8.177244820231895917e-01
9.997456802393884789e-01,3.607564793227349131e-01,9.004450238598481482e-01,1.807857600217281924e-01,0.000000000000000000e+00,3.333333333333333148e-01,2.451819918230125350e-01,-8.109774560691530576e-01
9.999999918925146503e-01,3.500967388582811313e-01,8.996490663283446265e-01,2.003079496502296053e-01,2.802674090335894941e-07,3.333333333333333148e-01,2.442201195014323256e-01,-8.109774560691530576e-01
9.770365394810258675e-01,3.594895279388063969e-01,8.603155334909282637e-01,2.162399997399154783e-01,0.000000000000000000e+00,3.333333333333333148e-01,2.432781384926211155e-01,-8.000129836917684312e-01
9.999143057001983470e-01,3.499496478470257022e-01,8.602936546045824029e-01,2.163713831825667400e-01,1.882395110740144633e-11,3.333333333333333148e-01,2.417353431913060180e-01,-8.000129836917684312e-01
1.000000000000000000e+00,3.476044793825140422e-01,8.608449231935518808e-01,2.190114198205092011e-01,8.015935622185099600e-07,3.333333333333333148e-01,2.417037603355745856e-01,-7.799399932829831350e-01
9.997702961049683701e-01,3.363568862546331695e-01,8.608875727146230172e-01,3.196739357840980844e-01,2.441822030619893693e-07,3.333333333333333148e-01,2.411540510791210790e-01,-7.581582881828411447e-01
9.999999017707407178e-01,3.502360485705374171e-01,9.999815539756481408e-01,6.502602316704912955e-01,1.355219662076329371e-04,3.333333333333333148e-01,2.397924624659778514e-01,-7.527106912122994986e-01
1.000000000000000000e+00,3.487999691138463088e-01,9.834351505478893252e-01,7.629305670403569994e-01,5.191192428836315028e-07,3.333333333333333148e-01,2.369481131645054806e-01,-7.149139878278172322e-01
1.000000000000000000e+00,3.387202040297985217e-01,9.342618726064668699e-01,7.853158407796743123e-01,1.547324855902822505e-07,3.333333333333333148e-01,2.337472674034259401e-01,-6.899487834386954788e-01
9.999999053043678865e-01,3.455213209971568222e-01,9.585400767640963604e-01,9.994227179345956946e-01,0.000000000000000000e+00,3.333333333333333148e-01,2.319275017399580197e-01,-6.738995840334657261e-01
9.999999999922861704e-01,3.345734446552808827e-01,9.343754645018911287e-01,1.000000000000000000e+00,6.281725398922852505e-07,3.333333333333333148e-01,2.295974099597636597e-01,-6.609354831168607891e-01
1.000000000000000000e+00,3.244977224902031443e-01,7.924645652436257404e-01,1.000000000000000000e+00,9.864324944299689493e-05,3.333333333333333148e-01,2.249539108976169322e-01,-6.031536983985114064e-01
1.000000000000000000e+00,3.252173345575234964e-01,7.319334152037647589e-01,1.000000000000000000e+00,9.864324944299689493e-05,3.333333333333333148e-01,2.235306501502765941e-01,-5.805377724198789169e-01
