1.000000000000000000e+00,3.437680163255595889e-01,9.464594313918841539e-01,9.650589434121662480e-01,0.000000000000000000e+00,8.888888888888888395e-01,2.383917416924929422e-01,-7.476446375832216384e-01
1.000000000000000000e+00,3.340531548393539940e-01,6.782576803942075294e-01,1.000000000000000000e+00,0.000000000000000000e+00,8.888888888888888395e-01,2.292892403435778659e-01,-6.120188760276599194e-01
1.000000000000000000e+00,3.731127738464710686e-01,9.695047311878380869e-01,1.092944587598818906e-01,0.000000000000000000e+00,8.888888888888888395e-01,2.589802760497983969e-01,-9.595516168485157538e-01
1.000000000000000000e+00,3.339641913830791453e-01,7.732091410056467495e-01,1.000000000000000000e+00,0.000000000000000000e+00,8.888888888888888395e-01,2.314096146104952789e-01,-6.552006722215453216e-01
1.000000000000000000e+00,3.405698428200394368e-01,8.710397865229081438e-01,1.000000000000000000e+00,0.000000000000000000e+00,8.888888888888888395e-01,2.346594864897349753e-01,-7.038575944350176083e-01
1.000000000000000000e+00,3.407318116268548414e-01,9.029767789814613366e-01,1.000000000000000000e+00,0.000000000000000000e+00,8.888888888888888395e-01,2.358685365354742380e-01,-7.241142822881793117e-01
1.000000000000000000e+00,3.750789600717230887e-01,9.689208480340293361e-01,5.998390587097904292e-03,6.908907765193170736e-01,8.888888888888888395e-01,2.770523843785277496e-01,-9.688772851002219744e-01
1.000000000000000000e+00,3.619074784641762577e-01,9.078620776039858509e-01,2.618553374046509452e-01,0.000000000000000000e+00,8.888888888888888395e-01,2.509853296649471321e-01,-8.446501811457304276e-01
1.000000000000000000e+00,3.625878709277259859e-01,9.567635192940859845e-01,3.115417449096021807e-01,0.000000000000000000e+00,8.888888888888888395e-01,2.529343983730681367e-01,-8.628389186549242362e-01
1.000000000000000000e+00,3.625878709277259859e-01,9.383769969720061610e-01,3.285088578069932375e-01,0.000000000000000000e+00,8.888888888888888395e-01,2.513409107282437160e-01,-8.589737589781474281e-01
4.879000000000000004e-01,6.536542221240572159e-01,1.000000000000000000e+00,2.361507364950781213e-20,1.000000000000000000e+00,8.888888888888888395e-01,8.216528215786345068e-01,-9.688772851002219744e-01
4.879000000000000004e-01,6.536542208763954642e-01,1.000000000000000000e+00,0.000000000000000000e+00,1.000000000000000000e+00,8.888888888888888395e-01,8.216528215786345068e-01,-9.688772851002219744e-01
4.879000000000000004e-01,6.536542226271676581e-01,1.000000000000000000e+00,0.000000000000000000e+00,9.999999999999997780e-01,8.888888888888888395e-01,8.216528215786345068e-01,-9.688772851002219744e-01
4.879000000000000004e-01,6.536542205983408849e-01,1.000000000000000000e+00,0.000000000000000000e+00,1.000000000000000000e+00,8.888888888888888395e-01,8.216528215786345068e-01,-9.688772851002219744e-01
4.879000000000000004e-01,6.536542216320478937e-01,1.000000000000000000e+00,5.482220250335455135e-17,1.000000000000000000e+00,8.888888888888888395e-01,8.216528215786345068e-01,-9.688772851002219744e-01
4.879000000000000004e-01,6.536542214416909413e-01,1.000000000000000000e+00,0.000000000000000000e+00,9.999999999999995559e-01,8.888888888888888395e-01,8.216528215786345068e-01,-9.688772851002219744e-01
4.879000000000000004e-01,6.536542212968016186e-01,1.000000000000000000e+00,0.000000000000000000e+00,1.000000000000000000e+00,8.888888888888888395e-01,8.216528215786345068e-01,-9.688772851002219744e-01
4.879000000000000004e-01,6.536542221300416511e-01,1.000000000000000000e+00,0.000000000000000000e+00,1.000000000000000000e+00,8.888888888888888395e-01,8.216528215786345068e-01,-9.688772851002219744e-01
4.879000000000000004e-01,6.536542216251238768e-01,1.000000000000000000e+00,5.117354039797019340e-17,1.000000000000000000e+00,8.888888888888888395e-01,8.216528215786345068e-01,-9.688772851002219744e-01
4.879000000000000004e-01,6.536542219067369430e-01,1.000000000000000000e+00,0.000000000000000000e+00,1.000000000000000000e+00,8.888888888888888395e-01,8.216528215786345068e-01,-9.688772851002219744e-01
4.879000000000000004e-01,6.536542209614485399e-01,1.000000000000000000e+00,0.000000000000000000e+00,1.000000000000000000e+00,8.888888888888888395e-01,8.216528215786345068e-01,-9.688772851002219744e-01
4.879000000000000004e-01,6.536542209614485399e-01,1.000000000000000000e+00,5.586040810259868975e-17,1.000000000000000000e+00,8.888888888888888395e-01,8.216528215786345068e-01,-9.688772851002219744e-01
4.879000000000000004e-01,6.536542221664014551e-01,1.000000000000000000e+00,1.489510680600425819e-18,1.000000000000000000e+00,8.888888888888888395e-01,8.216528215786345068e-01,-9.688772851002219744e-01
4.879000000000000004e-01,6.536542214402933926e-01,1.000000000000000000e+00,5.155920824164202804e-17,1.000000000000000000e+00,8.888888888888888395e-01,8.216528215786345068e-01,-9.688772851002219744e-01
4.879000000000000004e-01,6.536542216851884968e-01,1.000000000000000000e+00,6.307994824711496896e-18,1.000000000000000000e+00,8.888888888888888395e-01,8.216528215786345068e-01,-9.688772851002219744e-01
4.879000000000000004e-01,6.536542222683237036e-01,1.000000000000000000e+00,0.000000000000000000e+00,1.000000000000000000e+00,8.888888888888888395e-01,8.216528215786345068e-01,-9.688772851002219744e-01
4.879000000000000004e-01,6.536542219094862993e-01,1.000000000000000000e+00,0.000000000000000000e+00,1.000000000000000000e+00,8.888888888888888395e-01,8.216528215786345068e-01,-9.688772851002219744e-01
4.879000000000000004e-01,6.536542209614485399e-01,1.000000000000000000e+00,0.000000000000000000e+00,1.000000000000000000e+00,8.888888888888888395e-01,8.216528215786345068e-01,-9.688772851002219744e-01
4.879000000000000004e-01,6.536542216851884968e-01,1.000000000000000000e+00,0.000000000000000000e+00,1.000000000000000000e+00,8.888888888888888395e-01,8.216528215786345068e-01,-9.688772851002219744e-01
4.879000000000000004e-01,6.536542208875867344e-01,1.000000000000000000e+00,0.000000000000000000e+00,1.000000000000000000e+00,8.888888888888888395e-01,8.216528215786345068e-01,-9.688772851002219744e-01
1.000000000000000000e+00,3.346204823045044741e-01,7.908313763704382104e-01,9.636417272682873403e-01,0.000000000000000000e+00,8.888888888888888395e-01,2.325736924175694775e-01,-6.636799723753953328e-01
4.879000000000000004e-01,6.536542222028035587e-01,1.000000000000000000e+00,0.000000000000000000e+00,1.000000000000000000e+00,8.888888888888888395e-01,8.216528215786345068e-01,-9.688772851002219744e-01
4.879000000000000004e-01,6.536542216320478937e-01,1.000000000000000000e+00,5.691754566851382056e-17,1.000000000000000000e+00,8.888888888888888395e-01,8.216528215786345068e-01,-9.688772851002219744e-01
4.879000000000000004e-01,6.536542216320478937e-01,1.000000000000000000e+00,1.447836592673931624e-18,1.000000000000000000e+00,8.888888888888888395e-01,8.216528215786345068e-01,-9.688772851002219744e-01
4.879000000000000004e-01,6.536542212893039494e-01,1.000000000000000000e+00,0.000000000000000000e+00,1.000000000000000000e+00,8.888888888888888395e-01,8.216528215786345068e-01,-9.688772851002219744e-01
9.670362663696947525e-01,3.337904788053230876e-01,3.666005106370884281e-01,9.996162578629002038e-01,9.911938322596520745e-01,8.888888888888888395e-01,2.212598688973214656e-01,-5.183277742555958412e-01
4.879000000000000004e-01,6.536542218201355503e-01,1.000000000000000000e+00,0.000000000000000000e+00,9.999999999999997780e-01,8.888888888888888395e-01,8.216528215786345068e-01,-9.688772851002219744e-01
1.000000000000000000e+00,3.632707409551580446e-01,9.373273027257598145e-01,4.411456175824357007e-01,0.000000000000000000e+00,8.888888888888888395e-01,2.489799318962855890e-01,-8.334099095134673840e-01
9.596549099571826114e-01,3.322206197694979601e-01,5.251834975416334039e-01,9.999214104166851413e-01,1.000000000000000000e+00,8.888888888888888395e-01,2.263403504600727534e-01,-5.705130452030465760e-01
1.000000000000000000e+00,3.633307627196121214e-01,9.765158512590869089e-01,3.605262833653273269e-01,0.000000000000000000e+00,8.888888888888888395e-01,2.529937526696606764e-01,-8.672189236387213285e-01
1.000000000000000000e+00,3.559653803634147406e-01,9.402991810445211485e-01,4.667110401148542032e-01,0.000000000000000000e+00,8.888888888888888395e-01,2.483883991651878176e-01,-8.224391403551770674e-01
1.000000000000000000e+00,3.346659459370285306e-01,8.348291430928751478e-01,1.000000000000000000e+00,0.000000000000000000e+00,8.888888888888888395e-01,2.334283712085656604e-01,-6.878996560231450674e-01
1.000000000000000000e+00,3.419124164320418990e-01,9.463807748325903102e-01,1.000000000000000000e+00,0.000000000000000000e+00,8.888888888888888395e-01,2.377189245513885996e-01,-7.369460289500889827e-01
4.879000000000000004e-01,6.536542213248016653e-01,1.000000000000000000e+00,0.000000000000000000e+00,1.000000000000000000e+00,8.888888888888888395e-01,8.216528215786345068e-01,-9.688772851002219744e-01
1.000000000000000000e+00,3.731194944853108431e-01,9.688592403593105917e-01,1.362576992261785025e-01,0.000000000000000000e+00,8.888888888888888395e-01,2.582011459395859299e-01,-9.104772358446812097e-01
4.879000000000000004e-01,6.536542221984091849e-01,1.000000000000000000e+00,0.000000000000000000e+00,9.999999999999997780e-01,8.888888888888888395e-01,8.216528215786345068e-01,-9.688772851002219744e-01
4.879000000000000004e-01,6.536542209555309402e-01,1.000000000000000000e+00,5.585901367947109163e-17,1.000000000000000000e+00,8.888888888888888395e-01,8.216528215786345068e-01,-9.688772851002219744e-01
1.000000000000000000e+00,3.439517585131304789e-01,9.539453342415378234e-01,9.674544768593389410e-01,0.000000000000000000e+00,8.888888888888888395e-01,2.386814170289749404e-01,-7.506249739395490783e-01
1.000000000000000000e+00,3.506888804753780509e-01,9.183059488964963046e-01,7.332032249091717802e-01,0.000000000000000000e+00,8.888888888888888395e-01,2.417657979772239174e-01,-7.825939564882867794e-01
9.790870146986818678e-01,3.269685506014973764e-01,5.403035786047665212e-01,1.000000000000000000e+00,9.859027705255771767e-01,8.888888888888888395e-01,2.267193075586789175e-01,-5.747329447450307827e-01
1.000000000000000000e+00,3.328758532267905301e-01,6.612602391014361647e-01,1.000000000000000000e+00,0.000000000000000000e+00,8.888888888888888395e-01,2.290105126063231578e-01,-6.070983566887552252e-01
4.879000000000000004e-01,6.536542221664014551e-01,1.000000000000000000e+00,3.058353246692797276e-18,9.999999999999997780e-01,8.888888888888888395e-01,8.216528215786345068e-01,-9.688772851002219744e-01
9.673937200866065123e-01,3.322385633233598257e-01,3.927034783240498927e-01,9.999226532772482745e-01,9.987569623887547765e-01,8.888888888888888395e-01,2.218023455332042149e-01,-5.249507119306086045e-01
1.000000000000000000e+00,3.559653803634147406e-01,9.103041232605659783e-01,4.441291682183072798e-01,5.134488364823496299e-08,8.888888888888888395e-01,2.471753973424391515e-01,-8.099129130186201175e-01
1.000000000000000000e+00,3.214678028307402236e-01,4.635798870369076674e-01,1.000000000000000000e+00,1.000000000000000000e+00,8.888888888888888395e-01,2.236964180478880904e-01,-5.528149953431654717e-01
1.000000000000000000e+00,3.511095136706519071e-01,8.939999565053018404e-01,7.332740774050464649e-01,0.000000000000000000e+00,8.888888888888888395e-01,2.408064969509623454e-01,-7.595873781278948966e-01
9.792258307714618581e-01,3.269376055222328326e-01,5.049738514989458027e-01,9.999164533466478044e-01,1.000000000000000000e+00,8.888888888888888395e-01,2.252115267264346576e-01,-5.555123460317181738e-01
9.799403022499301175e-01,3.264967685080703008e-01,5.084153592224092133e-01,1.000000000000000000e+00,1.000000000000000000e+00,8.888888888888888395e-01,2.253109827791952569e-01,-5.673709631207199955e-01
1.000000000000000000e+00,3.511877188866093236e-01,9.567635192940859845e-01,7.117252839641701190e-01,0.000000000000000000e+00,8.888888888888888395e-01,2.440046487833894273e-01,-7.941673590933752136e-01
9.788210606499125888e-01,3.325296683233929795e-01,2.961389460731018719e-01,1.000000000000000000e+00,1.000000000000000000e+00,8.888888888888888395e-01,2.198222850173710552e-01,-4.880429145963023907e-01
9.676772612384244576e-01,3.337745605170955310e-01,3.873989333972696625e-01,1.000000000000000000e+00,1.000000000000000000e+00,8.888888888888888395e-01,2.217557618221220050e-01,-5.197972828277919177e-01
4.879000000000000004e-01,6.536542216794024585e-01,1.000000000000000000e+00,0.000000000000000000e+00,9.999999999999997780e-01,8.888888888888888395e-01,8.216528215786345068e-01,-9.688772851002219744e-01
4.879000000000000004e-01,6.536542216864821286e-01,1.000000000000000000e+00,0.000000000000000000e+00,1.000000000000000000e+00,8.888888888888888395e-01,8.216528215786345068e-01,-9.688772851002219744e-01
1.000000000000000000e+00,3.559676731778075309e-01,9.108672654750081810e-01,4.666303510617907935e-01,0.000000000000000000e+00,8.888888888888888395e-01,2.467373340949173821e-01,-8.024420931486743180e-01
4.879000000000000004e-01,6.536542216794024585e-01,1.000000000000000000e+00,0.000000000000000000e+00,9.999999999999997780e-01,8.888888888888888395e-01,8.216528215786345068e-01,-9.688772851002219744e-01
4.879000000000000004e-01,6.536542217669722987e-01,1.000000000000000000e+00,0.000000000000000000e+00,9.999999999999997780e-01,8.888888888888888395e-01,8.216528215786345068e-01,-9.688772851002219744e-01
4.879000000000000004e-01,6.536542216320478937e-01,1.000000000000000000e+00,5.608114694277391895e-17,1.000000000000000000e+00,8.888888888888888395e-01,8.216528215786345068e-01,-9.688772851002219744e-01
4.879000000000000004e-01,6.536542219174770185e-01,1.000000000000000000e+00,0.000000000000000000e+00,1.000000000000000000e+00,8.888888888888888395e-01,8.216528215786345068e-01,-9.688772851002219744e-01
1.000000000000000000e+00,3.339623100744275597e-01,7.440234055898919951e-01,1.000000000000000000e+00,0.000000000000000000e+00,8.888888888888888395e-01,2.306238581111914043e-01,-6.466271108399864742e-01
9.792255621598358051e-01,3.269394523379737238e-01,5.395148440516315258e-01,9.517391103883924286e-01,9.999349145036452446e-01,8.888888888888888395e-01,2.274248604150420627e-01,-5.764416649066723686e-01
4.879000000000000004e-01,6.536542216320478937e-01,1.000000000000000000e+00,0.000000000000000000e+00,1.000000000000000000e+00,8.888888888888888395e-01,8.216528215786345068e-01,-9.688772851002219744e-01
4.879000000000000004e-01,6.536542208840552259e-01,1.000000000000000000e+00,6.404473901076753576e-19,1.000000000000000000e+00,8.888888888888888395e-01,8.216528215786345068e-01,-9.688772851002219744e-01
1.000000000000000000e+00,3.511933217713100186e-01,9.578088135963855887e-01,7.343436305406960685e-01,0.000000000000000000e+00,8.888888888888888395e-01,2.435853842888708598e-01,-7.883848458884205046e-01
9.763832756930255208e-01,3.303149996401710253e-01,4.800480550726306528e-01,1.000000000000000000e+00,1.000000000000000000e+00,8.888888888888888395e-01,2.247864690843540403e-01,-5.540869277585037667e-01
9.805876430577336045e-01,3.256770668366402166e-01,4.489148513388531159e-01,1.000000000000000000e+00,1.000000000000000000e+00,8.888888888888888395e-01,2.233841914871245449e-01,-5.449522649149759479e-01
4.879000000000000004e-01,6.536542212703361221e-01,1.000000000000000000e+00,2.341622820777639640e-20,1.000000000000000000e+00,8.888888888888888395e-01,8.216528215786345068e-01,-9.688772851002219744e-01
1.000000000000000000e+00,3.674343586351337954e-01,9.087012916477618107e-01,1.376785021779038387e-01,9.476422328610651247e-04,8.888888888888888395e-01,2.539513717528104064e-01,-8.817286714545976567e-01
4.879000000000000004e-01,6.536542208948334931e-01,1.000000000000000000e+00,0.000000000000000000e+00,1.000000000000000000e+00,8.888888888888888395e-01,8.216528215786345068e-01,-9.688772851002219744e-01
4.879000000000000004e-01,6.536542218880722066e-01,1.000000000000000000e+00,0.000000000000000000e+00,1.000000000000000000e+00,8.888888888888888395e-01,8.216528215786345068e-01,-9.688772851002219744e-01
1.000000000000000000e+00,3.674029023166306418e-01,9.259900957073106120e-01,1.396675554434601840e-01,1.128664065675426937e-04,8.888888888888888395e-01,2.550382543675194236e-01,-9.052770417461224461e-01
1.000000000000000000e+00,3.559653803634147406e-01,9.588292959360166234e-01,5.365269493447707427e-01,0.000000000000000000e+00,8.888888888888888395e-01,2.478696197189546591e-01,-8.158679089081827263e-01
9.601825879872050162e-01,3.322997727658797418e-01,4.224806849574936352e-01,1.000000000000000000e+00,1.000000000000000000e+00,8.888888888888888395e-01,2.227735497613759497e-01,-5.352453216095461874e-01
4.879000000000000004e-01,6.536542156045718199e-01,1.000000000000000000e+00,0.000000000000000000e+00,9.999999999999997780e-01,8.888888888888888395e-01,8.216528215786331746e-01,-9.688772851002219744e-01
9.678879925633729897e-01,3.346722948455372326e-01,3.499529341519403980e-01,1.000000000000000000e+00,9.999704579918426983e-01,8.888888888888888395e-01,2.207293849160498478e-01,-5.122312536832472896e-01
4.879000000000000004e-01,6.536542219285494948e-01,1.000000000000000000e+00,0.000000000000000000e+00,9.999999999999997780e-01,8.888888888888888395e-01,8.216528215786345068e-01,-9.688772851002219744e-01
4.879000000000000004e-01,6.536542219061073355e-01,1.000000000000000000e+00,0.000000000000000000e+00,1.000000000000000000e+00,8.888888888888888395e-01,8.216528215786345068e-01,-9.688772851002219744e-01
4.879000000000000004e-01,6.536542216864821286e-01,1.000000000000000000e+00,0.000000000000000000e+00,1.000000000000000000e+00,8.888888888888888395e-01,8.216528215786345068e-01,-9.688772851002219744e-01
4.879000000000000004e-01,6.536542209614485399e-01,1.000000000000000000e+00,0.000000000000000000e+00,1.000000000000000000e+00,8.888888888888888395e-01,8.216528215786345068e-01,-9.688772851002219744e-01
4.879000000000000004e-01,6.536542208948334931e-01,1.000000000000000000e+00,0.000000000000000000e+00,1.000000000000000000e+00,8.888888888888888395e-01,8.216528215786345068e-01,-9.688772851002219744e-01
9.788232138139285610e-01,3.325333557638239790e-01,3.031144186682365738e-01,1.000000000000000000e+00,1.000000000000000000e+00,8.888888888888888395e-01,2.198936033800908407e-01,-4.990247659955757698e-01
1.000000000000000000e+00,3.328762180989595643e-01,6.097635934562196658e-01,9.999946644980376442e-01,0.000000000000000000e+00,8.888888888888888395e-01,2.284993986643149011e-01,-5.966999234207673863e-01
4.879000000000000004e-01,6.536542220319612184e-01,1.000000000000000000e+00,0.000000000000000000e+00,1.000000000000000000e+00,8.888888888888888395e-01,8.216528215786345068e-01,-9.688772851002219744e-01
4.879000000000000004e-01,6.536542209614485399e-01,1.000000000000000000e+00,5.802092515676117958e-17,1.000000000000000000e+00,8.888888888888888395e-01,8.216528215786345068e-01,-9.688772851002219744e-01
4.879000000000000004e-01,6.536542216727216914e-01,1.000000000000000000e+00,0.000000000000000000e+00,9.999999999999997780e-01,8.888888888888888395e-01,8.216528215786345068e-01,-9.688772851002219744e-01
4.879000000000000004e-01,6.536542205908983938e-01,1.000000000000000000e+00,1.566885072355075383e-18,1.000000000000000000e+00,8.888888888888888395e-01,8.216528215786345068e-01,-9.688772851002219744e-01
4.879000000000000004e-01,6.536542216864821286e-01,1.000000000000000000e+00,0.000000000000000000e+00,1.000000000000000000e+00,8.888888888888888395e-01,8.216528215786345068e-01,-9.688772851002219744e-01
4.879000000000000004e-01,6.536542222334886798e-01,1.000000000000000000e+00,5.111641685116426908e-17,1.000000000000000000e+00,8.888888888888888395e-01,8.216528215786345068e-01,-9.688772851002219744e-01
4.879000000000000004e-01,6.536542212968016186e-01,1.000000000000000000e+00,5.810685079045802485e-17,1.000000000000000000e+00,8.888888888888888395e-01,8.216528215786345068e-01,-9.688772851002219744e-01
4.879000000000000004e-01,6.536542219067369430e-01,1.000000000000000000e+00,0.000000000000000000e+00,1.000000000000000000e+00,8.888888888888888395e-01,8.216528215786345068e-01,-9.688772851002219744e-01
4.879000000000000004e-01,6.536542212968016186e-01,1.000000000000000000e+00,2.582623079224252980e-18,9.999999999999997780e-01,8.888888888888888395e-01,8.216528215786345068e-01,-9.688772851002219744e-01
