9.999990758553380932e-01,3.585264320683833605e-01,9.574379051750528946e-01,5.576864179626893625e-01,1.431587304372428093e-04,1.000000000000000000e+00,2.487150613182990411e-01,-8.285220413978434673e-01
9.999991934944946204e-01,3.556290366416928750e-01,8.282604775609927472e-01,1.209560925673038578e-01,0.000000000000000000e+00,1.000000000000000000e+00,2.510445936487002982e-01,-8.375494446862270514e-01
9.999995325967850901e-01,3.397440946446700361e-01,8.349595898489046153e-01,1.000000000000000000e+00,0.000000000000000000e+00,1.000000000000000000e+00,2.345810613782791654e-01,-7.029169566353156151e-01
9.999991152632269342e-01,3.460900393018470633e-01,9.460852115209545943e-01,1.000000000000000000e+00,3.441792296467551839e-06,1.000000000000000000e+00,2.390545067977100091e-01,-7.489949474672253915e-01
9.999996433607692969e-01,3.624856421200892131e-01,9.759519605700105460e-01,4.656234723082637306e-01,1.287196140775939218e-05,1.000000000000000000e+00,2.518744449619118586e-01,-8.668170099750011071e-01
1.000000000000000000e+00,3.506310164242689154e-01,9.569869409781994740e-01,7.351835918786109314e-01,0.000000000000000000e+00,1.000000000000000000e+00,2.449779737375752664e-01,-7.974495912880189552e-01
1.000000000000000000e+00,3.362484843357639863e-01,7.684554251693866966e-01,1.000000000000000000e+00,0.000000000000000000e+00,1.000000000000000000e+00,2.324529697017445051e-01,-6.638653440726696164e-01
1.000000000000000000e+00,3.699420981824892429e-01,9.037920169074403764e-01,5.228550820183663905e-02,0.000000000000000000e+00,1.000000000000000000e+00,2.570287809567248227e-01,-9.111638312403034234e-01
9.999996325741798975e-01,3.692075255823414892e-01,9.758349562882981942e-01,3.751671593845071762e-01,1.367652894853383725e-05,1.000000000000000000e+00,2.541148487829275604e-01,-8.842738340990100587e-01
4.879000000000000004e-01,6.604741336529728057e-01,9.999999999995515809e-01,8.382177056095147438e-13,1.000000000000000000e+00,1.000000000000000000e+00,8.303336991373242437e-01,-9.956825775846348536e-01
4.879000000000000559e-01,6.604742740268854106e-01,9.999999999196651501e-01,3.213832655689492464e-09,1.000000000000000000e+00,1.000000000000000000e+00,8.303336987506593214e-01,-9.956825775846348536e-01
4.879000000000000004e-01,6.604839284133685595e-01,1.000000000000000000e+00,0.000000000000000000e+00,1.000000000000000000e+00,1.000000000000000000e+00,8.303337026192096904e-01,-9.956825775846348536e-01
1.000000000000000000e+00,3.466103962311412046e-01,9.038533783419434586e-01,8.116805413647323331e-01,0.000000000000000000e+00,1.000000000000000000e+00,2.408355843217279690e-01,-7.621662930175533424e-01
1.000000000000000000e+00,3.405867964777399282e-01,8.714857655991565810e-01,1.000000000000000000e+00,0.000000000000000000e+00,1.000000000000000000e+00,2.359249894337116793e-01,-7.303108792046795195e-01
1.000000000000000000e+00,3.340563575600746238e-01,6.784011065723779543e-01,1.000000000000000000e+00,0.000000000000000000e+00,1.000000000000000000e+00,2.303838472514092295e-01,-6.230612547427821779e-01
1.000000000000000000e+00,3.765224049185906807e-01,9.687720052565804707e-01,1.381206854769912729e-01,0.000000000000000000e+00,1.000000000000000000e+00,2.596509349886060303e-01,-9.436194481310699045e-01
9.999999749539538740e-01,3.706484124844712236e-01,9.552640923842751208e-01,2.257030806120191579e-01,1.382096657586714393e-05,1.000000000000000000e+00,2.563471228076776298e-01,-9.008812081379327097e-01
4.879000000000000004e-01,6.604839581811603466e-01,1.000000000000000000e+00,0.000000000000000000e+00,1.000000000000000000e+00,1.000000000000000000e+00,8.303337026192347814e-01,-9.956825775846348536e-01
1.000000000000000000e+00,3.341069188038144344e-01,6.091530550712753733e-01,1.000000000000000000e+00,0.000000000000000000e+00,1.000000000000000000e+00,2.295503542078123349e-01,-6.099579591597824590e-01
1.000000000000000000e+00,3.340591841265179163e-01,5.699965558092999762e-01,1.000000000000000000e+00,0.000000000000000000e+00,1.000000000000000000e+00,2.294263684669311243e-01,-5.925383323828599114e-01
4.879000000000000004e-01,6.604839262692079327e-01,1.000000000000000000e+00,0.000000000000000000e+00,1.000000000000000000e+00,1.000000000000000000e+00,8.303337026192052495e-01,-9.956825775846348536e-01
1.000000000000000000e+00,3.368624997325030401e-01,7.803982171461621986e-01,1.000000000000000000e+00,0.000000000000000000e+00,1.000000000000000000e+00,2.327988321327841836e-01,-6.738851384502891895e-01
4.879000000000000004e-01,6.604742342225141671e-01,9.999999999199011835e-01,3.333298243507788505e-09,1.000000000000000000e+00,1.000000000000000000e+00,8.303336987062457375e-01,-9.956825775846348536e-01
1.000000000000000000e+00,3.642287866872392366e-01,9.068621868054752566e-01,2.285140283254640803e-01,0.000000000000000000e+00,1.000000000000000000e+00,2.530445699212735544e-01,-8.837607386259496156e-01
1.000000000000000000e+00,3.628067874780556146e-01,9.076160221247429050e-01,4.648555632831722906e-01,0.000000000000000000e+00,1.000000000000000000e+00,2.482444653806061552e-01,-8.277805373491921026e-01
4.879000000000000004e-01,6.604841356547123121e-01,9.999999999999955591e-01,0.000000000000000000e+00,1.000000000000000000e+00,1.000000000000000000e+00,8.303337026180541702e-01,-9.956825775846348536e-01
1.000000000000000000e+00,3.766285227801595137e-01,9.687192638737599504e-01,1.328571503097522588e-02,0.000000000000000000e+00,1.000000000000000000e+00,2.632218606039880560e-01,-9.956825775846348536e-01
4.879000000000000004e-01,6.604839547000220801e-01,1.000000000000000000e+00,0.000000000000000000e+00,1.000000000000000000e+00,1.000000000000000000e+00,8.303337026192350034e-01,-9.956825775846348536e-01
4.879000000000000004e-01,6.604839566190724431e-01,1.000000000000000000e+00,2.630082942233118293e-16,1.000000000000000000e+00,1.000000000000000000e+00,8.303337026192350034e-01,-9.956825775846348536e-01
4.879000000000000004e-01,6.604834739562845947e-01,9.999999999202006107e-01,0.000000000000000000e+00,1.000000000000000000e+00,1.000000000000000000e+00,8.303337025733046328e-01,-9.956825775846348536e-01
1.000000000000000000e+00,3.642936574595775356e-01,9.070588813590780841e-01,1.394254701135594909e-01,0.000000000000000000e+00,1.000000000000000000e+00,2.553075846595633247e-01,-8.933700022491096737e-01
1.000000000000000000e+00,3.406214488639289772e-01,9.037163946848362217e-01,1.000000000000000000e+00,0.000000000000000000e+00,1.000000000000000000e+00,2.372687323851027930e-01,-7.331300997075539394e-01
4.879000000000000004e-01,6.604839568219327273e-01,1.000000000000000000e+00,0.000000000000000000e+00,1.000000000000000000e+00,1.000000000000000000e+00,8.303337026192350034e-01,-9.956825775846348536e-01
4.879000000000000004e-01,6.604844006851467997e-01,9.999999999997195577e-01,0.000000000000000000e+00,1.000000000000000000e+00,1.000000000000000000e+00,8.303337026119308462e-01,-9.956825775846348536e-01
4.879000000000000004e-01,6.604864375845275193e-01,1.000000000000000000e+00,0.000000000000000000e+00,1.000000000000000000e+00,1.000000000000000000e+00,8.303337023967338748e-01,-9.956825775846348536e-01
1.000000000000000000e+00,3.606915592625127287e-01,9.399388860512363220e-01,4.659213154395702716e-01,0.000000000000000000e+00,1.000000000000000000e+00,2.497360244542539687e-01,-8.354137242150282416e-01
4.879000000000000004e-01,6.604731432815150738e-01,9.999999999999645839e-01,3.774948933707045068e-13,1.000000000000000000e+00,1.000000000000000000e+00,8.303336984000726506e-01,-9.956825775846348536e-01
4.879000000000000004e-01,6.604839397701929293e-01,9.999999999999820144e-01,0.000000000000000000e+00,1.000000000000000000e+00,1.000000000000000000e+00,8.303337026192181280e-01,-9.956825775846348536e-01
4.879000000000000004e-01,6.604841749429981590e-01,1.000000000000000000e+00,0.000000000000000000e+00,1.000000000000000000e+00,1.000000000000000000e+00,8.303337026174879565e-01,-9.956825775846348536e-01
4.879000000000000004e-01,6.604836459918521641e-01,1.000000000000000000e+00,0.000000000000000000e+00,1.000000000000000000e+00,1.000000000000000000e+00,8.303337026157893153e-01,-9.956825775846348536e-01
4.879000000000000004e-01,6.604839573280584242e-01,1.000000000000000000e+00,0.000000000000000000e+00,1.000000000000000000e+00,1.000000000000000000e+00,8.303337026192350034e-01,-9.956825775846348536e-01
4.879000000000000004e-01,6.604839576912511223e-01,1.000000000000000000e+00,0.000000000000000000e+00,1.000000000000000000e+00,1.000000000000000000e+00,8.303337026192347814e-01,-9.956825775846348536e-01
4.879000000000000004e-01,6.604833765144861868e-01,9.999999999999993339e-01,0.000000000000000000e+00,1.000000000000000000e+00,1.000000000000000000e+00,8.303337026071566651e-01,-9.956825775846348536e-01
4.879000000000000004e-01,6.604838729711928202e-01,1.000000000000000000e+00,0.000000000000000000e+00,1.000000000000000000e+00,1.000000000000000000e+00,8.303337026189925307e-01,-9.956825775846348536e-01
4.879000000000000004e-01,6.604839573144924980e-01,1.000000000000000000e+00,1.037383585467160245e-14,1.000000000000000000e+00,1.000000000000000000e+00,8.303337026192332271e-01,-9.956825775846348536e-01
1.000000000000000000e+00,3.504373096402539911e-01,9.031556578525763435e-01,7.351831997630162707e-01,0.000000000000000000e+00,1.000000000000000000e+00,2.423029108498503670e-01,-7.683617268744707962e-01
4.879000000000000004e-01,6.604839573347535131e-01,1.000000000000000000e+00,0.000000000000000000e+00,1.000000000000000000e+00,1.000000000000000000e+00,8.303337026192347814e-01,-9.956825775846348536e-01
4.879000000000000004e-01,6.604850913415668545e-01,9.999999999996811439e-01,5.805616082288349579e-15,1.000000000000000000e+00,1.000000000000000000e+00,8.303337025724657483e-01,-9.956825775846348536e-01
4.879000000000000004e-01,6.604915358659098068e-01,9.999999999995843325e-01,9.834462155175372017e-11,9.999999999999984457e-01,1.000000000000000000e+00,8.303337005305160279e-01,-9.956825775846348536e-01
4.879000000000000004e-01,6.604839547935185129e-01,1.000000000000000000e+00,0.000000000000000000e+00,1.000000000000000000e+00,1.000000000000000000e+00,8.303337026192350034e-01,-9.956825775846348536e-01
4.879000000000000004e-01,6.604726715864520648e-01,9.999999999998412381e-01,3.903286465461094142e-15,1.000000000000000000e+00,1.000000000000000000e+00,8.303336980239188758e-01,-9.956825775846348536e-01
4.879000000000000004e-01,6.604879796279737869e-01,1.000000000000000000e+00,2.665395323381743535e-14,1.000000000000000000e+00,1.000000000000000000e+00,8.303337020344723207e-01,-9.956825775846348536e-01
4.879000000000000004e-01,6.604850953382459533e-01,9.999999999997337685e-01,6.741728721174037900e-13,1.000000000000000000e+00,1.000000000000000000e+00,8.303337025720687326e-01,-9.956825775846348536e-01
4.879000000000000004e-01,6.604839659479031511e-01,9.999999999999955591e-01,0.000000000000000000e+00,1.000000000000000000e+00,1.000000000000000000e+00,8.303337026192285641e-01,-9.956825775846348536e-01
4.879000000000000004e-01,6.604805654626999534e-01,1.000000000000000000e+00,4.028151134692674620e-13,1.000000000000000000e+00,1.000000000000000000e+00,8.303337022044714466e-01,-9.956825775846348536e-01
1.000000000000000000e+00,3.711036048962503275e-01,9.267031948139644593e-01,1.381061908135478855e-01,0.000000000000000000e+00,1.000000000000000000e+00,2.565344257664954331e-01,-9.052770417461224461e-01
1.000000000000000000e+00,3.340565697481531759e-01,6.958522244380218602e-01,1.000000000000000000e+00,0.000000000000000000e+00,1.000000000000000000e+00,2.307091379941307585e-01,-6.283384250240822144e-01
4.879000000000000004e-01,6.604842232017492654e-01,9.999999999999997780e-01,0.000000000000000000e+00,1.000000000000000000e+00,1.000000000000000000e+00,8.303337026166373036e-01,-9.956825775846348536e-01
4.879000000000000004e-01,6.604844580112310126e-01,9.999999999954650720e-01,6.663638991724206703e-15,1.000000000000000000e+00,1.000000000000000000e+00,8.303337026079629091e-01,-9.956825775846348536e-01
4.879000000000000004e-01,6.605679070069794268e-01,9.999999999995435873e-01,5.554382932393243460e-15,1.000000000000000000e+00,1.000000000000000000e+00,8.303334479290023218e-01,-9.956825775846348536e-01
4.879000000000000004e-01,6.604725119374653675e-01,1.000000000000000000e+00,0.000000000000000000e+00,1.000000000000000000e+00,1.000000000000000000e+00,8.303336978930468959e-01,-9.956825775846348536e-01
4.879000000000000004e-01,6.604841361615109152e-01,1.000000000000000000e+00,0.000000000000000000e+00,1.000000000000000000e+00,1.000000000000000000e+00,8.303337026180497293e-01,-9.956825775846348536e-01
4.879000000000000004e-01,6.604726173018622415e-01,1.000000000000000000e+00,1.047684338150763080e-10,1.000000000000000000e+00,1.000000000000000000e+00,8.303336979650723926e-01,-9.956825775846348536e-01
4.879000000000000004e-01,6.604851089051273494e-01,1.000000000000000000e+00,4.345235420870427732e-11,1.000000000000000000e+00,1.000000000000000000e+00,8.303337025651051917e-01,-9.956825775846348536e-01
4.879000000000000004e-01,6.604839674993291387e-01,1.000000000000000000e+00,3.128009839308160298e-13,1.000000000000000000e+00,1.000000000000000000e+00,8.303337026191859316e-01,-9.956825775846348536e-01
4.879000000000000004e-01,6.604864557357799093e-01,9.999999999999981126e-01,3.798373941055033705e-13,1.000000000000000000e+00,1.000000000000000000e+00,8.303337023934147521e-01,-9.956825775846348536e-01
4.879000000000000004e-01,6.604839573669162300e-01,9.999999999999997780e-01,0.000000000000000000e+00,1.000000000000000000e+00,1.000000000000000000e+00,8.303337026192347814e-01,-9.956825775846348536e-01
4.879000000000000004e-01,6.605671941993304097e-01,9.999999999954144458e-01,6.788200217980272109e-14,1.000000000000000000e+00,1.000000000000000000e+00,8.303334522358842840e-01,-9.956825775846348536e-01
4.879000000000000004e-01,6.604833487311352336e-01,1.000000000000000000e+00,1.080905338955573031e-10,1.000000000000000000e+00,1.000000000000000000e+00,8.303337025908963387e-01,-9.956825775846348536e-01
1.000000000000000000e+00,3.398038229893544648e-01,8.245834384369825631e-01,1.000000000000000000e+00,0.000000000000000000e+00,1.000000000000000000e+00,2.342338630915340725e-01,-6.860120318187581390e-01
1.000000000000000000e+00,3.362960249399904455e-01,7.445201521585905757e-01,1.000000000000000000e+00,0.000000000000000000e+00,1.000000000000000000e+00,2.318073044964201190e-01,-6.521176592422909257e-01
9.999991902365907848e-01,3.623152010690169345e-01,8.282532455146398576e-01,2.042816793139032028e-01,0.000000000000000000e+00,1.000000000000000000e+00,2.489317840995069475e-01,-8.285596022573531449e-01
1.000000000000000000e+00,3.765469474181348253e-01,9.687892687835808481e-01,4.785696150315938563e-02,0.000000000000000000e+00,1.000000000000000000e+00,2.621575233945302452e-01,-9.602153684051999427e-01
4.879000000000000004e-01,6.604725758801655022e-01,9.999999999999642508e-01,0.000000000000000000e+00,1.000000000000000000e+00,1.000000000000000000e+00,8.303336979456981126e-01,-9.956825775846348536e-01
4.879000000000000004e-01,6.604876801492736149e-01,9.999999999999983347e-01,5.638685075554415609e-15,1.000000000000000000e+00,1.000000000000000000e+00,8.303337021182630728e-01,-9.956825775846348536e-01
4.879000000000000004e-01,6.604839567993867622e-01,9.999999999999997780e-01,3.967184796121433925e-13,1.000000000000000000e+00,1.000000000000000000e+00,8.303337026191794923e-01,-9.956825775846348536e-01
4.879000000000000004e-01,6.604721789645309205e-01,9.999999999999669154e-01,1.159094851738641594e-12,1.000000000000000000e+00,1.000000000000000000e+00,8.303336976138404601e-01,-9.956825775846348536e-01
4.879000000000000004e-01,6.604850970258125953e-01,1.000000000000000000e+00,9.759321981273571207e-13,1.000000000000000000e+00,1.000000000000000000e+00,8.303337025720129994e-01,-9.956825775846348536e-01
4.879000000000000004e-01,6.604839573144924980e-01,1.000000000000000000e+00,1.604479875449197530e-16,1.000000000000000000e+00,1.000000000000000000e+00,8.303337026192347814e-01,-9.956825775846348536e-01
4.879000000000000004e-01,6.604839567598956851e-01,1.000000000000000000e+00,0.000000000000000000e+00,1.000000000000000000e+00,1.000000000000000000e+00,8.303337026192350034e-01,-9.956825775846348536e-01
4.879000000000000004e-01,6.604863771732549793e-01,9.999999999999954481e-01,0.000000000000000000e+00,9.999999999999984457e-01,1.000000000000000000e+00,8.303337024074286532e-01,-9.956825775846348536e-01
4.879000000000000004e-01,6.604840134676001062e-01,9.999999999981602494e-01,1.155823405498333735e-10,1.000000000000000000e+00,1.000000000000000000e+00,8.303337026021275769e-01,-9.956825775846348536e-01
4.879000000000000004e-01,6.604712218953219249e-01,9.999999999954564123e-01,9.508366359751591647e-11,1.000000000000000000e+00,1.000000000000000000e+00,8.303336967520580369e-01,-9.956825775846348536e-01
4.879000000000000004e-01,6.604915854129933539e-01,9.999999999996015410e-01,9.849378891582203962e-11,1.000000000000000000e+00,1.000000000000000000e+00,8.303337005032926932e-01,-9.956825775846348536e-01
4.879000000000000004e-01,6.604839579559942386e-01,1.000000000000000000e+00,0.000000000000000000e+00,1.000000000000000000e+00,1.000000000000000000e+00,8.303337026192347814e-01,-9.956825775846348536e-01
4.879000000000000004e-01,6.604723661035496463e-01,1.000000000000000000e+00,0.000000000000000000e+00,1.000000000000000000e+00,1.000000000000000000e+00,8.303336977718238643e-01,-9.956825775846348536e-01
4.879000000000000004e-01,6.604766733257334543e-01,1.000000000000000000e+00,4.076533091762942638e-15,1.000000000000000000e+00,1.000000000000000000e+00,8.303337007053779306e-01,-9.956825775846348536e-01
4.879000000000000004e-01,6.604865764199568945e-01,1.000000000000000000e+00,2.632492063981911034e-16,1.000000000000000000e+00,1.000000000000000000e+00,8.303337023711518938e-01,-9.956825775846348536e-01
4.879000000000000004e-01,6.604836550279661322e-01,1.000000000000000000e+00,0.000000000000000000e+00,1.000000000000000000e+00,1.000000000000000000e+00,8.303337026159878231e-01,-9.956825775846348536e-01
4.879000000000000004e-01,6.604850432950705175e-01,1.000000000000000000e+00,5.637450385633260516e-15,1.000000000000000000e+00,1.000000000000000000e+00,8.303337025764747636e-01,-9.956825775846348536e-01
4.879000000000000004e-01,6.604842556352178429e-01,9.999999999997298827e-01,0.000000000000000000e+00,1.000000000000000000e+00,1.000000000000000000e+00,8.303337026158441603e-01,-9.956825775846348536e-01
4.879000000000002224e-01,6.604728623327634773e-01,9.999999999999981126e-01,0.000000000000000000e+00,1.000000000000000000e+00,1.000000000000000000e+00,8.303336981780353732e-01,-9.956825775846348536e-01
9.999991697328927120e-01,3.368330725481551990e-01,8.098572915708237563e-01,1.000000000000000000e+00,0.000000000000000000e+00,1.000000000000000000e+00,2.337424821401710706e-01,-6.820630108004162029e-01
1.000000000000000000e+00,3.504651463296198366e-01,9.182492134496862413e-01,7.351614056093422889e-01,0.000000000000000000e+00,1.000000000000000000e+00,2.429950575276005331e-01,-7.897590007846675420e-01
4.879000000000000004e-01,6.604767158031666918e-01,9.999999999997164490e-01,3.919229994862125198e-13,1.000000000000000000e+00,1.000000000000000000e+00,8.303337007274533832e-01,-9.956825775846348536e-01
4.879000000000000004e-01,6.604839552322857577e-01,9.999999999999993339e-01,0.000000000000000000e+00,1.000000000000000000e+00,1.000000000000000000e+00,8.303337026192347814e-01,-9.956825775846348536e-01
4.879000000000000004e-01,6.604876889791987393e-01,1.000000000000000000e+00,0.000000000000000000e+00,1.000000000000000000e+00,1.000000000000000000e+00,8.303337021158867515e-01,-9.956825775846348536e-01
1.000000000000000000e+00,3.546891550394598580e-01,9.573141893951236936e-01,6.640710944814233185e-01,1.437649876836253444e-04,1.000000000000000000e+00,2.464213659152843239e-01,-8.112055725962005193e-01
1.000000000000000000e+00,3.339624196616933771e-01,5.996909610762148901e-01,1.000000000000000000e+00,0.000000000000000000e+00,1.000000000000000000e+00,2.294961615358415141e-01,-6.002409572820597283e-01
4.879000000000000004e-01,6.604712371581701325e-01,1.000000000000000000e+00,1.057570545215647482e-10,1.000000000000000000e+00,1.000000000000000000e+00,8.303336967667283020e-01,-9.956825775846348536e-01
