1.000000000000000000e+00,3.358996814737877368e-01,9.325493232682880995e-01,7.965626892975381512e-01,0.000000000000000000e+00,3.333333333333333148e-01,2.334506909221520099e-01,-6.899487834386954788e-01
1.000000000000000000e+00,3.235854839615771028e-01,6.417368439291043503e-01,1.000000000000000000e+00,0.000000000000000000e+00,3.333333333333333148e-01,2.222504560619238401e-01,-5.440747756995797380e-01
1.000000000000000000e+00,3.265731836021361634e-01,7.852754620744738512e-01,9.999995712838911643e-01,0.000000000000000000e+00,3.333333333333333148e-01,2.247306008047048054e-01,-6.031536983985114064e-01
1.000000000000000000e+00,3.619884819194183478e-01,9.658354142732575864e-01,1.014285474158035660e-01,0.000000000000000000e+00,3.333333333333333148e-01,2.506410561142790594e-01,-8.873478600204930400e-01
1.000000000000000000e+00,3.233559628572536537e-01,6.868902634437189514e-01,1.000000000000000000e+00,0.000000000000000000e+00,3.333333333333333148e-01,2.227623231226276146e-01,-5.603241329348842559e-01
1.000000000000000000e+00,3.239604272240082516e-01,5.920026362593572289e-01,9.999999904958976060e-01,4.577032181615066332e-07,3.333333333333333148e-01,2.220324084011288945e-01,-5.255151272079919833e-01
1.000000000000000000e+00,3.675978928453315087e-01,9.769359341315950740e-01,1.086113468387327544e-02,1.788623045792387387e-05,3.333333333333333148e-01,2.539144280291864009e-01,-9.076210774254018787e-01
1.000000000000000000e+00,3.244485287990878097e-01,7.243027219378260773e-01,1.000000000000000000e+00,2.636226035043447912e-08,3.333333333333333148e-01,2.233747816924598339e-01,-5.805377724198789169e-01
1.000000000000000000e+00,3.428450902097374131e-01,9.847869845020430501e-01,7.182695110406551731e-01,2.950143064807507766e-08,3.333333333333333148e-01,2.373618934137055325e-01,-7.332610115801323492e-01
1.000000000000000000e+00,3.391436903056041507e-01,9.680949530253769586e-01,7.965006745772436059e-01,3.190243501106127067e-08,3.333333333333333148e-01,2.349660098412026665e-01,-7.149139878278172322e-01
9.993110730270313713e-01,3.474483057271035569e-01,8.612217605558498690e-01,2.166161385043129939e-01,0.000000000000000000e+00,3.333333333333333148e-01,2.418269060223806055e-01,-8.000129836917684312e-01
1.000000000000000000e+00,3.233657356442643516e-01,6.699565253586483582e-01,1.000000000000000000e+00,0.000000000000000000e+00,3.333333333333333148e-01,2.225377373347425802e-01,-5.532596926227958400e-01
1.000000000000000000e+00,3.264795671782984576e-01,8.087889779069754592e-01,9.999999995451671619e-01,1.714050340884107674e-06,3.333333333333333148e-01,2.253463270559067366e-01,-6.075094832899836650e-01
4.879000000000000004e-01,6.196451797291370189e-01,1.000000000000000000e+00,0.000000000000000000e+00,1.000000000000000000e+00,3.333333333333333148e-01,7.735571279319635174e-01,-9.076210774254018787e-01
1.000000000000000000e+00,3.529396771324548876e-01,9.646687220023035803e-01,3.802978012707370348e-01,3.532583097960484723e-05,3.333333333333333148e-01,2.437676512269403295e-01,-8.000625122541572543e-01
4.879000000000000004e-01,6.196601346187884385e-01,1.000000000000000000e+00,3.303618438447487344e-10,1.000000000000000000e+00,3.333333333333333148e-01,7.735571287949605246e-01,-9.076210774254018787e-01
1.000000000000000000e+00,3.234718927956976575e-01,6.154403729093020914e-01,9.999999967761012964e-01,0.000000000000000000e+00,3.333333333333333148e-01,2.220892435054078184e-01,-5.364860352854223802e-01
1.000000000000000000e+00,3.558696925293579061e-01,9.072495217152442004e-01,1.397014290160573935e-01,0.000000000000000000e+00,3.333333333333333148e-01,2.459670283173540362e-01,-8.197941893518185807e-01
1.000000000000000000e+00,3.588568861695114465e-01,9.563588691160004318e-01,1.828013911067654373e-01,3.441422606138488026e-08,3.333333333333333148e-01,2.479569237267772452e-01,-8.417895622697193492e-01
1.000000000000000000e+00,3.291063558480754603e-01,8.569044067273448029e-01,1.000000000000000000e+00,3.297558065485688074e-07,3.333333333333333148e-01,2.267897733522583337e-01,-6.289567684026853289e-01
1.000000000000000000e+00,3.241249205772406827e-01,6.949867842464124701e-01,1.000000000000000000e+00,0.000000000000000000e+00,3.333333333333333148e-01,2.228762749241910979e-01,-5.627093787687059701e-01
1.000000000000000000e+00,3.562323231368704213e-01,8.619729777588081010e-01,3.177606272818193633e-01,0.000000000000000000e+00,3.333333333333333148e-01,2.407540296978326888e-01,-7.581582881828411447e-01
1.000000000000000000e+00,3.265146673350724504e-01,8.165438016934617460e-01,9.999999999917533744e-01,1.686589392261123246e-06,3.333333333333333148e-01,2.255653305206324344e-01,-6.103581976516416763e-01
4.879000000000000004e-01,6.196633139537163215e-01,9.999999997189388257e-01,3.255825301591351017e-10,1.000000000000000000e+00,3.333333333333333148e-01,7.735571264112428569e-01,-9.076210774254018787e-01
4.879000000000000004e-01,6.197903759919302091e-01,1.000000000000000000e+00,1.515301404848362990e-11,1.000000000000000000e+00,3.333333333333333148e-01,7.735563332399073566e-01,-9.076210774254018787e-01
1.000000000000000000e+00,3.536732425321976736e-01,8.998384981324418774e-01,1.974134112498576177e-01,0.000000000000000000e+00,3.333333333333333148e-01,2.442529762808136051e-01,-8.109774560691530576e-01
1.000000000000000000e+00,3.484982747052994823e-01,8.627375431629232816e-01,2.268651415048452136e-01,0.000000000000000000e+00,3.333333333333333148e-01,2.416260385825521884e-01,-7.799399932829831350e-01
4.879000000000000004e-01,6.196562057898926668e-01,9.999999997803209473e-01,0.000000000000000000e+00,9.999999951857335700e-01,3.333333333333333148e-01,7.735571302969639351e-01,-9.076210774254018787e-01
1.000000000000000000e+00,3.393459049895348190e-01,9.669649361298556789e-01,8.524742099534364792e-01,1.616104343093846622e-08,3.333333333333333148e-01,2.338092267518544765e-01,-7.043358960639691801e-01
4.879000000000000004e-01,6.196431340788733921e-01,1.000000000000000000e+00,0.000000000000000000e+00,1.000000000000000000e+00,3.333333333333333148e-01,7.735571263334137804e-01,-9.076210774254018787e-01
1.000000000000000000e+00,3.238553988025443808e-01,6.051204335296138659e-01,1.000000000000000000e+00,0.000000000000000000e+00,3.333333333333333148e-01,2.220526764376761220e-01,-5.320678040189460445e-01
4.879000000000000004e-01,6.196492889500542223e-01,9.999999999930075933e-01,0.000000000000000000e+00,1.000000000000000000e+00,3.333333333333333148e-01,7.735571300676862272e-01,-9.076210774254018787e-01
1.000000000000000000e+00,3.268645244719772802e-01,8.300581679120024869e-01,9.999995802338504935e-01,0.000000000000000000e+00,3.333333333333333148e-01,2.259590901511008831e-01,-6.156478301060984704e-01
1.000000000000000000e+00,3.239829946735844901e-01,5.900978669276426558e-01,9.999997120938919348e-01,0.000000000000000000e+00,3.333333333333333148e-01,2.220317739619635522e-01,-5.211868572552512680e-01
4.879000067320549139e-01,6.197797813943655143e-01,9.999999999927778882e-01,3.428729334489526338e-14,9.999802828445321090e-01,3.333333333333333148e-01,7.735562903136654622e-01,-9.076210774254018787e-01
1.000000000000000000e+00,3.343241097750366264e-01,9.555864341015166685e-01,1.000000000000000000e+00,0.000000000000000000e+00,3.333333333333333148e-01,2.303650227212559187e-01,-6.738995840334657261e-01
1.000000000000000000e+00,3.562087777794263888e-01,9.816462412246622637e-01,3.130341466525192740e-01,0.000000000000000000e+00,3.333333333333333148e-01,2.463230711191758959e-01,-8.254703382393270283e-01
4.879000000000000004e-01,6.196641367241528808e-01,9.999999997746390479e-01,6.044230102694878546e-12,9.999994762149672090e-01,3.333333333333333148e-01,7.735571216476240242e-01,-9.076210774254018787e-01
1.000000000000000000e+00,3.428887393077454382e-01,9.389324102469716049e-01,6.411044837058540447e-01,0.000000000000000000e+00,3.333333333333333148e-01,2.368506017676279829e-01,-7.193693596422053860e-01
1.000000000000000000e+00,3.318293523266828693e-01,9.348516954297609871e-01,9.993937044634357836e-01,0.000000000000000000e+00,3.333333333333333148e-01,2.295500887632851983e-01,-6.609354831168607891e-01
4.879000000000000004e-01,6.196525851794560946e-01,1.000000000000000000e+00,0.000000000000000000e+00,9.999999935118207839e-01,3.333333333333333148e-01,7.735571307011053221e-01,-9.076210774254018787e-01
1.000000000000000000e+00,3.291939903292281921e-01,8.854843122408981859e-01,9.999997210718700735e-01,0.000000000000000000e+00,3.333333333333333148e-01,2.277376269812548815e-01,-6.410254417314656950e-01
4.879000000000000004e-01,6.202318414654016676e-01,1.000000000000000000e+00,0.000000000000000000e+00,9.998738878586342915e-01,3.333333333333333148e-01,7.735417320583499734e-01,-9.076210774254018787e-01
1.000000000000000000e+00,3.263790665458655704e-01,7.605525230953537053e-01,9.999999904777692183e-01,3.019048887405347204e-07,3.333333333333333148e-01,2.241494187260927307e-01,-5.937675254414734871e-01
1.000000000000000000e+00,3.297267951270547726e-01,8.979645528586781555e-01,1.000000000000000000e+00,3.965863678517309287e-05,3.333333333333333148e-01,2.281769298065507434e-01,-6.505800244938108046e-01
4.879000000000000004e-01,6.196449777083045118e-01,9.999999999981887822e-01,1.479750487293308718e-11,9.999953413998373675e-01,3.333333333333333148e-01,7.735570913464735465e-01,-9.076210774254018787e-01
1.000000000000000000e+00,3.588568861695114465e-01,9.518332584822550846e-01,1.828013911067654373e-01,3.458004109518038996e-08,3.333333333333333148e-01,2.476829195584484278e-01,-8.293514205974868991e-01
1.000000000000000000e+00,3.652353962319077607e-01,9.769359341315950740e-01,6.153328468672489282e-02,1.788539952596234438e-05,3.333333333333333148e-01,2.524974668669403566e-01,-8.926073193274963735e-01
4.879000000042650886e-01,6.196957998495626896e-01,9.999999999941899809e-01,0.000000000000000000e+00,9.999985342642619957e-01,3.333333333333333148e-01,7.735570428336449034e-01,-9.076210774254018787e-01
1.000000000000000000e+00,3.429061198790713805e-01,9.641243951222663311e-01,5.297338262065838244e-01,1.714050340884107674e-06,3.333333333333333148e-01,2.405855237907834898e-01,-7.559237303487601478e-01
4.879000000000000004e-01,6.196890077988380652e-01,9.999999999999860112e-01,0.000000000000000000e+00,9.999996934517486613e-01,3.333333333333333148e-01,7.735570744887663164e-01,-9.076210774254018787e-01
4.879000000009822147e-01,6.196645361308728006e-01,9.999999997747676117e-01,2.520810645327346396e-13,9.999994724545816505e-01,3.333333333333333148e-01,7.735571212466796354e-01,-9.076210774254018787e-01
4.879000000000000004e-01,6.202324272330714816e-01,1.000000000000000000e+00,0.000000000000000000e+00,9.998731225790636890e-01,3.333333333333333148e-01,7.735416962368995009e-01,-9.076210774254018787e-01
1.000000000000000000e+00,3.242638411014929223e-01,7.523899573852950162e-01,1.000000000000000000e+00,0.000000000000000000e+00,3.333333333333333148e-01,2.239555020003577146e-01,-5.836557347255381112e-01
4.879000000000000004e-01,6.196854475609511193e-01,1.000000000000000000e+00,0.000000000000000000e+00,9.999988359244095237e-01,3.333333333333333148e-01,7.735570779661538054e-01,-9.076210774254018787e-01
4.879000000000000004e-01,6.196721451234709077e-01,9.999999999360870140e-01,3.391933505252741408e-10,9.999811984332789283e-01,3.333333333333333148e-01,7.735569680032172712e-01,-9.076210774254018787e-01
1.000000000000000000e+00,3.589668070251774701e-01,9.565114547884647767e-01,1.395795831503213180e-01,0.000000000000000000e+00,3.333333333333333148e-01,2.490372427822895585e-01,-8.457929497068070734e-01
4.879000000000000004e-01,6.199914905504536611e-01,9.999999997085396997e-01,3.318466688183899692e-10,1.000000000000000000e+00,3.333333333333333148e-01,7.735522583091452020e-01,-9.076210774254018787e-01
4.879000000000000004e-01,6.196531236435838252e-01,9.999999999998999689e-01,8.201820696379016719e-17,1.000000000000000000e+00,3.333333333333333148e-01,7.735571307755628734e-01,-9.076210774254018787e-01
4.879000000000000004e-01,6.196449497578544463e-01,1.000000000000000000e+00,0.000000000000000000e+00,1.000000000000000000e+00,3.333333333333333148e-01,7.735571277699537784e-01,-9.076210774254018787e-01
4.879000000000000004e-01,6.196467996263833600e-01,1.000000000000000000e+00,0.000000000000000000e+00,9.999960369105654889e-01,3.333333333333333148e-01,7.735570979365156141e-01,-9.076210774254018787e-01
4.879000724190110660e-01,6.195679447779530724e-01,1.000000000000000000e+00,0.000000000000000000e+00,9.999999999999943379e-01,3.333333333333333148e-01,7.735567816763659899e-01,-9.076210774254018787e-01
1.000000000000000000e+00,3.540235238382737348e-01,9.631284075392467781e-01,3.095913483356305673e-01,0.000000000000000000e+00,3.333333333333333148e-01,2.452997557063210654e-01,-8.177244820231895917e-01
4.879000000125368608e-01,6.202839082069796506e-01,9.999999999996955768e-01,8.217028937698808649e-17,9.998799917595015962e-01,3.333333333333333148e-01,7.735390704669620199e-01,-9.076210774254018787e-01
4.879003125676779629e-01,6.196024405336457708e-01,9.999999997916567684e-01,0.000000000000000000e+00,9.999999892191302475e-01,3.333333333333333148e-01,7.735568469388864887e-01,-9.076210774254018787e-01
4.879000000000000004e-01,6.202377728953561986e-01,1.000000000000000000e+00,0.000000000000000000e+00,9.998736655202721257e-01,3.333333333333333148e-01,7.735414328114971205e-01,-9.076210774254018787e-01
4.879000000004124482e-01,6.196433713050264469e-01,1.000000000000000000e+00,8.201253777433500758e-17,1.000000000000000000e+00,3.333333333333333148e-01,7.735571265367442439e-01,-9.076210774254018787e-01
4.879000000000000004e-01,6.196750182861294753e-01,9.999999985017007376e-01,0.000000000000000000e+00,9.999988884712737169e-01,3.333333333333333148e-01,7.735571014613606966e-01,-9.076210774254018787e-01
4.879000000000000004e-01,6.202861091624267686e-01,9.999999999975529574e-01,0.000000000000000000e+00,9.998709485374911443e-01,3.333333333333333148e-01,7.735388719471931740e-01,-9.076210774254018787e-01
4.879000000000000004e-01,6.201384885000236213e-01,9.999999997929959195e-01,0.000000000000000000e+00,9.999966988937899481e-01,3.333333333333333148e-01,7.735470509287218910e-01,-9.076210774254018787e-01
4.879000000000000004e-01,6.199864668250137933e-01,1.000000000000000000e+00,3.189996853170751076e-10,9.998790852820684805e-01,3.333333333333333148e-01,7.735514012554056684e-01,-9.076210774254018787e-01
4.879000000000000004e-01,6.196878721614206276e-01,1.000000000000000000e+00,3.378186962655613723e-10,9.999803571356353782e-01,3.333333333333333148e-01,7.735569254652401305e-01,-9.076210774254018787e-01
4.879000000000000004e-01,6.196850949104576456e-01,9.999999999357757074e-01,3.530460839784036321e-10,9.999800805276237714e-01,3.333333333333333148e-01,7.735569311308900797e-01,-9.076210774254018787e-01
4.879000000000000004e-01,6.201251656651737276e-01,9.999999996831285820e-01,0.000000000000000000e+00,9.999899406155137171e-01,3.333333333333333148e-01,7.735475401432809761e-01,-9.076210774254018787e-01
1.000000000000000000e+00,3.423407664153680918e-01,9.644636261020369528e-01,6.480144049462961409e-01,0.000000000000000000e+00,3.333333333333333148e-01,2.378861590151669647e-01,-7.527106912122994986e-01
1.000000000000000000e+00,3.316200343285584107e-01,8.984453951377001646e-01,9.699054242552089811e-01,0.000000000000000000e+00,3.333333333333333148e-01,2.287640664998460416e-01,-6.568801300367743679e-01
4.879000066307997430e-01,6.196786592152923046e-01,9.999999999962091435e-01,0.000000000000000000e+00,9.999990394706639307e-01,3.333333333333333148e-01,7.735570923683461331e-01,-9.076210774254018787e-01
1.000000000000000000e+00,3.209020402693184559e-01,4.889953359556488688e-01,1.000000000000000000e+00,1.000000000000000000e+00,3.333333333333333148e-01,2.216054207920561958e-01,-4.901738847812000532e-01
1.000000000000000000e+00,3.610635744971332772e-01,9.658354142732575864e-01,1.396264392177614944e-01,0.000000000000000000e+00,3.333333333333333148e-01,2.496530491460968726e-01,-8.564989983914443883e-01
4.879000000000000004e-01,6.083181832042162673e-01,1.000000000000000000e+00,7.979078754484489806e-17,9.998947804254157967e-01,3.333333333333333148e-01,7.689786409180157101e-01,-9.076210774254018787e-01
4.879000707741290022e-01,6.196216196226621564e-01,9.999999999992232880e-01,0.000000000000000000e+00,9.999952544885659655e-01,3.333333333333333148e-01,7.735570116119792061e-01,-9.076210774254018787e-01
4.879000000004113380e-01,6.196433666912378735e-01,9.999999999981887822e-01,1.525359491542202303e-11,1.000000000000000000e+00,3.333333333333333148e-01,7.735571265299261423e-01,-9.076210774254018787e-01
4.879000000000000004e-01,6.200027681065923835e-01,1.000000000000000000e+00,5.285682128907222930e-12,9.998790997814934745e-01,3.333333333333333148e-01,7.735509233849775512e-01,-9.076210774254018787e-01
4.879000000000000004e-01,6.196338079715490998e-01,1.000000000000000000e+00,0.000000000000000000e+00,1.000000000000000000e+00,3.333333333333333148e-01,7.735571145511319635e-01,-9.076210774254018787e-01
4.879000000331455422e-01,6.196642364994850993e-01,9.999999999962091435e-01,5.736182524618737737e-12,9.999994762149672090e-01,3.333333333333333148e-01,7.735571216417098661e-01,-9.076210774254018787e-01
4.879000001120346597e-01,6.197812465373754298e-01,9.999999999358313296e-01,0.000000000000000000e+00,9.999792238749758422e-01,3.333333333333333148e-01,7.735562697114721775e-01,-9.076210774254018787e-01
4.879000684626157436e-01,6.196858913380671741e-01,9.999999997831584553e-01,6.332092970398371768e-15,9.999989935838975441e-01,3.333333333333333148e-01,7.735570393378627951e-01,-9.076210774254018787e-01
4.879000000004658499e-01,6.196337686982466009e-01,1.000000000000000000e+00,0.000000000000000000e+00,1.000000000000000000e+00,3.333333333333333148e-01,7.735571144856703274e-01,-9.076210774254018787e-01
4.879000000000000004e-01,6.196372974064653372e-01,9.999999999924937821e-01,3.468216325155311301e-14,9.999745885965622971e-01,3.333333333333333148e-01,7.735569212899846558e-01,-9.076210774254018787e-01
4.879000000000000004e-01,6.203193542079912248e-01,9.999999997715476319e-01,2.857992434669233066e-14,9.999994762149672090e-01,3.333333333333333148e-01,7.735381307141047103e-01,-9.076210774254018787e-01
4.879000067320549139e-01,6.196440680902999265e-01,9.999999999984238164e-01,0.000000000000000000e+00,1.000000000000000000e+00,3.333333333333333148e-01,7.735571233402878111e-01,-9.076210774254018787e-01
4.879000000000000004e-01,6.196425218479940655e-01,1.000000000000000000e+00,0.000000000000000000e+00,1.000000000000000000e+00,3.333333333333333148e-01,7.735571257860227590e-01,-9.076210774254018787e-01
4.879000000000000004e-01,6.196680244787658998e-01,1.000000000000000000e+00,7.061878786916702264e-12,9.999802828445321090e-01,3.333333333333333148e-01,7.735569668322368475e-01,-9.076210774254018787e-01
4.879000000004582449e-01,6.196741375585747003e-01,1.000000000000000000e+00,0.000000000000000000e+00,9.999988805028318106e-01,3.333333333333333148e-01,7.735571036895974029e-01,-9.076210774254018787e-01
4.879000000331455422e-01,6.201042166204507877e-01,1.000000000000000000e+00,3.335903550440066126e-13,9.999898306824227534e-01,3.333333333333333148e-01,7.735483677406935765e-01,-9.076210774254018787e-01
4.879000001124500496e-01,6.197740931963703348e-01,9.999999999774575876e-01,0.000000000000000000e+00,9.999791216068338873e-01,3.333333333333333148e-01,7.735563447268576365e-01,-9.076210774254018787e-01
4.879000001050374236e-01,6.202886184879616849e-01,9.999999999995452526e-01,8.699552203958113661e-17,9.998810494762239154e-01,3.333333333333333148e-01,7.735388224074650765e-01,-9.076210774254018787e-01
4.879000001533388420e-01,6.201384885000236213e-01,9.999999998019486469e-01,3.497203438697479694e-14,9.999803237164643921e-01,3.333333333333333148e-01,7.735469119231059842e-01,-9.076210774254018787e-01
4.879000000000000004e-01,6.201496039365823609e-01,9.999999997750619318e-01,2.756936103916298863e-13,9.999966152335501013e-01,3.333333333333333148e-01,7.735465825048433164e-01,-9.076210774254018787e-01
1.000000000000000000e+00,3.360361839132428030e-01,9.568650132166606204e-01,9.110336693234509786e-01,3.613194072512585083e-08,3.333333333333333148e-01,2.321723468191896900e-01,-6.860193632167016498e-01
