1.000000000000000000e+00,3.559373417488455593e-01,9.071582947015038867e-01,1.394363729779943273e-01,0.000000000000000000e+00,2.222222222222222099e-01,2.442833704329933076e-01,-8.101695935314499053e-01
1.000000000000000000e+00,3.491487137257749396e-01,9.618812288879012851e-01,3.591185071303796272e-01,0.000000000000000000e+00,2.222222222222222099e-01,2.422526308876272738e-01,-8.059166218513841295e-01
1.000000000000000000e+00,3.383308577558846730e-01,9.664018900659011591e-01,8.518361748779823550e-01,2.789118639591969817e-03,2.222222222222222099e-01,2.321696123877016182e-01,-6.892128210504300245e-01
1.000000000000000000e+00,3.559256895029237477e-01,9.267219833474190649e-01,1.399219013083944918e-01,0.000000000000000000e+00,2.222222222222222099e-01,2.453500369747966259e-01,-8.220461327397829976e-01
1.000000000000000000e+00,3.217359596631052532e-01,6.657228514164367228e-01,1.000000000000000000e+00,0.000000000000000000e+00,2.222222222222222099e-01,2.208965160111540926e-01,-5.409481067934891474e-01
1.000000000000000000e+00,3.280718596757430938e-01,8.853301476860168107e-01,1.000000000000000000e+00,4.993287992389831425e-08,2.222222222222222099e-01,2.259973444715149271e-01,-6.389561778629319067e-01
1.000000000000000000e+00,3.223118961379778380e-01,5.929420524986066532e-01,1.000000000000000000e+00,0.000000000000000000e+00,2.222222222222222099e-01,2.204731992834988996e-01,-5.142734901408742010e-01
1.000000000000000000e+00,3.593820416093569947e-01,9.662865587440480075e-01,1.402444049256570402e-01,0.000000000000000000e+00,2.222222222222222099e-01,2.478197459035060279e-01,-8.564989983914443883e-01
9.999996161277059370e-01,3.302213446576123257e-01,9.596766862665383480e-01,1.000000000000000000e+00,2.926979974569531064e-08,2.222222222222222099e-01,2.287406368011679902e-01,-6.646311865051751644e-01
9.999996187512681933e-01,3.348494752874764946e-01,9.301693966026814975e-01,7.982182094678266226e-01,0.000000000000000000e+00,2.222222222222222099e-01,2.315312301937478279e-01,-6.777225169832391538e-01
9.999996283465352187e-01,3.301962152933607952e-01,9.025207524350113975e-01,8.130005011943048920e-01,1.881003606048743554e-05,2.222222222222222099e-01,2.302558261003297413e-01,-6.658823915242945146e-01
1.000000000000000000e+00,3.367405348440449253e-01,9.387937415827121157e-01,7.212451261167026617e-01,0.000000000000000000e+00,2.222222222222222099e-01,2.334250768649430707e-01,-7.029652514366310223e-01
1.000000000000000000e+00,3.668489429885806175e-01,9.773954384479396351e-01,1.278612929126532460e-02,0.000000000000000000e+00,2.222222222222222099e-01,2.520443264831208618e-01,-9.076210774254018787e-01
1.000000000000000000e+00,3.294917881000252180e-01,9.302133380186023981e-01,1.000000000000000000e+00,0.000000000000000000e+00,2.222222222222222099e-01,2.275885666797087536e-01,-6.544326364946578822e-01
1.000000000000000000e+00,3.216618887016723383e-01,6.679133637279712765e-01,1.000000000000000000e+00,0.000000000000000000e+00,2.222222222222222099e-01,2.209212280280055674e-01,-5.475011263584144139e-01
1.000000000000000000e+00,3.561875115498054356e-01,9.267722446688201332e-01,8.762951930088390406e-02,8.643995462019860812e-06,2.222222222222222099e-01,2.465788448947199285e-01,-8.300946155306905272e-01
4.879041821142124369e-01,6.142839963562234384e-01,1.000000000000000000e+00,1.556394767137551530e-08,9.535258123644624328e-01,2.222222222222222099e-01,7.632375058929889988e-01,-9.076210774254018787e-01
1.000000000000000000e+00,3.223322171870756092e-01,7.078916335735311316e-01,1.000000000000000000e+00,4.726546600324696564e-06,2.222222222222222099e-01,2.214724782348986565e-01,-5.690883422820849358e-01
9.991986488323506554e-01,3.595680681694025105e-01,9.845086948947132655e-01,1.398273123250652339e-01,0.000000000000000000e+00,2.222222222222222099e-01,2.490796691778200955e-01,-8.646189843957161614e-01
1.000000000000000000e+00,3.401344104183848249e-01,9.845191563571124016e-01,7.212451261167026617e-01,0.000000000000000000e+00,2.222222222222222099e-01,2.354653902898053985e-01,-7.234179512257556954e-01
1.000000000000000000e+00,3.356732844545571304e-01,9.210048873050012963e-01,7.212723858427970702e-01,0.000000000000000000e+00,2.222222222222222099e-01,2.326760916432448756e-01,-6.914496526889259975e-01
1.000000000000000000e+00,3.280257195786743241e-01,8.474146094765144799e-01,1.000000000000000000e+00,0.000000000000000000e+00,2.222222222222222099e-01,2.248395274304179348e-01,-6.220021037463044911e-01
4.879000000000000004e-01,6.129183272129790083e-01,1.000000000000000000e+00,0.000000000000000000e+00,9.999369746235891032e-01,2.222222222222222099e-01,7.638126945425223191e-01,-9.076210774254018787e-01
4.879000000000000004e-01,6.129050217733907902e-01,1.000000000000000000e+00,0.000000000000000000e+00,1.000000000000000000e+00,2.222222222222222099e-01,7.638132464794917809e-01,-9.076210774254018787e-01
4.890406209994457853e-01,6.204792173522957199e-01,1.000000000000000000e+00,0.000000000000000000e+00,9.999370155092180967e-01,2.222222222222222099e-01,7.593585242089061493e-01,-9.076210774254018787e-01
4.879072002451690371e-01,6.135099688378660154e-01,1.000000000000000000e+00,0.000000000000000000e+00,9.983683882075917726e-01,2.222222222222222099e-01,7.637760025930713237e-01,-9.076210774254018787e-01
1.000000000000000000e+00,3.049230233898154729e-01,5.179120374834984553e-01,9.999000730908716994e-01,1.000000000000000000e+00,2.222222222222222099e-01,2.192600626273310538e-01,-4.945082160350559031e-01
1.000000000000000000e+00,3.217241508461082256e-01,7.018861648883618631e-01,1.000000000000000000e+00,1.115749822517000811e-07,2.222222222222222099e-01,2.213796035020423880e-01,-5.588653964983728573e-01
4.879041821142124369e-01,6.142839963562234384e-01,9.999999999999842348e-01,0.000000000000000000e+00,9.534262681207208434e-01,2.222222222222222099e-01,7.632363714303618263e-01,-9.076210774254018787e-01
4.879000000000000004e-01,6.128399266960729008e-01,1.000000000000000000e+00,0.000000000000000000e+00,1.000000000000000000e+00,2.222222222222222099e-01,7.638134125435183108e-01,-9.076210774254018787e-01
1.000000000000000000e+00,3.459460162529823246e-01,9.689387165138482194e-01,4.653414036047300306e-01,4.467839406820550588e-04,2.222222222222222099e-01,2.402572960626019050e-01,-7.660521085303806377e-01
4.879000000000000004e-01,6.142033175681196333e-01,1.000000000000000000e+00,0.000000000000000000e+00,1.000000000000000000e+00,2.222222222222222099e-01,7.637316049940450213e-01,-9.076210774254018787e-01
4.879000000000002224e-01,6.128719420775223803e-01,9.999999979080685941e-01,0.000000000000000000e+00,9.999902766195549741e-01,2.222222222222222099e-01,7.638133034889971196e-01,-9.076210774254018787e-01
1.000000000000000000e+00,3.339512961632369326e-01,9.059576781857117123e-01,7.954971362230858212e-01,0.000000000000000000e+00,2.222222222222222099e-01,2.306297828713045339e-01,-6.719906110342185324e-01
4.879000000022948869e-01,6.129054554325999993e-01,1.000000000000000000e+00,0.000000000000000000e+00,9.999965590051980158e-01,2.222222222222222099e-01,7.638132183918671103e-01,-9.076210774254018787e-01
4.879001217593732509e-01,6.111938021463936277e-01,9.999999999999843459e-01,0.000000000000000000e+00,9.703665915158373734e-01,2.222222222222222099e-01,7.635259864791446027e-01,-9.076210774254018787e-01
4.879000000000000004e-01,6.112342797398537808e-01,1.000000000000000000e+00,0.000000000000000000e+00,1.000000000000000000e+00,2.222222222222222099e-01,7.637041259787598069e-01,-9.076210774254018787e-01
4.879073501488750964e-01,6.132032534452953598e-01,9.999990672778786838e-01,0.000000000000000000e+00,1.000000000000000000e+00,2.222222222222222099e-01,7.638030889148097469e-01,-9.076210774254018787e-01
4.879000000021400107e-01,6.129054554325999993e-01,1.000000000000000000e+00,0.000000000000000000e+00,9.999998700195923407e-01,2.222222222222222099e-01,7.638132431668052114e-01,-9.076210774254018787e-01
4.880096758417027392e-01,6.128855412103301203e-01,1.000000000000000000e+00,0.000000000000000000e+00,1.000000000000000000e+00,2.222222222222222099e-01,7.637527410906512770e-01,-9.076210774254018787e-01
4.879000000000000004e-01,6.143528637564854566e-01,9.999999998997733952e-01,0.000000000000000000e+00,9.541884940626156331e-01,2.222222222222222099e-01,7.632344466134730609e-01,-9.076210774254018787e-01
1.000000000000000000e+00,3.596337340666274085e-01,9.665331690154648214e-01,1.010615507932349499e-01,0.000000000000000000e+00,2.222222222222222099e-01,2.488263310473379508e-01,-8.620379586533445382e-01
4.879000000000000004e-01,6.129396399188423716e-01,9.999999999985849097e-01,0.000000000000000000e+00,1.000000000000000000e+00,2.222222222222222099e-01,7.638130083559537820e-01,-9.076210774254018787e-01
1.000000000000000000e+00,3.216639775851526384e-01,6.504889966338956997e-01,1.000000000000000000e+00,0.000000000000000000e+00,2.222222222222222099e-01,2.207451041000050851e-01,-5.286612542353694710e-01
4.879000000000000004e-01,6.113374619961025047e-01,1.000000000000000000e+00,0.000000000000000000e+00,9.284595364971260922e-01,2.222222222222222099e-01,7.632256607267140502e-01,-9.076210774254018787e-01
4.879072443015471383e-01,6.142824477557499163e-01,1.000000000000000000e+00,0.000000000000000000e+00,1.000000000000000000e+00,2.222222222222222099e-01,7.637168093780999367e-01,-9.076210774254018787e-01
9.999999999875255341e-01,3.227273307953646420e-01,7.649506050754695252e-01,1.000000000000000000e+00,0.000000000000000000e+00,2.222222222222222099e-01,2.225893140448085561e-01,-5.792485236409630200e-01
1.000000000000000000e+00,3.402253738391327054e-01,9.611545219045898314e-01,6.583847724307422267e-01,0.000000000000000000e+00,2.222222222222222099e-01,2.357019792002584269e-01,-7.313237780434936885e-01
4.879000000000000004e-01,6.129921961728452828e-01,1.000000000000000000e+00,0.000000000000000000e+00,9.999999526446748943e-01,2.222222222222222099e-01,7.638124471824592199e-01,-9.076210774254018787e-01
9.999707547447181932e-01,3.596851891753564678e-01,9.770474160761167814e-01,1.002989675729746566e-01,3.481578644871438378e-08,2.222222222222222099e-01,2.495693212748241463e-01,-8.873720735822432371e-01
4.879000265005312698e-01,6.135217546290094859e-01,1.000000000000000000e+00,0.000000000000000000e+00,1.000000000000000000e+00,2.222222222222222099e-01,7.637932429569243009e-01,-9.076210774254018787e-01
4.879000000000000004e-01,6.128399266960729008e-01,1.000000000000000000e+00,0.000000000000000000e+00,1.000000000000000000e+00,2.222222222222222099e-01,7.638134125435183108e-01,-9.076210774254018787e-01
1.000000000000000000e+00,3.462201448257226089e-01,9.660782924307694808e-01,4.049974328165395487e-01,4.443304672931662892e-04,2.222222222222222099e-01,2.415166719075585444e-01,-7.808639476600817142e-01
4.879000000000000004e-01,6.142865623061671831e-01,9.999999999999998890e-01,0.000000000000000000e+00,9.995313560596044145e-01,2.222222222222222099e-01,7.637167642222129071e-01,-9.076210774254018787e-01
4.879000000000000004e-01,6.115271287847782178e-01,1.000000000000000000e+00,0.000000000000000000e+00,1.000000000000000000e+00,2.222222222222222099e-01,7.637399580730843685e-01,-9.076210774254018787e-01
4.879000000000000004e-01,6.128390108159782468e-01,9.999999999999636957e-01,0.000000000000000000e+00,1.000000000000000000e+00,2.222222222222222099e-01,7.638134122602564524e-01,-9.076210774254018787e-01
4.879000000000000004e-01,6.131849180291357726e-01,9.999990336593911344e-01,3.324452472196533292e-11,1.000000000000000000e+00,2.222222222222222099e-01,7.638078699513282110e-01,-9.076210774254018787e-01
1.000000000000000000e+00,3.217357335776012683e-01,6.052931528346247037e-01,9.999999050901303699e-01,0.000000000000000000e+00,2.222222222222222099e-01,2.204892838686845769e-01,-5.188688227960736032e-01
4.879072002451690371e-01,6.128360035220802304e-01,1.000000000000000000e+00,0.000000000000000000e+00,9.983421632999385231e-01,2.222222222222222099e-01,7.637971800562897151e-01,-9.076210774254018787e-01
4.879000000000401904e-01,6.129993092286687428e-01,1.000000000000000000e+00,0.000000000000000000e+00,1.000000000000000000e+00,2.222222222222222099e-01,7.638123531505458530e-01,-9.076210774254018787e-01
4.879041106750393597e-01,6.129523241285678159e-01,9.999999980156430990e-01,1.576304036284890985e-08,9.971961481854770826e-01,2.222222222222222099e-01,7.637893061665781413e-01,-9.076210774254018787e-01
4.879000000000000004e-01,6.142712614224321577e-01,1.000000000000000000e+00,3.124212205393907501e-11,9.995324303723768233e-01,2.222222222222222099e-01,7.637187509212404191e-01,-9.076210774254018787e-01
9.999996262904771172e-01,3.401344805299144070e-01,9.594266149310225478e-01,7.212451261167026617e-01,0.000000000000000000e+00,2.222222222222222099e-01,2.343559047565993980e-01,-7.139722646663463346e-01
1.000000000000000000e+00,3.217284460061000106e-01,6.567481482189232445e-01,9.999997887993241630e-01,0.000000000000000000e+00,2.222222222222222099e-01,2.208034098740217499e-01,-5.336045992199206500e-01
4.879000021926040431e-01,6.107950042668905954e-01,9.999990748817570996e-01,8.856082749730020381e-13,9.155555636403912567e-01,2.222222222222222099e-01,7.630892903991508547e-01,-9.076210774254018787e-01
4.879000003014822839e-01,6.128439395183414851e-01,1.000000000000000000e+00,0.000000000000000000e+00,9.999999991287257251e-01,2.222222222222222099e-01,7.638134127578646293e-01,-9.076210774254018787e-01
4.879000000000000004e-01,6.128679322354415593e-01,9.999991472858626995e-01,3.449037425419964425e-11,1.000000000000000000e+00,2.222222222222222099e-01,7.638129905224297911e-01,-9.076210774254018787e-01
1.000000000000000000e+00,3.348525940905777709e-01,9.239677057629911427e-01,7.990695641736718091e-01,0.000000000000000000e+00,2.222222222222222099e-01,2.312685472906025053e-01,-6.727000312322171105e-01
1.000000000000000000e+00,3.446069021169615998e-01,9.413650693499682198e-01,5.492836424979283816e-01,0.000000000000000000e+00,2.222222222222222099e-01,2.371281227636707900e-01,-7.321490634042501222e-01
4.879000000000000004e-01,6.129623185634102134e-01,1.000000000000000000e+00,0.000000000000000000e+00,1.000000000000000000e+00,2.222222222222222099e-01,7.638127958603302403e-01,-9.076210774254018787e-01
1.000000000000000000e+00,3.445733418773712642e-01,9.773020429395320452e-01,5.783845651353888284e-01,0.000000000000000000e+00,2.222222222222222099e-01,2.381792150171179179e-01,-7.445843814598592791e-01
1.000000000000000000e+00,3.237791142874600347e-01,7.853303714198802687e-01,1.000000000000000000e+00,0.000000000000000000e+00,2.222222222222222099e-01,2.230647760558511217e-01,-5.979632830938134136e-01
4.879072443015471383e-01,6.142825277441649190e-01,1.000000000000000000e+00,0.000000000000000000e+00,9.999581784933877504e-01,2.222222222222222099e-01,7.637164061386270131e-01,-9.076210774254018787e-01
4.879000000000000004e-01,6.128678662390533161e-01,9.999991216077168676e-01,4.553107267207691468e-13,1.000000000000000000e+00,2.222222222222222099e-01,7.638129787575902441e-01,-9.076210774254018787e-01
9.999996187512681933e-01,3.457385238958899376e-01,9.483161872657104308e-01,4.824880701783607062e-01,3.423038624655575989e-08,2.222222222222222099e-01,2.388216543232325739e-01,-7.583876382226809598e-01
4.879025321039661689e-01,6.128558952245330982e-01,1.000000000000000000e+00,0.000000000000000000e+00,1.000000000000000000e+00,2.222222222222222099e-01,7.638120253906817148e-01,-9.076210774254018787e-01
4.889516860757559535e-01,6.128129648614104585e-01,9.998870613041644928e-01,0.000000000000000000e+00,1.000000000000000000e+00,2.222222222222222099e-01,7.631396419907610085e-01,-9.076210774254018787e-01
4.889330428644887983e-01,6.127413999555927360e-01,9.999989768607566720e-01,0.000000000000000000e+00,1.000000000000000000e+00,2.222222222222222099e-01,7.632124435444047617e-01,-9.076210774254018787e-01
4.879000000000000004e-01,6.130024230975531507e-01,1.000000000000000000e+00,0.000000000000000000e+00,1.000000000000000000e+00,2.222222222222222099e-01,7.638123104402250174e-01,-9.076210774254018787e-01
4.879116629188358645e-01,6.129042837265550325e-01,1.000000000000000000e+00,0.000000000000000000e+00,1.000000000000000000e+00,2.222222222222222099e-01,7.638068379766600469e-01,-9.076210774254018787e-01
4.879000190604209641e-01,6.112308833856371360e-01,1.000000000000000000e+00,0.000000000000000000e+00,1.000000000000000000e+00,2.222222222222222099e-01,7.637036620766632922e-01,-9.076210774254018787e-01
9.999871593319983321e-01,3.595667855605801377e-01,9.571138636648304221e-01,1.397453328957460328e-01,0.000000000000000000e+00,2.222222222222222099e-01,2.472810559563878297e-01,-8.328426566142098642e-01
4.879000000000000004e-01,6.109856816358543163e-01,9.999990337470839874e-01,3.310159183761280268e-11,9.975626698156275785e-01,2.222222222222222099e-01,7.636554823666457104e-01,-9.076210774254018787e-01
4.890461189574593637e-01,6.128286226716210816e-01,1.000000000000000000e+00,0.000000000000000000e+00,1.000000000000000000e+00,2.222222222222222099e-01,7.631328574396121223e-01,-9.076210774254018787e-01
1.000000000000000000e+00,3.398638224959295573e-01,9.396755636432322367e-01,6.409830000822743790e-01,0.000000000000000000e+00,2.222222222222222099e-01,2.350889843596049855e-01,-7.168514098386167266e-01
4.879000231578887736e-01,6.128129928286079053e-01,1.000000000000000000e+00,0.000000000000000000e+00,1.000000000000000000e+00,2.222222222222222099e-01,7.638133613565347702e-01,-9.076210774254018787e-01
4.879000000000000004e-01,6.128381128440912873e-01,9.999999999999991118e-01,0.000000000000000000e+00,1.000000000000000000e+00,2.222222222222222099e-01,7.638134119120609800e-01,-9.076210774254018787e-01
4.879000000000000004e-01,6.128434445730042146e-01,1.000000000000000000e+00,0.000000000000000000e+00,1.000000000000000000e+00,2.222222222222222099e-01,7.638134129562403896e-01,-9.076210774254018787e-01
4.879000000000000004e-01,6.128435408222054903e-01,9.999999999999982236e-01,0.000000000000000000e+00,1.000000000000000000e+00,2.222222222222222099e-01,7.638134129524716265e-01,-9.076210774254018787e-01
4.879000000000000004e-01,6.128540001162140483e-01,1.000000000000000000e+00,0.000000000000000000e+00,1.000000000000000000e+00,2.222222222222222099e-01,7.638134077622464879e-01,-9.076210774254018787e-01
1.000000000000000000e+00,3.444037330141785924e-01,9.472346872790609051e-01,5.159448856955147766e-01,0.000000000000000000e+00,2.222222222222222099e-01,2.380485068626172485e-01,-7.425338834083391459e-01
4.879000000000000004e-01,6.128382443235175225e-01,1.000000000000000000e+00,0.000000000000000000e+00,1.000000000000000000e+00,2.222222222222222099e-01,7.638134119674082623e-01,-9.076210774254018787e-01
4.879000241600200405e-01,6.109267200156568434e-01,1.000000000000000000e+00,3.303684350868118300e-11,9.976075508003502401e-01,2.222222222222222099e-01,7.636470619693904727e-01,-9.076210774254018787e-01
1.000000000000000000e+00,3.444001832144864550e-01,9.470785788554081375e-01,5.492836424979283816e-01,0.000000000000000000e+00,2.222222222222222099e-01,2.373683088091739779e-01,-7.398520212619180692e-01
4.879000000000000004e-01,6.128540001162140483e-01,1.000000000000000000e+00,1.154806771702619537e-12,1.000000000000000000e+00,2.222222222222222099e-01,7.638134077620917228e-01,-9.076210774254018787e-01
9.999999999997710720e-01,3.227545127638969946e-01,7.571762898737779413e-01,1.000000000000000000e+00,0.000000000000000000e+00,2.222222222222222099e-01,2.224135719751543228e-01,-5.775792674369747415e-01
1.000000000000000000e+00,3.490013333104859949e-01,9.903618121668764651e-01,4.657881614379419943e-01,7.289883149120244838e-06,2.222222222222222099e-01,2.413639259450134356e-01,-7.740683039832914059e-01
4.879025321039661689e-01,6.110170084928879808e-01,1.000000000000000000e+00,0.000000000000000000e+00,9.182260552948361410e-01,2.222222222222222099e-01,7.631236105609446874e-01,-9.076210774254018787e-01
4.879000000000046078e-01,6.131701059974361545e-01,9.999991093677998988e-01,4.001518932290082243e-14,9.999954160419958216e-01,2.222222222222222099e-01,7.638083023945883010e-01,-9.076210774254018787e-01
1.000000000000000000e+00,3.217331543866159271e-01,6.241910546668678617e-01,9.999997899775141530e-01,6.030563867791560093e-09,2.222222222222222099e-01,2.205594120623222965e-01,-5.236009572164244119e-01
