5.000000000000000000e+02,2.937115000000000142e-01
1.000000000000000000e+03,3.887650999999999746e-01
1.500000000000000000e+03,3.890178000000000247e-01
2.000000000000000000e+03,3.893788999999999723e-01
2.500000000000000000e+03,3.992708999999999842e-01
3.000000000000000000e+03,4.017477999999999883e-01
3.500000000000000000e+03,4.019278000000000017e-01
4.000000000000000000e+03,4.022529000000000243e-01
4.500000000000000000e+03,4.173019000000000034e-01
5.000000000000000000e+03,4.238080000000000180e-01
5.500000000000000000e+03,4.240865999999999802e-01
6.000000000000000000e+03,4.265234999999999999e-01
6.500000000000000000e+03,4.265456000000000247e-01
7.000000000000000000e+03,4.265776000000000012e-01
7.500000000000000000e+03,4.267678999999999778e-01
8.000000000000000000e+03,4.299325999999999981e-01
8.500000000000000000e+03,4.307946999999999749e-01
9.000000000000000000e+03,4.347256999999999927e-01
9.500000000000000000e+03,4.457129000000000230e-01
1.000000000000000000e+04,4.457439999999999736e-01
1.050000000000000000e+04,4.460096000000000060e-01
1.100000000000000000e+04,4.483131000000000199e-01
1.150000000000000000e+04,4.483571000000000084e-01
1.200000000000000000e+04,4.550823999999999980e-01
1.250000000000000000e+04,4.564617000000000258e-01
1.300000000000000000e+04,4.571568999999999772e-01
1.350000000000000000e+04,4.571902999999999939e-01
1.400000000000000000e+04,4.777486000000000232e-01
1.450000000000000000e+04,4.777925000000000089e-01
1.500000000000000000e+04,4.792028999999999872e-01
1.550000000000000000e+04,4.815594999999999737e-01
1.600000000000000000e+04,4.816210000000000213e-01
1.650000000000000000e+04,4.839377999999999735e-01
1.700000000000000000e+04,4.859102000000000143e-01
1.750000000000000000e+04,4.946999000000000257e-01
1.800000000000000000e+04,4.946999000000000257e-01
1.850000000000000000e+04,4.958539000000000141e-01
1.900000000000000000e+04,5.114092000000000082e-01
1.950000000000000000e+04,5.114216999999999791e-01
2.000000000000000000e+04,5.114446999999999743e-01
2.050000000000000000e+04,5.121687000000000323e-01
2.100000000000000000e+04,5.123851000000000377e-01
2.150000000000000000e+04,5.124161999999999884e-01
2.200000000000000000e+04,5.141750000000000487e-01
2.250000000000000000e+04,5.141845000000000443e-01
2.300000000000000000e+04,5.146579999999999488e-01
2.350000000000000000e+04,5.146623000000000170e-01
2.400000000000000000e+04,5.146811999999999498e-01
2.450000000000000000e+04,5.147979999999999778e-01
2.500000000000000000e+04,5.148042999999999925e-01
2.550000000000000000e+04,5.148158000000000456e-01
2.600000000000000000e+04,5.148293999999999926e-01
2.650000000000000000e+04,5.148306000000000271e-01
2.700000000000000000e+04,5.148582000000000436e-01
2.750000000000000000e+04,5.148644999999999472e-01
2.800000000000000000e+04,5.149911000000000350e-01
2.850000000000000000e+04,5.149979999999999558e-01
2.900000000000000000e+04,5.150015999999999483e-01
2.950000000000000000e+04,5.150107000000000435e-01
3.000000000000000000e+04,5.150291999999999648e-01
3.050000000000000000e+04,5.150325000000000042e-01
3.100000000000000000e+04,5.150371000000000254e-01
3.150000000000000000e+04,5.150662999999999769e-01
3.200000000000000000e+04,5.151000000000000023e-01
3.250000000000000000e+04,5.151021999999999545e-01
3.300000000000000000e+04,5.153136999999999857e-01
3.350000000000000000e+04,5.153240999999999516e-01
3.400000000000000000e+04,5.153474999999999584e-01
3.450000000000000000e+04,5.153554000000000190e-01
3.500000000000000000e+04,5.153579000000000354e-01
3.550000000000000000e+04,5.153581000000000412e-01
3.600000000000000000e+04,5.153837000000000002e-01
3.650000000000000000e+04,5.153837000000000002e-01
3.700000000000000000e+04,5.153858999999999524e-01
3.750000000000000000e+04,5.153858999999999524e-01
3.800000000000000000e+04,5.153917000000000082e-01
3.850000000000000000e+04,5.153929000000000427e-01
3.900000000000000000e+04,5.153934000000000015e-01
3.950000000000000000e+04,5.153940000000000188e-01
4.000000000000000000e+04,5.154069999999999485e-01
4.050000000000000000e+04,5.154111000000000109e-01
4.100000000000000000e+04,5.154132999999999631e-01
4.150000000000000000e+04,5.154155000000000264e-01
4.200000000000000000e+04,5.158637999999999835e-01
4.250000000000000000e+04,5.158639000000000419e-01
4.300000000000000000e+04,5.158639000000000419e-01
4.350000000000000000e+04,5.158652000000000237e-01
4.400000000000000000e+04,5.158656000000000352e-01
4.450000000000000000e+04,5.160398000000000485e-01
4.500000000000000000e+04,5.160495000000000498e-01
4.550000000000000000e+04,5.160500999999999561e-01
4.600000000000000000e+04,5.160510000000000375e-01
4.650000000000000000e+04,5.160599000000000158e-01
4.700000000000000000e+04,5.160974000000000395e-01
4.750000000000000000e+04,5.161021000000000081e-01
4.800000000000000000e+04,5.161388999999999561e-01
4.850000000000000000e+04,5.161812000000000067e-01
4.900000000000000000e+04,5.161879000000000328e-01
4.950000000000000000e+04,5.161892000000000147e-01
5.000000000000000000e+04,5.161917000000000311e-01
5.050000000000000000e+04,5.161951000000000178e-01
5.100000000000000000e+04,5.161974000000000284e-01
5.150000000000000000e+04,5.161987999999999577e-01
5.200000000000000000e+04,5.162037000000000431e-01
5.250000000000000000e+04,5.162084000000000117e-01
5.300000000000000000e+04,5.162088999999999706e-01
5.350000000000000000e+04,5.162120000000000042e-01
5.400000000000000000e+04,5.162124000000000157e-01
5.450000000000000000e+04,5.162128000000000272e-01
5.500000000000000000e+04,5.162128000000000272e-01
5.550000000000000000e+04,5.162166000000000254e-01
5.600000000000000000e+04,5.162172000000000427e-01
5.650000000000000000e+04,5.162383999999999862e-01
5.700000000000000000e+04,5.162411999999999557e-01
5.750000000000000000e+04,5.162415999999999672e-01
5.800000000000000000e+04,5.162457999999999769e-01
5.850000000000000000e+04,5.162476999999999761e-01
5.900000000000000000e+04,5.162487000000000048e-01
5.950000000000000000e+04,5.162503000000000508e-01
6.000000000000000000e+04,5.162529999999999619e-01
