1.000000000000000000e+00,3.670314432745839239e-01,9.694387393109287210e-01,9.345795570566095556e-02,8.084362921018035664e-01,5.555555555555555802e-01,2.704096185484270998e-01,-9.340736922295825861e-01
1.000000000000000000e+00,3.342422652644808645e-01,9.032586219977629671e-01,9.999401214172750629e-01,1.959886631696567706e-04,5.555555555555555802e-01,2.315996548833070823e-01,-6.767772469634241173e-01
9.253477028537875348e-01,3.375631504607911060e-01,4.124351439361005900e-01,9.997583370665170666e-01,1.000000000000000000e+00,5.555555555555555802e-01,2.206078794595099368e-01,-4.998198734723250936e-01
8.903850596344169421e-01,3.505482401205448073e-01,3.785341095953786428e-01,9.997524277124639758e-01,9.999451551935878424e-01,5.555555555555555802e-01,2.199200912357716919e-01,-4.889757607380738058e-01
8.893687262919710568e-01,3.575170117693956540e-01,2.620679765578128317e-01,1.000000000000000000e+00,1.000000000000000000e+00,5.555555555555555802e-01,2.167393443211311499e-01,-4.521197356237639520e-01
8.870106271819627741e-01,3.540412778814853723e-01,3.303891668665646097e-01,1.000000000000000000e+00,1.000000000000000000e+00,5.555555555555555802e-01,2.184947055657167903e-01,-4.727880008190725736e-01
9.999976114530823024e-01,3.275689801718682514e-01,7.400806654497927850e-01,1.000000000000000000e+00,0.000000000000000000e+00,5.555555555555555802e-01,2.266753676326578593e-01,-6.094038229679715757e-01
9.999634925025088217e-01,3.290202634811058013e-01,7.790847918113557036e-01,1.000000000000000000e+00,0.000000000000000000e+00,5.555555555555555802e-01,2.276042699918404688e-01,-6.286380535953398629e-01
1.000000000000000000e+00,3.680221351188360246e-01,9.696727563474821787e-01,9.505932916782862396e-02,0.000000000000000000e+00,5.555555555555555802e-01,2.546037984409039168e-01,-9.188923909615499541e-01
1.000000000000000000e+00,3.644294899127124010e-01,9.105038014803495949e-01,9.989262274969837319e-03,0.000000000000000000e+00,5.555555555555555802e-01,2.526225916706267283e-01,-8.861320453635701533e-01
9.995822021443729888e-01,3.466077839483087120e-01,9.364440848234802939e-01,6.278934010834611446e-01,0.000000000000000000e+00,5.555555555555555802e-01,2.403151237402534057e-01,-7.552815320179656622e-01
9.999988926773011322e-01,3.635401051921396953e-01,9.074320725650677488e-01,7.104038185563586738e-02,2.145031833005333916e-04,5.555555555555555802e-01,2.509468014009398340e-01,-8.628460453453703494e-01
8.931838328786126935e-01,3.576049193799620829e-01,2.389351520878889579e-01,1.000000000000000000e+00,9.990212610363010670e-01,5.555555555555555802e-01,2.163777631213085750e-01,-4.464714670999065937e-01
1.000000000000000000e+00,3.536722485756421119e-01,9.577245674957354238e-01,3.295573174943440264e-01,0.000000000000000000e+00,5.555555555555555802e-01,2.480927901071472708e-01,-8.277203206296679383e-01
9.982633108338393457e-01,3.154512707959949425e-01,4.444840180072024416e-01,9.997524277124639758e-01,9.999463940124853067e-01,5.555555555555555802e-01,2.211250369518223680e-01,-5.071159317789872834e-01
9.999999883058428019e-01,3.640770972945233663e-01,9.696727563474821787e-01,2.206970809330551786e-01,0.000000000000000000e+00,5.555555555555555802e-01,2.513491264133048131e-01,-8.823475018406499171e-01
9.999996862042811463e-01,3.486877598194494388e-01,9.546627851192471814e-01,6.186034097548929189e-01,0.000000000000000000e+00,5.555555555555555802e-01,2.413762857096793668e-01,-7.611643942676623587e-01
4.879000000000000004e-01,6.332264090938974910e-01,9.999999998339852425e-01,0.000000000000000000e+00,1.000000000000000000e+00,5.555555555555555802e-01,7.933767480478188805e-01,-9.340736922295825861e-01
9.999999956348830654e-01,3.535336383701853102e-01,9.572290920334621811e-01,3.978303132480807136e-01,0.000000000000000000e+00,5.555555555555555802e-01,2.463466190012768842e-01,-8.095195344491011857e-01
4.879000000000000004e-01,6.333145788971720203e-01,1.000000000000000000e+00,0.000000000000000000e+00,1.000000000000000000e+00,5.555555555555555802e-01,7.933766339632688513e-01,-9.340736922295825861e-01
9.999959021559891026e-01,3.154512707959949425e-01,5.320808075223090183e-01,9.997524724838862120e-01,9.999990285881490415e-01,5.555555555555555802e-01,2.233680051610059114e-01,-5.400548178613743255e-01
8.896060023832440544e-01,3.539662390407292691e-01,3.201653797871508722e-01,9.994616530876817562e-01,9.998687886842161365e-01,5.555555555555555802e-01,2.182205370636526309e-01,-4.684309210175887639e-01
9.999992049968917662e-01,3.271759576707916062e-01,5.978484050968407848e-01,1.000000000000000000e+00,0.000000000000000000e+00,5.555555555555555802e-01,2.248602932012122024e-01,-5.560705595871677787e-01
1.000000000000000000e+00,3.371079841589828541e-01,9.295242536576466819e-01,1.000000000000000000e+00,0.000000000000000000e+00,5.555555555555555802e-01,2.326194166625095150e-01,-6.902190587627309304e-01
1.000000000000000000e+00,3.395929294122824738e-01,9.032586219977629671e-01,7.624174314667784280e-01,0.000000000000000000e+00,5.555555555555555802e-01,2.361419413953085300e-01,-7.248320921938764538e-01
9.999990137719765304e-01,3.272416308092722659e-01,6.371698774743647098e-01,1.000000000000000000e+00,0.000000000000000000e+00,5.555555555555555802e-01,2.250685022609798525e-01,-5.609743266419423557e-01
1.000000000000000000e+00,3.155363991626987663e-01,4.583894827902666447e-01,1.000000000000000000e+00,1.000000000000000000e+00,5.555555555555555802e-01,2.213844596781640583e-01,-5.074580781025375131e-01
9.999999920632767214e-01,3.644680844769113692e-01,9.960032880206682870e-01,2.186769986631905693e-01,0.000000000000000000e+00,5.555555555555555802e-01,2.531465528424716727e-01,-8.873642038757780792e-01
8.935643259883346845e-01,3.509627645162192722e-01,3.463178874412711772e-01,1.000000000000000000e+00,1.000000000000000000e+00,5.555555555555555802e-01,2.189206583576567278e-01,-4.744813365630140001e-01
4.879000000000000004e-01,6.332181435837013206e-01,9.999999999828185215e-01,0.000000000000000000e+00,1.000000000000000000e+00,5.555555555555555802e-01,7.933767266012297092e-01,-9.340736922295825861e-01
4.879000000000000004e-01,6.333158976276215268e-01,9.999999981318792308e-01,0.000000000000000000e+00,1.000000000000000000e+00,5.555555555555555802e-01,7.933766265844290899e-01,-9.340736922295825861e-01
8.919250318131192179e-01,3.596575084253572085e-01,2.196176960685560786e-01,1.000000000000000000e+00,1.000000000000000000e+00,5.555555555555555802e-01,2.161340138115519782e-01,-4.357526158895058122e-01
9.999999970650047532e-01,3.544427490087070920e-01,9.847495761426260374e-01,5.213987078185932100e-01,0.000000000000000000e+00,5.555555555555555802e-01,2.450774809166632318e-01,-8.046229212425012323e-01
4.879000000000000559e-01,6.333050221704480398e-01,9.999999839813964453e-01,0.000000000000000000e+00,1.000000000000000000e+00,5.555555555555555802e-01,7.933766690768049301e-01,-9.340736922295825861e-01
9.991290112567057236e-01,3.592427888719568196e-01,9.872712355416796148e-01,3.134411519093726617e-01,0.000000000000000000e+00,5.555555555555555802e-01,2.502281094674747575e-01,-8.531224327235431559e-01
4.879000000000000004e-01,6.333060290448515595e-01,9.999999999137156870e-01,0.000000000000000000e+00,1.000000000000000000e+00,5.555555555555555802e-01,7.933766725433146760e-01,-9.340736922295825861e-01
4.879000000000000004e-01,6.333145746173440838e-01,9.999999989852357274e-01,0.000000000000000000e+00,1.000000000000000000e+00,5.555555555555555802e-01,7.933766334982144119e-01,-9.340736922295825861e-01
4.879000000000000004e-01,6.333047652195240573e-01,9.999999836007629206e-01,0.000000000000000000e+00,1.000000000000000000e+00,5.555555555555555802e-01,7.933766699427866609e-01,-9.340736922295825861e-01
9.999479425617823214e-01,3.644542527691558287e-01,9.020345397059452708e-01,5.716656666602620840e-02,0.000000000000000000e+00,5.555555555555555802e-01,2.509504844280649460e-01,-8.696055203691929192e-01
4.879000000000000004e-01,6.333015358853800736e-01,1.000000000000000000e+00,0.000000000000000000e+00,1.000000000000000000e+00,5.555555555555555802e-01,7.933766905067456410e-01,-9.340736922295825861e-01
8.935791065477104445e-01,3.509588742508265025e-01,3.481590263985387401e-01,1.000000000000000000e+00,1.000000000000000000e+00,5.555555555555555802e-01,2.189738141798374671e-01,-4.758903026409250225e-01
1.000000000000000000e+00,3.454228101268485007e-01,9.917872466710355717e-01,8.430744246475478931e-01,0.000000000000000000e+00,5.555555555555555802e-01,2.384841094575833043e-01,-7.484288542424497592e-01
9.999895143875480175e-01,3.395754496524906463e-01,9.033013632408071203e-01,8.497587712197814946e-01,0.000000000000000000e+00,5.555555555555555802e-01,2.344773384170137920e-01,-6.989234407843667451e-01
8.894807609268967630e-01,3.576367606953623768e-01,2.476828169712684269e-01,1.000000000000000000e+00,1.000000000000000000e+00,5.555555555555555802e-01,2.164886153940294433e-01,-4.512860355219044384e-01
4.879000000000000004e-01,6.333048114158652542e-01,9.999999972398894155e-01,0.000000000000000000e+00,1.000000000000000000e+00,5.555555555555555802e-01,7.933766762820859686e-01,-9.340736922295825861e-01
9.999666758885588091e-01,3.155851292274531872e-01,4.382177064300842861e-01,1.000000000000000000e+00,1.000000000000000000e+00,5.555555555555555802e-01,2.209911592053015184e-01,-5.063177819862203499e-01
4.879000000000000004e-01,6.333148796127114899e-01,9.999999979549603069e-01,0.000000000000000000e+00,1.000000000000000000e+00,5.555555555555555802e-01,7.933766315178483186e-01,-9.340736922295825861e-01
9.999990385406110072e-01,3.272428720904645982e-01,5.841772066099238936e-01,1.000000000000000000e+00,0.000000000000000000e+00,5.555555555555555802e-01,2.248470930521137556e-01,-5.478760214010497398e-01
1.000000000000000000e+00,3.453141587536435186e-01,9.668305491597718460e-01,8.489419070196856376e-01,0.000000000000000000e+00,5.555555555555555802e-01,2.373010560192813645e-01,-7.257389740951794010e-01
1.000000000000000000e+00,3.146014463063406263e-01,5.231895911831678792e-01,1.000000000000000000e+00,1.000000000000000000e+00,5.555555555555555802e-01,2.230473073106661597e-01,-5.270528026476125616e-01
8.935791065477104445e-01,3.514299183810782323e-01,3.445695126055141611e-01,1.000000000000000000e+00,1.000000000000000000e+00,5.555555555555555802e-01,2.188824491848480047e-01,-4.737358279899803182e-01
9.253477028537875348e-01,3.375575527465882186e-01,3.991492191902741848e-01,9.997583444289719345e-01,1.000000000000000000e+00,5.555555555555555802e-01,2.202767057353447466e-01,-4.931063502845625668e-01
1.000000000000000000e+00,3.290202634811058013e-01,7.673484810066514283e-01,1.000000000000000000e+00,0.000000000000000000e+00,5.555555555555555802e-01,2.272981384726032172e-01,-6.158175165255832528e-01
4.879000000000000004e-01,6.333155234379163057e-01,1.000000000000000000e+00,0.000000000000000000e+00,1.000000000000000000e+00,5.555555555555555802e-01,7.933766293331940833e-01,-9.340736922295825861e-01
4.879000000000000004e-01,6.333048725873391405e-01,1.000000000000000000e+00,0.000000000000000000e+00,1.000000000000000000e+00,5.555555555555555802e-01,7.933766773537571648e-01,-9.340736922295825861e-01
1.000000000000000000e+00,3.144669990249446823e-01,4.919257566753277855e-01,1.000000000000000000e+00,1.000000000000000000e+00,5.555555555555555802e-01,2.221657102508647896e-01,-5.210962007909323290e-01
9.999995227642486384e-01,3.144341065651800604e-01,4.795622898186786554e-01,1.000000000000000000e+00,1.000000000000000000e+00,5.555555555555555802e-01,2.218624935627764028e-01,-5.158023599586502028e-01
4.879000000000000004e-01,6.333036515939911570e-01,1.000000000000000000e+00,0.000000000000000000e+00,1.000000000000000000e+00,5.555555555555555802e-01,7.933766822714489741e-01,-9.340736922295825861e-01
9.999992073450977292e-01,3.271745893351511447e-01,6.083202873200231897e-01,1.000000000000000000e+00,0.000000000000000000e+00,5.555555555555555802e-01,2.248913848352146749e-01,-5.573531314616336774e-01
1.000000000000000000e+00,3.383560312318690255e-01,9.648404675509453243e-01,1.000000000000000000e+00,4.679170968398757569e-02,5.555555555555555802e-01,2.358623743164366404e-01,-7.148340311953931270e-01
4.879000000000000004e-01,6.332258116811766424e-01,1.000000000000000000e+00,0.000000000000000000e+00,1.000000000000000000e+00,5.555555555555555802e-01,7.933767467566721354e-01,-9.340736922295825861e-01
9.999469956936809512e-01,3.453275326137936196e-01,9.250478474120429340e-01,7.275593943984441925e-01,0.000000000000000000e+00,5.555555555555555802e-01,2.378378576844226988e-01,-7.373343543646870835e-01
4.879000000000000004e-01,6.333048303512508470e-01,9.999999972761739464e-01,0.000000000000000000e+00,1.000000000000000000e+00,5.555555555555555802e-01,7.933766762223279922e-01,-9.340736922295825861e-01
1.000000000000000000e+00,3.495814259794738366e-01,9.760094636593331652e-01,6.281025548716752116e-01,0.000000000000000000e+00,5.555555555555555802e-01,2.422416020957588456e-01,-7.742859178807802722e-01
4.879000000000000004e-01,6.333036265423273026e-01,1.000000000000000000e+00,0.000000000000000000e+00,1.000000000000000000e+00,5.555555555555555802e-01,7.933766823710828309e-01,-9.340736922295825861e-01
4.879000000000000004e-01,6.333157907448773161e-01,1.000000000000000000e+00,0.000000000000000000e+00,1.000000000000000000e+00,5.555555555555555802e-01,7.933766280097449552e-01,-9.340736922295825861e-01
9.999680376398902837e-01,3.454285451519584771e-01,9.250437180129363890e-01,5.272121151843860432e-01,0.000000000000000000e+00,5.555555555555555802e-01,2.419313222383258632e-01,-7.626534871416065231e-01
1.000000000000000000e+00,3.541212730476137605e-01,9.071720837472683208e-01,2.611694457271935277e-01,0.000000000000000000e+00,5.555555555555555802e-01,2.465578178340455950e-01,-8.131187405944286795e-01
4.879000000000000004e-01,6.333048323688748038e-01,9.999999972757001032e-01,0.000000000000000000e+00,1.000000000000000000e+00,5.555555555555555802e-01,7.933766762138818596e-01,-9.340736922295825861e-01
4.879000000000000004e-01,6.333106803379606742e-01,9.999999980567216840e-01,0.000000000000000000e+00,1.000000000000000000e+00,5.555555555555555802e-01,7.933766513783113705e-01,-9.340736922295825861e-01
4.879000000000000004e-01,6.333145055166563564e-01,9.999999981659321024e-01,0.000000000000000000e+00,1.000000000000000000e+00,5.555555555555555802e-01,7.933766334417988730e-01,-9.340736922295825861e-01
4.879000000000000559e-01,6.333057304782290231e-01,9.999999977761206971e-01,0.000000000000000000e+00,1.000000000000000000e+00,5.555555555555555802e-01,7.933766727619135928e-01,-9.340736922295825861e-01
4.879000000000000004e-01,6.333036064570994883e-01,9.999999978029958658e-01,0.000000000000000000e+00,1.000000000000000000e+00,5.555555555555555802e-01,7.933766813995575262e-01,-9.340736922295825861e-01
4.879000000000000004e-01,6.332371239861481760e-01,1.000000000000000000e+00,0.000000000000000000e+00,1.000000000000000000e+00,5.555555555555555802e-01,7.933767678091900866e-01,-9.340736922295825861e-01
9.999975063619279680e-01,3.272571921787084115e-01,6.782498952128613867e-01,1.000000000000000000e+00,0.000000000000000000e+00,5.555555555555555802e-01,2.255368247525266767e-01,-5.781431730993413787e-01
9.999999989784033039e-01,3.521427290231760043e-01,9.364440848234802939e-01,5.035418940102065477e-01,0.000000000000000000e+00,5.555555555555555802e-01,2.429385214319042252e-01,-7.914537789291975489e-01
4.879000000000000004e-01,6.333049647620864198e-01,9.999999972902564593e-01,0.000000000000000000e+00,1.000000000000000000e+00,5.555555555555555802e-01,7.933766756807836273e-01,-9.340736922295825861e-01
1.000000000000000000e+00,3.371877734885457834e-01,9.522958795500091611e-01,1.000000000000000000e+00,0.000000000000000000e+00,5.555555555555555802e-01,2.335327674284848887e-01,-6.952149666298622632e-01
9.999889139060884613e-01,3.395795825351116681e-01,9.034102298104000894e-01,7.962136844933250801e-01,0.000000000000000000e+00,5.555555555555555802e-01,2.354869881887066696e-01,-7.112662693969449279e-01
4.879000000000000004e-01,6.333159161817113469e-01,9.999999982255283193e-01,0.000000000000000000e+00,1.000000000000000000e+00,5.555555555555555802e-01,7.933766265370325588e-01,-9.340736922295825861e-01
9.999681116786467427e-01,3.282361122929597919e-01,7.050787923077865837e-01,1.000000000000000000e+00,0.000000000000000000e+00,5.555555555555555802e-01,2.259663070338033264e-01,-5.912938316998632704e-01
8.948385418478279618e-01,3.543831449189261407e-01,2.817564239400830450e-01,9.990961175229206015e-01,1.000000000000000000e+00,5.555555555555555802e-01,2.172547222585063664e-01,-4.627102790670475918e-01
9.999999999999840128e-01,3.338742005954472014e-01,8.713046720720443172e-01,1.000000000000000000e+00,2.827545534747079896e-09,5.555555555555555802e-01,2.304357732333525699e-01,-6.583721902651926694e-01
9.999994282757770359e-01,3.593214180662637758e-01,9.803914370152200242e-01,3.295252492101788389e-01,0.000000000000000000e+00,5.555555555555555802e-01,2.493044597468971335e-01,-8.508030911002590901e-01
8.956776825922717622e-01,3.500536990317218433e-01,3.732520472565613034e-01,9.999995442173785776e-01,9.999996079904307500e-01,5.555555555555555802e-01,2.197515899645691162e-01,-4.841636636748378741e-01
9.999632417342819712e-01,3.530488149554371069e-01,9.639377340270804950e-01,4.003391301907244237e-01,0.000000000000000000e+00,5.555555555555555802e-01,2.467209635159039460e-01,-8.259129590659268771e-01
1.000000000000000000e+00,3.271207631740458699e-01,5.870421787550340609e-01,1.000000000000000000e+00,0.000000000000000000e+00,5.555555555555555802e-01,2.248488379887590705e-01,-5.503017117740608422e-01
9.999999997752753167e-01,3.290773475023116013e-01,7.315547709986931491e-01,1.000000000000000000e+00,0.000000000000000000e+00,5.555555555555555802e-01,2.264826430750098152e-01,-6.089094496700381276e-01
8.866109542156151990e-01,3.558648426313568147e-01,3.012777126925677562e-01,9.997583444289719345e-01,1.000000000000000000e+00,5.555555555555555802e-01,2.176896759599638020e-01,-4.647037908075661861e-01
9.999999999999996669e-01,3.308342959137850481e-01,7.980817472459259543e-01,1.000000000000000000e+00,2.946805900568983647e-09,5.555555555555555802e-01,2.281188220217606755e-01,-6.305719417220657652e-01
4.879000000000000004e-01,6.333056572220241431e-01,1.000000000000000000e+00,0.000000000000000000e+00,1.000000000000000000e+00,5.555555555555555802e-01,7.933766741297998415e-01,-9.340736922295825861e-01
1.000000000000000000e+00,3.453440234624198246e-01,9.971906554349001528e-01,7.340054957027070115e-01,0.000000000000000000e+00,5.555555555555555802e-01,2.410997602640600757e-01,-7.597758104719106731e-01
4.879000000000000004e-01,6.333157983127798429e-01,9.999999973137917442e-01,0.000000000000000000e+00,9.752778231345047288e-01,5.555555555555555802e-01,7.930310086293157479e-01,-9.340736922295825861e-01
4.879000000000000004e-01,6.332358864088262207e-01,9.999999981438519869e-01,0.000000000000000000e+00,1.000000000000000000e+00,5.555555555555555802e-01,7.933767651242253915e-01,-9.340736922295825861e-01
9.999993870945487195e-01,3.530723390704064713e-01,9.356381088334667639e-01,4.464941283738685929e-01,0.000000000000000000e+00,5.555555555555555802e-01,2.440852172005125442e-01,-7.990517711485376484e-01
8.941163215780606466e-01,3.512498573245618205e-01,3.480000082197020062e-01,9.717458564928737053e-01,1.000000000000000000e+00,5.555555555555555802e-01,2.194435706105726247e-01,-4.778714085978585380e-01
4.879000000000000004e-01,6.333159285234831737e-01,9.999999982610735527e-01,0.000000000000000000e+00,1.000000000000000000e+00,5.555555555555555802e-01,7.933766264926822576e-01,-9.340736922295825861e-01
9.999999999907152048e-01,3.308509269218000148e-01,8.338430291926399729e-01,1.000000000000000000e+00,0.000000000000000000e+00,5.555555555555555802e-01,2.291880406415922611e-01,-6.535247570587220389e-01
4.879000000000000004e-01,6.332371239861481760e-01,1.000000000000000000e+00,0.000000000000000000e+00,1.000000000000000000e+00,5.555555555555555802e-01,7.933767678091900866e-01,-9.340736922295825861e-01
1.000000000000000000e+00,3.480477832149148631e-01,9.031623092596690050e-01,5.252865005965337009e-01,6.110450774691669881e-06,5.555555555555555802e-01,2.408087508495221907e-01,-7.593908314292594497e-01
