1.000000000000000000e+00,3.504270506378601713e-01,9.801742626611188447e-01,3.117678276074886679e-01,0.000000000000000000e+00,2.222222222222222099e-01,2.444737013000526926e-01,-8.153678975583762423e-01
9.999999495078144562e-01,3.295416923610014481e-01,8.851857057293469611e-01,1.000000000000000000e+00,0.000000000000000000e+00,2.222222222222222099e-01,2.260448336296373428e-01,-6.389561778629319067e-01
1.000000000000000000e+00,3.328463989236412068e-01,9.592858714276473187e-01,9.999995640904763006e-01,0.000000000000000000e+00,2.222222222222222099e-01,2.287364649174324915e-01,-6.646311865051751644e-01
1.000000000000000000e+00,3.568741996716908726e-01,9.796819185949308118e-01,2.422318334948175833e-01,0.000000000000000000e+00,2.222222222222222099e-01,2.461019819481341520e-01,-8.243143042639031748e-01
1.000000000000000000e+00,3.576666474953009711e-01,9.662556978331253710e-01,1.014432138900699110e-01,0.000000000000000000e+00,2.222222222222222099e-01,2.488313319695625303e-01,-8.620379586533445382e-01
1.000000000000000000e+00,3.224692709714428451e-01,7.565592941664069926e-01,1.000000000000000000e+00,0.000000000000000000e+00,2.222222222222222099e-01,2.224048128732282192e-01,-5.775792674369747415e-01
9.999999527297326329e-01,3.289966718680316093e-01,8.469730906308208240e-01,9.999999999967906783e-01,0.000000000000000000e+00,2.222222222222222099e-01,2.248958022284228420e-01,-6.220021037463044911e-01
1.000000000000000000e+00,3.224638477263621072e-01,6.657617379198079721e-01,1.000000000000000000e+00,0.000000000000000000e+00,2.222222222222222099e-01,2.209035427933361273e-01,-5.409481067934891474e-01
4.879000000000000004e-01,6.128430413689858192e-01,1.000000000000000000e+00,0.000000000000000000e+00,1.000000000000000000e+00,2.222222222222222099e-01,7.638134129633056268e-01,-9.076210774254018787e-01
1.000000000000000000e+00,3.590940047151358616e-01,9.847987695767101979e-01,1.395183621448719824e-01,5.433885092073688795e-06,2.222222222222222099e-01,2.490473696206889354e-01,-8.646189843957161614e-01
9.999999998035355997e-01,3.234938299844375420e-01,7.863560594162224415e-01,1.000000000000000000e+00,0.000000000000000000e+00,2.222222222222222099e-01,2.230925510111909094e-01,-5.979632830938134136e-01
1.000000000000000000e+00,3.367800406922163425e-01,9.193790330868257810e-01,7.152731591703926917e-01,5.883572627238306581e-07,2.222222222222222099e-01,2.327302404174890760e-01,-6.914496526889259975e-01
4.879000000000262016e-01,6.128483554000073719e-01,1.000000000000000000e+00,7.264054724382545182e-22,1.000000000000000000e+00,2.222222222222222099e-01,7.638134117402417544e-01,-9.076210774254018787e-01
9.999999983800543779e-01,3.501646321497058900e-01,8.985123203189649965e-01,2.549532001009806592e-01,0.000000000000000000e+00,2.222222222222222099e-01,2.411979949339596307e-01,-7.692157627296264399e-01
9.999999528128257209e-01,3.342473412676870703e-01,9.313136404102333454e-01,8.088775770768987794e-01,1.228260274334588764e-07,2.222222222222222099e-01,2.313674409702508872e-01,-6.777225169832391538e-01
1.000000000000000000e+00,3.541899631167632068e-01,9.072957268950749832e-01,1.382576977943099084e-01,0.000000000000000000e+00,2.222222222222222099e-01,2.442322157783318182e-01,-8.101695935314499053e-01
4.879000000000530135e-01,6.128429863061696237e-01,1.000000000000000000e+00,1.059255380550762022e-19,1.000000000000000000e+00,2.222222222222222099e-01,7.638134129631488634e-01,-9.076210774254018787e-01
9.999999522576440425e-01,3.330294332635198584e-01,9.023554755995520926e-01,8.140981407858479679e-01,0.000000000000000000e+00,2.222222222222222099e-01,2.301302906841878049e-01,-6.658823915242945146e-01
1.000000000000000000e+00,3.462408634919683093e-01,8.638298309289639265e-01,1.510214910701373481e-01,0.000000000000000000e+00,2.222222222222222099e-01,2.416014051929896433e-01,-7.768819393829201614e-01
1.000000000000000000e+00,3.224639768288828923e-01,6.684785394569754402e-01,1.000000000000000000e+00,0.000000000000000000e+00,2.222222222222222099e-01,2.209335420591036769e-01,-5.475011263584144139e-01
4.879000000000261461e-01,6.128484103517192194e-01,1.000000000000000000e+00,0.000000000000000000e+00,1.000000000000000000e+00,2.222222222222222099e-01,7.638134117148189794e-01,-9.076210774254018787e-01
4.879000000000000004e-01,6.128430413513562547e-01,1.000000000000000000e+00,0.000000000000000000e+00,1.000000000000000000e+00,2.222222222222222099e-01,7.638134129633056268e-01,-9.076210774254018787e-01
4.879000000000000004e-01,6.128429845046620139e-01,1.000000000000000000e+00,1.032261094099164562e-19,1.000000000000000000e+00,2.222222222222222099e-01,7.638134129631692915e-01,-9.076210774254018787e-01
1.000000000000000000e+00,3.574589450849560146e-01,9.273967805870932946e-01,8.151155030506640475e-02,1.205485472573459141e-05,2.222222222222222099e-01,2.467759459061458771e-01,-8.300946155306905272e-01
1.000000000000000000e+00,3.568788981586920595e-01,9.661656587697862175e-01,1.392240182417087691e-01,0.000000000000000000e+00,2.222222222222222099e-01,2.478277464434161248e-01,-8.564989983914443883e-01
9.999999526853590170e-01,3.343140531594141485e-01,9.169493088656859303e-01,7.987911765770755457e-01,1.197334384135579650e-07,2.222222222222222099e-01,2.309928903564805180e-01,-6.727000312322171105e-01
9.999999598764466313e-01,3.224500349477803507e-01,7.017545806317510015e-01,1.000000000000000000e+00,0.000000000000000000e+00,2.222222222222222099e-01,2.213762728168394700e-01,-5.588653964983728573e-01
9.999999999968138820e-01,3.413265369220341294e-01,9.265874726784576465e-01,4.898481660579510066e-01,0.000000000000000000e+00,2.222222222222222099e-01,2.376285877944831482e-01,-7.341506243788956665e-01
1.000000000000000000e+00,3.436959506793855756e-01,9.603493170240394727e-01,6.555213335964753529e-01,0.000000000000000000e+00,2.222222222222222099e-01,2.358511755501122853e-01,-7.313237780434936885e-01
1.000000000000000000e+00,3.477463646911476691e-01,9.602177840641823447e-01,3.539485065487721904e-01,0.000000000000000000e+00,2.222222222222222099e-01,2.423231145181654889e-01,-8.059166218513841295e-01
4.879000000000516812e-01,6.128430396229157529e-01,1.000000000000000000e+00,8.221782926799489411e-23,1.000000000000000000e+00,2.222222222222222099e-01,7.638134129632772051e-01,-9.076210774254018787e-01
4.879000000000024984e-01,6.128480311840303063e-01,1.000000000000000000e+00,0.000000000000000000e+00,1.000000000000000000e+00,2.222222222222222099e-01,7.638134118849271292e-01,-9.076210774254018787e-01
1.000000000000000000e+00,3.366933238646641624e-01,9.664234292915511171e-01,8.506957026924577558e-01,0.000000000000000000e+00,2.222222222222222099e-01,2.320063102477999128e-01,-6.892128210504300245e-01
4.879000000000000004e-01,6.128430453084973140e-01,1.000000000000000000e+00,0.000000000000000000e+00,1.000000000000000000e+00,2.222222222222222099e-01,7.638134129633045166e-01,-9.076210774254018787e-01
1.000000000000000000e+00,3.411737603218318315e-01,9.368176176680779177e-01,4.608663181515665341e-01,0.000000000000000000e+00,2.222222222222222099e-01,2.388503374731872630e-01,-7.440265750238707065e-01
1.000000000000000000e+00,3.477699743999972948e-01,9.080200902084428760e-01,2.436317445152328953e-01,0.000000000000000000e+00,2.222222222222222099e-01,2.419236714314552950e-01,-7.946459367846347988e-01
4.879000000000000004e-01,6.128429930234656764e-01,1.000000000000000000e+00,0.000000000000000000e+00,9.999999999999998890e-01,2.222222222222222099e-01,7.638134129632072611e-01,-9.076210774254018787e-01
4.879000000000000004e-01,6.128430396147314108e-01,1.000000000000000000e+00,0.000000000000000000e+00,1.000000000000000000e+00,2.222222222222222099e-01,7.638134129633054048e-01,-9.076210774254018787e-01
1.000000000000000000e+00,3.408977032423037845e-01,9.596623766447888171e-01,7.208718562184572853e-01,0.000000000000000000e+00,2.222222222222222099e-01,2.344095555339405779e-01,-7.139722646663463346e-01
4.879000000000000004e-01,6.128430417375473338e-01,1.000000000000000000e+00,0.000000000000000000e+00,1.000000000000000000e+00,2.222222222222222099e-01,7.638134129633054048e-01,-9.076210774254018787e-01
9.999999988017435060e-01,3.220566597209171267e-01,6.507230292957225659e-01,1.000000000000000000e+00,0.000000000000000000e+00,2.222222222222222099e-01,2.207483015942111881e-01,-5.286612542353694710e-01
1.000000000000000000e+00,3.655085015952010408e-01,9.771701750584348423e-01,1.294696437002225420e-02,5.525252558663292359e-07,2.222222222222222099e-01,2.519762203984365900e-01,-9.076210774254018787e-01
4.879000000001043613e-01,6.128480720157020167e-01,1.000000000000000000e+00,1.062177258626102808e-19,1.000000000000000000e+00,2.222222222222222099e-01,7.638134118671529027e-01,-9.076210774254018787e-01
4.879000000000000004e-01,6.128429909581232238e-01,1.000000000000000000e+00,8.741695532977872699e-23,1.000000000000000000e+00,2.222222222222222099e-01,7.638134129631988234e-01,-9.076210774254018787e-01
4.879000000000000004e-01,6.128430403600670928e-01,1.000000000000000000e+00,0.000000000000000000e+00,1.000000000000000000e+00,2.222222222222222099e-01,7.638134129633054048e-01,-9.076210774254018787e-01
4.879000000000228709e-01,6.128424772804961229e-01,1.000000000000000000e+00,0.000000000000000000e+00,1.000000000000000000e+00,2.222222222222222099e-01,7.638134129495539604e-01,-9.076210774254018787e-01
1.000000000000000000e+00,3.330306399048088006e-01,9.021755862279545735e-01,7.988739767459688279e-01,0.000000000000000000e+00,2.222222222222222099e-01,2.304141671770094102e-01,-6.719906110342185324e-01
9.999999603575866480e-01,3.221663343906462917e-01,6.205522252900421698e-01,1.000000000000000000e+00,0.000000000000000000e+00,2.222222222222222099e-01,2.205433956538254137e-01,-5.236009572164244119e-01
1.000000000000000000e+00,3.439279907407417625e-01,9.668246384617643630e-01,4.605827576580497351e-01,0.000000000000000000e+00,2.222222222222222099e-01,2.403315766838927392e-01,-7.660521085303806377e-01
9.999999562442345447e-01,3.221740532244664057e-01,5.890308088112644613e-01,1.000000000000000000e+00,0.000000000000000000e+00,2.222222222222222099e-01,2.204720987680105215e-01,-5.142734901408742010e-01
1.000000000000000000e+00,3.590442435168730850e-01,9.772451481086352754e-01,9.875273645857735039e-02,1.228046712099405049e-05,2.222222222222222099e-01,2.496411422916334499e-01,-8.873720735822432371e-01
1.000000000000000000e+00,3.222324395205862224e-01,6.070331923071776714e-01,1.000000000000000000e+00,9.755021164466928498e-07,2.222222222222222099e-01,2.204944613778400120e-01,-5.188688227960736032e-01
1.000000000000000000e+00,3.411597895015922033e-01,9.393215501855777250e-01,7.211690658435085943e-01,3.467961641924613075e-09,2.222222222222222099e-01,2.336322876069352739e-01,-7.029652514366310223e-01
4.879000000000000004e-01,6.128415102863846720e-01,1.000000000000000000e+00,1.032295371841800501e-19,1.000000000000000000e+00,2.222222222222222099e-01,7.638134128619158414e-01,-9.076210774254018787e-01
4.879000000000530135e-01,6.128429850990539940e-01,1.000000000000000000e+00,1.886015995750474777e-21,9.999999999998535616e-01,2.222222222222222099e-01,7.638134129631419800e-01,-9.076210774254018787e-01
4.879000000000000004e-01,6.128428475102760675e-01,1.000000000000000000e+00,0.000000000000000000e+00,1.000000000000000000e+00,2.222222222222222099e-01,7.638134129616909185e-01,-9.076210774254018787e-01
1.000000000000000000e+00,3.462003842718753277e-01,8.593489982045834363e-01,3.211070389599618990e-01,0.000000000000000000e+00,2.222222222222222099e-01,2.379647444161655523e-01,-7.394980045574053307e-01
4.879000000015491501e-01,6.128479963075432746e-01,1.000000000000000000e+00,1.068668980505440012e-19,1.000000000000000000e+00,2.222222222222222099e-01,7.638134118991055654e-01,-9.076210774254018787e-01
4.879000000000497383e-01,6.128430688086350386e-01,1.000000000000000000e+00,8.221782926799489411e-23,1.000000000000000000e+00,2.222222222222222099e-01,7.638134129632438984e-01,-9.076210774254018787e-01
4.879000000000000004e-01,6.128779373243016249e-01,1.000000000000000000e+00,0.000000000000000000e+00,9.999999999996473932e-01,2.222222222222222099e-01,7.638133602112047171e-01,-9.076210774254018787e-01
4.879000000000000004e-01,6.128460344623808398e-01,1.000000000000000000e+00,0.000000000000000000e+00,1.000000000000000000e+00,2.222222222222222099e-01,7.638134125752296111e-01,-9.076210774254018787e-01
4.879000000005939142e-01,6.128459317409894469e-01,1.000000000000000000e+00,0.000000000000000000e+00,1.000000000000000000e+00,2.222222222222222099e-01,7.638134126010804881e-01,-9.076210774254018787e-01
4.879000000000230930e-01,6.128431272224992288e-01,1.000000000000000000e+00,0.000000000000000000e+00,1.000000000000000000e+00,2.222222222222222099e-01,7.638134129629681190e-01,-9.076210774254018787e-01
4.879000000000000004e-01,6.128459791368701115e-01,1.000000000000000000e+00,0.000000000000000000e+00,1.000000000000000000e+00,2.222222222222222099e-01,7.638134125894404658e-01,-9.076210774254018787e-01
9.999999991138905919e-01,3.218259977313701614e-01,6.571751444688427313e-01,1.000000000000000000e+00,4.254982008661092149e-09,2.222222222222222099e-01,2.208075473748353779e-01,-5.336045992199206500e-01
1.000000000000000000e+00,3.290190030490047768e-01,9.306592006972964626e-01,1.000000000000000000e+00,0.000000000000000000e+00,2.222222222222222099e-01,2.276130263795401176e-01,-6.544326364946578822e-01
4.879000000000002224e-01,6.128484240422258367e-01,1.000000000000000000e+00,6.191446692640062260e-21,1.000000000000000000e+00,2.222222222222222099e-01,7.638134117084585117e-01,-9.076210774254018787e-01
9.999999981400898852e-01,3.224492257106326698e-01,7.079387304694735317e-01,1.000000000000000000e+00,1.297163295047649317e-09,2.222222222222222099e-01,2.214737616807000431e-01,-5.690883422820849358e-01
9.999999994617001509e-01,3.539496424477285297e-01,9.265874726784576465e-01,1.400409659376423699e-01,0.000000000000000000e+00,2.222222222222222099e-01,2.453131800144857100e-01,-8.220461327397829976e-01
1.000000000000000000e+00,3.506825329964050608e-01,9.791809652628994387e-01,2.172445217024573383e-01,0.000000000000000000e+00,2.222222222222222099e-01,2.470612752369047982e-01,-8.367901912836355205e-01
4.879000000001063042e-01,6.128421226865544691e-01,1.000000000000000000e+00,1.157601480590714474e-18,9.999999999999938938e-01,2.222222222222222099e-01,7.638134129267684092e-01,-9.076210774254018787e-01
4.879000000000003334e-01,6.128413543046692391e-01,1.000000000000000000e+00,6.123354696915275022e-21,1.000000000000000000e+00,2.222222222222222099e-01,7.638134128401938838e-01,-9.076210774254018787e-01
4.879000000000505155e-01,6.128430618200465529e-01,1.000000000000000000e+00,0.000000000000000000e+00,1.000000000000000000e+00,2.222222222222222099e-01,7.638134129632583313e-01,-9.076210774254018787e-01
4.879000000000000004e-01,6.128431091642086992e-01,1.000000000000000000e+00,0.000000000000000000e+00,1.000000000000000000e+00,2.222222222222222099e-01,7.638134129631020119e-01,-9.076210774254018787e-01
4.879000000000000004e-01,6.128462019984080023e-01,1.000000000000000000e+00,0.000000000000000000e+00,1.000000000000000000e+00,2.222222222222222099e-01,7.638134125305795497e-01,-9.076210774254018787e-01
4.879000000000000004e-01,6.128429962369646988e-01,1.000000000000000000e+00,8.978111316552070639e-23,1.000000000000000000e+00,2.222222222222222099e-01,7.638134129632201397e-01,-9.076210774254018787e-01
4.879000000000000004e-01,6.128429502808118157e-01,1.000000000000000000e+00,1.032261094099164562e-19,1.000000000000000000e+00,2.222222222222222099e-01,7.638134129629521318e-01,-9.076210774254018787e-01
1.000000000000000000e+00,3.476194525973821392e-01,9.521744044810193097e-01,4.839424234943252023e-01,1.001278600049584813e-08,2.222222222222222099e-01,2.390529833639624957e-01,-7.583876382226809598e-01
1.000000000000000000e+00,3.229943711590403388e-01,7.643613602682600705e-01,1.000000000000000000e+00,0.000000000000000000e+00,2.222222222222222099e-01,2.225718205043396569e-01,-5.792485236409630200e-01
4.879000000000023318e-01,6.128413309743854231e-01,1.000000000000000000e+00,1.808720990813971447e-21,9.999999999814553897e-01,2.222222222222222099e-01,7.638134128366256270e-01,-9.076210774254018787e-01
4.879000000000000004e-01,6.128421033266654439e-01,1.000000000000000000e+00,0.000000000000000000e+00,1.000000000000000000e+00,2.222222222222222099e-01,7.638134129252713844e-01,-9.076210774254018787e-01
4.879000000000002224e-01,6.128484448653060968e-01,1.000000000000000000e+00,8.410884722607285348e-23,1.000000000000000000e+00,2.222222222222222099e-01,7.638134116987320699e-01,-9.076210774254018787e-01
4.879000000000000004e-01,6.128430396228914390e-01,1.000000000000000000e+00,0.000000000000000000e+00,1.000000000000000000e+00,2.222222222222222099e-01,7.638134129633054048e-01,-9.076210774254018787e-01
4.879000000000000004e-01,6.128459793659691845e-01,1.000000000000000000e+00,0.000000000000000000e+00,1.000000000000000000e+00,2.222222222222222099e-01,7.638134125893820681e-01,-9.076210774254018787e-01
1.000000000000000000e+00,3.435177841775014507e-01,9.803328519679708197e-01,0.000000000000000000e+00,1.980619915523063046e-03,2.222222222222222099e-01,2.620187280291673138e-01,-9.076210774254018787e-01
4.879000000000000004e-01,6.128413011879922934e-01,1.000000000000000000e+00,1.743624863486509076e-22,1.000000000000000000e+00,2.222222222222222099e-01,7.638134128323164074e-01,-9.076210774254018787e-01
4.879000000000000004e-01,6.128424827776935979e-01,1.000000000000000000e+00,0.000000000000000000e+00,1.000000000000000000e+00,2.222222222222222099e-01,7.638134129498330704e-01,-9.076210774254018787e-01
4.879000000000000004e-01,6.128430400317165239e-01,1.000000000000000000e+00,0.000000000000000000e+00,1.000000000000000000e+00,2.222222222222222099e-01,7.638134129633054048e-01,-9.076210774254018787e-01
4.879000000000000004e-01,6.128430131917880219e-01,1.000000000000000000e+00,0.000000000000000000e+00,1.000000000000000000e+00,2.222222222222222099e-01,7.638134129632729863e-01,-9.076210774254018787e-01
4.879000000000000004e-01,6.128421015677614214e-01,1.000000000000000000e+00,0.000000000000000000e+00,1.000000000000000000e+00,2.222222222222222099e-01,7.638134129251283877e-01,-9.076210774254018787e-01
4.879000000000000004e-01,6.128459802965928738e-01,1.000000000000000000e+00,0.000000000000000000e+00,1.000000000000000000e+00,2.222222222222222099e-01,7.638134125891451465e-01,-9.076210774254018787e-01
4.879000000001039172e-01,6.128781749756382347e-01,1.000000000000000000e+00,6.545713403966702981e-22,9.999999999996495026e-01,2.222222222222222099e-01,7.638133594900069490e-01,-9.076210774254018787e-01
4.879000000000000004e-01,6.128430523278267650e-01,1.000000000000000000e+00,1.733524820992649447e-15,1.000000000000000000e+00,2.222222222222222099e-01,7.638134129632991876e-01,-9.076210774254018787e-01
4.879000000000498494e-01,6.128431505374695165e-01,1.000000000000000000e+00,0.000000000000000000e+00,1.000000000000000000e+00,2.222222222222222099e-01,7.638134129627551783e-01,-9.076210774254018787e-01
4.879000000000978110e-01,6.128484459044774013e-01,1.000000000000000000e+00,1.635313331597124998e-21,1.000000000000000000e+00,2.222222222222222099e-01,7.638134116981925015e-01,-9.076210774254018787e-01
4.879000000000000004e-01,6.128429309416062454e-01,1.000000000000000000e+00,0.000000000000000000e+00,1.000000000000000000e+00,2.222222222222222099e-01,7.638134129627847102e-01,-9.076210774254018787e-01
4.879000000000261461e-01,6.128416237745153428e-01,1.000000000000000000e+00,6.512831797540983042e-24,1.000000000000000000e+00,2.222222222222222099e-01,7.638134128763818254e-01,-9.076210774254018787e-01
4.879000000000000004e-01,6.128415026620182005e-01,1.000000000000000000e+00,1.450245272525477818e-22,1.000000000000000000e+00,2.222222222222222099e-01,7.638134128609028739e-01,-9.076210774254018787e-01
4.879000000000549009e-01,6.128429842020197693e-01,1.000000000000000000e+00,1.886015995750474777e-21,1.000000000000000000e+00,2.222222222222222099e-01,7.638134129631377611e-01,-9.076210774254018787e-01
4.879000000000000004e-01,6.128424412868728188e-01,1.000000000000000000e+00,3.972966105354762048e-18,1.000000000000000000e+00,2.222222222222222099e-01,7.638134129477545109e-01,-9.076210774254018787e-01
