1.000000000000000000e+00,3.479794240522417481e-01,9.602212590816336935e-01,4.901407064676305825e-01,0.000000000000000000e+00,4.444444444444444198e-01,2.428223370875730036e-01,-7.886749604334933883e-01
1.000000000000000000e+00,3.673553387146031857e-01,9.659813768446910975e-01,6.249470540044493871e-02,0.000000000000000000e+00,4.444444444444444198e-01,2.535075963299163737e-01,-8.989764385265267554e-01
1.000000000000000000e+00,3.467402924721831869e-01,8.602426747746632074e-01,2.170755657419708162e-01,0.000000000000000000e+00,4.444444444444444198e-01,2.435694702219357577e-01,-8.000129836917684312e-01
1.000000000000000000e+00,3.450359842746135719e-01,9.592177239952138779e-01,6.215129165878515716e-01,0.000000000000000000e+00,4.444444444444444198e-01,2.399064032163994442e-01,-7.473876290211124429e-01
9.999845517430439035e-01,3.259661864184124069e-01,6.709445566376224246e-01,1.000000000000000000e+00,0.000000000000000000e+00,4.444444444444444198e-01,2.240391830933137207e-01,-5.686252589126522539e-01
1.000000000000000000e+00,3.484855585939403699e-01,9.599324957767241262e-01,4.687564631661135794e-01,0.000000000000000000e+00,4.444444444444444198e-01,2.432859299462083180e-01,-7.943631949645428847e-01
9.999846331548019052e-01,3.259845478321855561e-01,7.339043351734388931e-01,9.994711921336528748e-01,0.000000000000000000e+00,4.444444444444444198e-01,2.251029258131523325e-01,-5.902315670221955912e-01
9.999996035129226080e-01,3.439909325543887286e-01,9.466469948386898592e-01,7.195864547531066746e-01,0.000000000000000000e+00,4.444444444444444198e-01,2.373168572446504310e-01,-7.298220999848114010e-01
1.000000000000000000e+00,3.588575247708542526e-01,9.807568714213551475e-01,3.077273653891353655e-01,3.650284410955594537e-05,4.444444444444444198e-01,2.481766608521989437e-01,-8.254703382393270283e-01
1.000000000000000000e+00,3.634329027884218855e-01,9.266012469190095802e-01,7.596013188471996413e-02,0.000000000000000000e+00,4.444444444444444198e-01,2.504524064973425723e-01,-8.560956497216227756e-01
1.000000000000000000e+00,3.321954352749982298e-01,9.011563803885648261e-01,1.000000000000000000e+00,0.000000000000000000e+00,4.444444444444444198e-01,2.299411347565898656e-01,-6.707582798314910555e-01
1.000000000000000000e+00,3.378402011478263689e-01,9.802065584992545322e-01,9.679084204139141168e-01,1.727031363773240173e-06,4.444444444444444198e-01,2.337315182411441594e-01,-7.135635646732221282e-01
1.000000000000000000e+00,3.560564080708565893e-01,9.602777910501566483e-01,3.281824075519533257e-01,0.000000000000000000e+00,4.444444444444444198e-01,2.464508699415456361e-01,-8.226917756905886003e-01
1.000000000000000000e+00,3.638860654217290214e-01,9.343769466627285247e-01,9.015141873803800276e-02,0.000000000000000000e+00,4.444444444444444198e-01,2.506266165489424713e-01,-8.625679878906207243e-01
9.999850327369287362e-01,3.259350515577385532e-01,5.850425597166298841e-01,1.000000000000000000e+00,0.000000000000000000e+00,4.444444444444444198e-01,2.234878668108463973e-01,-5.381785787722517256e-01
4.879000000000000004e-01,6.264573911566906350e-01,1.000000000000000000e+00,0.000000000000000000e+00,1.000000000000000000e+00,4.444444444444444198e-01,7.834729705880769668e-01,-9.256529813565551601e-01
4.879000000000000004e-01,6.264573910706566773e-01,1.000000000000000000e+00,0.000000000000000000e+00,1.000000000000000000e+00,4.444444444444444198e-01,7.834729705880769668e-01,-9.256529813565551601e-01
4.879000000000000004e-01,6.264573913797164550e-01,1.000000000000000000e+00,0.000000000000000000e+00,1.000000000000000000e+00,4.444444444444444198e-01,7.834729705880769668e-01,-9.256529813565551601e-01
4.879000000000000004e-01,6.264573899095088327e-01,1.000000000000000000e+00,0.000000000000000000e+00,1.000000000000000000e+00,4.444444444444444198e-01,7.834729705880769668e-01,-9.256529813565551601e-01
1.000000000000000000e+00,3.451059926511571563e-01,9.587757640159015882e-01,5.967515289033935577e-01,0.000000000000000000e+00,4.444444444444444198e-01,2.404272047816442825e-01,-7.661993802575367551e-01
1.000000000000000000e+00,3.436664880287303991e-01,9.753471544199965315e-01,7.212187118919844986e-01,0.000000000000000000e+00,4.444444444444444198e-01,2.385816195917231375e-01,-7.461211998994407013e-01
4.879000000000000004e-01,6.264573911566906350e-01,1.000000000000000000e+00,0.000000000000000000e+00,1.000000000000000000e+00,4.444444444444444198e-01,7.834729705880769668e-01,-9.256529813565551601e-01
4.879000000000000004e-01,6.264573911399536899e-01,1.000000000000000000e+00,0.000000000000000000e+00,1.000000000000000000e+00,4.444444444444444198e-01,7.834729705880769668e-01,-9.256529813565551601e-01
4.879000000000000004e-01,6.264573911566906350e-01,1.000000000000000000e+00,0.000000000000000000e+00,1.000000000000000000e+00,4.444444444444444198e-01,7.834729705880769668e-01,-9.256529813565551601e-01
4.879000000000000004e-01,6.264573911144879492e-01,1.000000000000000000e+00,0.000000000000000000e+00,1.000000000000000000e+00,4.444444444444444198e-01,7.834729705880769668e-01,-9.256529813565551601e-01
4.879000000000000004e-01,6.264573910996147355e-01,1.000000000000000000e+00,0.000000000000000000e+00,1.000000000000000000e+00,4.444444444444444198e-01,7.834729705880769668e-01,-9.256529813565551601e-01
4.879000000000000004e-01,6.264573911550326279e-01,1.000000000000000000e+00,0.000000000000000000e+00,1.000000000000000000e+00,4.444444444444444198e-01,7.834729705880769668e-01,-9.256529813565551601e-01
4.879000000000000004e-01,6.264573910996148465e-01,1.000000000000000000e+00,0.000000000000000000e+00,1.000000000000000000e+00,4.444444444444444198e-01,7.834729705880769668e-01,-9.256529813565551601e-01
4.879000000000000004e-01,6.264573911675136442e-01,1.000000000000000000e+00,0.000000000000000000e+00,1.000000000000000000e+00,4.444444444444444198e-01,7.834729705880769668e-01,-9.256529813565551601e-01
1.000000000000000000e+00,3.343684094036389332e-01,9.326815944118339585e-01,9.997385478048904650e-01,0.000000000000000000e+00,4.444444444444444198e-01,2.311398759369608091e-01,-6.788083578768392412e-01
4.879000000000000004e-01,6.264573911138856532e-01,1.000000000000000000e+00,0.000000000000000000e+00,1.000000000000000000e+00,4.444444444444444198e-01,7.834729705880769668e-01,-9.256529813565551601e-01
4.879000000000000004e-01,6.264573910706566773e-01,1.000000000000000000e+00,0.000000000000000000e+00,1.000000000000000000e+00,4.444444444444444198e-01,7.834729705880769668e-01,-9.256529813565551601e-01
4.879000000000000004e-01,6.264573910995206996e-01,1.000000000000000000e+00,0.000000000000000000e+00,1.000000000000000000e+00,4.444444444444444198e-01,7.834729705880769668e-01,-9.256529813565551601e-01
4.879000000000000004e-01,6.264573911568305231e-01,1.000000000000000000e+00,0.000000000000000000e+00,1.000000000000000000e+00,4.444444444444444198e-01,7.834729705880769668e-01,-9.256529813565551601e-01
4.879000000000000004e-01,6.264573909730081214e-01,1.000000000000000000e+00,0.000000000000000000e+00,1.000000000000000000e+00,4.444444444444444198e-01,7.834729705880769668e-01,-9.256529813565551601e-01
4.879000000000000004e-01,6.264573911527364647e-01,1.000000000000000000e+00,0.000000000000000000e+00,1.000000000000000000e+00,4.444444444444444198e-01,7.834729705880769668e-01,-9.256529813565551601e-01
1.000000000000000000e+00,3.762901923767011381e-01,9.672052848195960006e-01,9.986005630679195555e-03,3.318689359273612194e-01,4.444444444444444198e-01,2.649993985397928742e-01,-9.256529813565551601e-01
1.000000000000000000e+00,3.439978533546490524e-01,9.212857551335821293e-01,7.208643439211422921e-01,0.000000000000000000e+00,4.444444444444444198e-01,2.362735024510552451e-01,-7.248005205678847984e-01
4.879000000000000004e-01,6.264573911634534475e-01,1.000000000000000000e+00,0.000000000000000000e+00,1.000000000000000000e+00,4.444444444444444198e-01,7.834729705880771888e-01,-9.256529813565551601e-01
4.879000000000000004e-01,6.264573911566906350e-01,1.000000000000000000e+00,0.000000000000000000e+00,1.000000000000000000e+00,4.444444444444444198e-01,7.834729705880769668e-01,-9.256529813565551601e-01
4.879000000000000004e-01,6.264573911482356205e-01,1.000000000000000000e+00,0.000000000000000000e+00,1.000000000000000000e+00,4.444444444444444198e-01,7.834729705880769668e-01,-9.256529813565551601e-01
9.999848487422986487e-01,3.265952878494725042e-01,5.995130572357597609e-01,1.000000000000000000e+00,0.000000000000000000e+00,4.444444444444444198e-01,2.235123435098200773e-01,-5.410809575116565240e-01
9.999830495061047264e-01,3.399303926834064127e-01,9.739985424444048689e-01,8.531656236344362654e-01,0.000000000000000000e+00,4.444444444444444198e-01,2.357918812676084996e-01,-7.186542433058756840e-01
1.000000000000000000e+00,3.278527262658395003e-01,7.616272467292620751e-01,9.999949583581340118e-01,0.000000000000000000e+00,4.444444444444444198e-01,2.257062562026927455e-01,-6.069359633810843535e-01
1.000000000000000000e+00,3.634337330139326139e-01,9.339339282607468373e-01,8.259630216689292648e-02,0.000000000000000000e+00,4.444444444444444198e-01,2.507606616367760721e-01,-8.703630953810872484e-01
1.000000000000000000e+00,3.440979939580067204e-01,9.568222484698235553e-01,7.192217591108467367e-01,0.000000000000000000e+00,4.444444444444444198e-01,2.377683754907060076e-01,-7.371531875895599439e-01
4.879000000000000004e-01,6.264573910605293339e-01,1.000000000000000000e+00,0.000000000000000000e+00,1.000000000000000000e+00,4.444444444444444198e-01,7.834729705880771888e-01,-9.256529813565551601e-01
1.000000000000000000e+00,3.278539267469596785e-01,7.857947552876980435e-01,9.999985211370548965e-01,0.000000000000000000e+00,4.444444444444444198e-01,2.263002319666055362e-01,-6.171866632086704385e-01
1.000000000000000000e+00,3.568468776567990108e-01,9.425139754885177856e-01,1.811622866952871946e-01,0.000000000000000000e+00,4.444444444444444198e-01,2.489178634493165732e-01,-8.509780396779506040e-01
1.000000000000000000e+00,3.472370711893259521e-01,9.782618599315894281e-01,6.006035100031787977e-01,0.000000000000000000e+00,4.444444444444444198e-01,2.413015053886727324e-01,-7.680544139841773976e-01
1.000000000000000000e+00,3.357952923250944743e-01,9.557708945806686618e-01,9.999974292963470512e-01,0.000000000000000000e+00,4.444444444444444198e-01,2.320610116336919992e-01,-6.933433515581011175e-01
1.000000000000000000e+00,3.160486903122604607e-01,4.305824843755511333e-01,1.000000000000000000e+00,9.882635698462596263e-01,4.444444444444444198e-01,2.200852267200121559e-01,-4.916072346629448142e-01
4.879000000000000004e-01,6.264573911542509199e-01,1.000000000000000000e+00,0.000000000000000000e+00,1.000000000000000000e+00,4.444444444444444198e-01,7.834729705880769668e-01,-9.256529813565551601e-01
4.879000000000000004e-01,6.264573911566906350e-01,1.000000000000000000e+00,0.000000000000000000e+00,1.000000000000000000e+00,4.444444444444444198e-01,7.834729705880769668e-01,-9.256529813565551601e-01
4.879000000000000004e-01,6.264573911571164055e-01,1.000000000000000000e+00,0.000000000000000000e+00,1.000000000000000000e+00,4.444444444444444198e-01,7.834729705880769668e-01,-9.256529813565551601e-01
4.879000000000000004e-01,6.264573911582247412e-01,1.000000000000000000e+00,0.000000000000000000e+00,1.000000000000000000e+00,4.444444444444444198e-01,7.834729705880769668e-01,-9.256529813565551601e-01
4.879000000000000004e-01,6.264573911294299968e-01,1.000000000000000000e+00,0.000000000000000000e+00,1.000000000000000000e+00,4.444444444444444198e-01,7.834729705880769668e-01,-9.256529813565551601e-01
1.000000000000000000e+00,3.316237216759217454e-01,8.851512284540853370e-01,9.997385478048904650e-01,0.000000000000000000e+00,4.444444444444444198e-01,2.293691603011706048e-01,-6.623805622578280428e-01
9.999994536282880153e-01,3.252247048928951223e-01,6.406678385768324047e-01,1.000000000000000000e+00,0.000000000000000000e+00,4.444444444444444198e-01,2.237195298225470030e-01,-5.511841011440811178e-01
1.000000000000000000e+00,3.128243504768712380e-01,4.099750706270607892e-01,1.000000000000000000e+00,1.000000000000000000e+00,4.444444444444444198e-01,2.196773639486556684e-01,-4.822471698085201708e-01
9.999996620032093331e-01,3.440158400083174750e-01,9.675700551395609583e-01,8.073779349355364454e-01,0.000000000000000000e+00,4.444444444444444198e-01,2.365302230301435937e-01,-7.253582775016869100e-01
9.999850316332986599e-01,3.259182018951981008e-01,6.072908234717525611e-01,1.000000000000000000e+00,0.000000000000000000e+00,4.444444444444444198e-01,2.235221423541390307e-01,-5.436372217958763686e-01
1.000000000000000000e+00,3.556333388621619185e-01,9.603063021233007035e-01,3.808386376752989078e-01,0.000000000000000000e+00,4.444444444444444198e-01,2.452772725779338858e-01,-8.142579595514506385e-01
1.000000000000000000e+00,3.377446578458825344e-01,9.801139871556435734e-01,1.000000000000000000e+00,0.000000000000000000e+00,4.444444444444444198e-01,2.330881091546236072e-01,-7.048794119704004935e-01
1.000000000000000000e+00,3.472815564447367942e-01,9.870717314866613856e-01,6.007482563390939001e-01,0.000000000000000000e+00,4.444444444444444198e-01,2.417673417185787765e-01,-7.755281888297748116e-01
4.879000000000000004e-01,6.264573911133672901e-01,1.000000000000000000e+00,0.000000000000000000e+00,1.000000000000000000e+00,4.444444444444444198e-01,7.834729705880771888e-01,-9.256529813565551601e-01
1.000000000000000000e+00,3.251019204277286190e-01,6.991829178862162264e-01,9.999924579199793717e-01,0.000000000000000000e+00,4.444444444444444198e-01,2.244604817253158247e-01,-5.808849308761871999e-01
1.000000000000000000e+00,3.167562949778306436e-01,4.777703442790405819e-01,9.920554869583844138e-01,9.909021502886576904e-01,4.444444444444444198e-01,2.212730896009303949e-01,-5.018091289180081072e-01
1.000000000000000000e+00,3.711770008553041400e-01,9.673439786249599104e-01,4.702594370126680912e-02,3.227042610795241573e-01,4.444444444444444198e-01,2.635727903131444005e-01,-9.090735671378719074e-01
4.879000000000000004e-01,6.264573911672564055e-01,1.000000000000000000e+00,0.000000000000000000e+00,1.000000000000000000e+00,4.444444444444444198e-01,7.834729705880771888e-01,-9.256529813565551601e-01
9.999992508375243894e-01,3.320947919135781023e-01,8.554993182694591303e-01,9.999999881277533698e-01,0.000000000000000000e+00,4.444444444444444198e-01,2.283959479659147807e-01,-6.401287055469815357e-01
4.879000000000000004e-01,6.264573910605293339e-01,1.000000000000000000e+00,0.000000000000000000e+00,1.000000000000000000e+00,4.444444444444444198e-01,7.834729705880771888e-01,-9.256529813565551601e-01
4.879000000000000004e-01,6.264573911549274898e-01,1.000000000000000000e+00,0.000000000000000000e+00,1.000000000000000000e+00,4.444444444444444198e-01,7.834729705880769668e-01,-9.256529813565551601e-01
1.000000000000000000e+00,3.278355979891809380e-01,8.184106032389921737e-01,9.999929418380291146e-01,0.000000000000000000e+00,4.444444444444444198e-01,2.272249635376290267e-01,-6.324720271510190228e-01
4.879000000000000004e-01,6.264573910995399064e-01,1.000000000000000000e+00,0.000000000000000000e+00,1.000000000000000000e+00,4.444444444444444198e-01,7.834729705880769668e-01,-9.256529813565551601e-01
4.879000000000000004e-01,6.264573911146484875e-01,1.000000000000000000e+00,0.000000000000000000e+00,1.000000000000000000e+00,4.444444444444444198e-01,7.834729705880769668e-01,-9.256529813565551601e-01
4.879000000000000004e-01,6.264573910971924509e-01,1.000000000000000000e+00,0.000000000000000000e+00,1.000000000000000000e+00,4.444444444444444198e-01,7.834729705880769668e-01,-9.256529813565551601e-01
4.879000000000000004e-01,6.264573911672564055e-01,1.000000000000000000e+00,0.000000000000000000e+00,1.000000000000000000e+00,4.444444444444444198e-01,7.834729705880771888e-01,-9.256529813565551601e-01
4.879000000000000004e-01,6.264573911017095043e-01,1.000000000000000000e+00,0.000000000000000000e+00,1.000000000000000000e+00,4.444444444444444198e-01,7.834729705880769668e-01,-9.256529813565551601e-01
9.999850316332986599e-01,3.278554841731746716e-01,6.052467121320505017e-01,1.000000000000000000e+00,0.000000000000000000e+00,4.444444444444444198e-01,2.235879439708789440e-01,-5.478374482825534297e-01
4.879000000000000004e-01,6.264573911622836055e-01,1.000000000000000000e+00,0.000000000000000000e+00,1.000000000000000000e+00,4.444444444444444198e-01,7.834729705880769668e-01,-9.256529813565551601e-01
4.879000000000000004e-01,6.264573911546845730e-01,1.000000000000000000e+00,0.000000000000000000e+00,1.000000000000000000e+00,4.444444444444444198e-01,7.834729705880769668e-01,-9.256529813565551601e-01
4.879000000000000004e-01,6.264573910995399064e-01,1.000000000000000000e+00,0.000000000000000000e+00,1.000000000000000000e+00,4.444444444444444198e-01,7.834729705880769668e-01,-9.256529813565551601e-01
4.879000000000000004e-01,6.264573910974072790e-01,1.000000000000000000e+00,0.000000000000000000e+00,1.000000000000000000e+00,4.444444444444444198e-01,7.834729705880769668e-01,-9.256529813565551601e-01
4.879000000000000004e-01,6.264573911582247412e-01,1.000000000000000000e+00,0.000000000000000000e+00,1.000000000000000000e+00,4.444444444444444198e-01,7.834729705880769668e-01,-9.256529813565551601e-01
4.879000000000000004e-01,6.264573911147429675e-01,1.000000000000000000e+00,0.000000000000000000e+00,1.000000000000000000e+00,4.444444444444444198e-01,7.834729705880769668e-01,-9.256529813565551601e-01
4.879000000000000004e-01,6.264573911154738273e-01,1.000000000000000000e+00,0.000000000000000000e+00,1.000000000000000000e+00,4.444444444444444198e-01,7.834729705880769668e-01,-9.256529813565551601e-01
4.879000000000000004e-01,6.264573911672564055e-01,1.000000000000000000e+00,0.000000000000000000e+00,1.000000000000000000e+00,4.444444444444444198e-01,7.834729705880771888e-01,-9.256529813565551601e-01
4.879000000000000004e-01,6.264573911567168363e-01,1.000000000000000000e+00,0.000000000000000000e+00,1.000000000000000000e+00,4.444444444444444198e-01,7.834729705880769668e-01,-9.256529813565551601e-01
4.879000000000000004e-01,5.995984482827481088e-01,1.000000000000000000e+00,0.000000000000000000e+00,1.000000000000000000e+00,4.444444444444444198e-01,7.635986011164139775e-01,-9.256529813565551601e-01
4.879000000000000004e-01,6.264573910847920368e-01,1.000000000000000000e+00,0.000000000000000000e+00,1.000000000000000000e+00,4.444444444444444198e-01,7.834729705880771888e-01,-9.256529813565551601e-01
4.879000000000000004e-01,6.264573910971712456e-01,1.000000000000000000e+00,0.000000000000000000e+00,1.000000000000000000e+00,4.444444444444444198e-01,7.834729705880769668e-01,-9.256529813565551601e-01
4.879000000000000004e-01,6.264573910995319128e-01,1.000000000000000000e+00,0.000000000000000000e+00,1.000000000000000000e+00,4.444444444444444198e-01,7.834729705880769668e-01,-9.256529813565551601e-01
4.879000000000000004e-01,6.264573911541070350e-01,1.000000000000000000e+00,0.000000000000000000e+00,1.000000000000000000e+00,4.444444444444444198e-01,7.834729705880769668e-01,-9.256529813565551601e-01
4.879000000000000004e-01,6.264573910995399064e-01,1.000000000000000000e+00,0.000000000000000000e+00,1.000000000000000000e+00,4.444444444444444198e-01,7.834729705880769668e-01,-9.256529813565551601e-01
4.879000000000000004e-01,6.264573910706566773e-01,1.000000000000000000e+00,0.000000000000000000e+00,1.000000000000000000e+00,4.444444444444444198e-01,7.834729705880769668e-01,-9.256529813565551601e-01
4.879000000000000004e-01,6.264573911550220808e-01,1.000000000000000000e+00,0.000000000000000000e+00,1.000000000000000000e+00,4.444444444444444198e-01,7.834729705880769668e-01,-9.256529813565551601e-01
1.000000000000000000e+00,3.634698247934993742e-01,9.265923213142522874e-01,2.047199716905007127e-02,0.000000000000000000e+00,4.444444444444444198e-01,2.518079293397537111e-01,-8.903206849554784474e-01
4.879000000000000004e-01,6.264573910957480507e-01,1.000000000000000000e+00,0.000000000000000000e+00,1.000000000000000000e+00,4.444444444444444198e-01,7.834729705880769668e-01,-9.256529813565551601e-01
4.879000000000000004e-01,6.264573911521066352e-01,1.000000000000000000e+00,0.000000000000000000e+00,1.000000000000000000e+00,4.444444444444444198e-01,7.834729705880769668e-01,-9.256529813565551601e-01
