5.000000000000000000e+02,3.039595999999999965e-01
1.000000000000000000e+03,3.497011999999999898e-01
1.500000000000000000e+03,3.706182000000000087e-01
2.000000000000000000e+03,3.789355999999999836e-01
2.500000000000000000e+03,3.902988000000000013e-01
3.000000000000000000e+03,3.914618000000000264e-01
3.500000000000000000e+03,3.916071999999999886e-01
4.000000000000000000e+03,3.923146000000000133e-01
4.500000000000000000e+03,3.924033000000000104e-01
5.000000000000000000e+03,3.925902000000000003e-01
5.500000000000000000e+03,3.928352999999999984e-01
6.000000000000000000e+03,3.928863000000000216e-01
6.500000000000000000e+03,3.929561999999999777e-01
7.000000000000000000e+03,3.956575999999999982e-01
7.500000000000000000e+03,4.016665999999999848e-01
8.000000000000000000e+03,4.019496000000000180e-01
8.500000000000000000e+03,4.088819000000000203e-01
9.000000000000000000e+03,4.186880000000000046e-01
9.500000000000000000e+03,4.269388000000000072e-01
1.000000000000000000e+04,4.270021999999999984e-01
1.050000000000000000e+04,4.293845000000000023e-01
1.100000000000000000e+04,4.294181000000000248e-01
1.150000000000000000e+04,4.298784999999999967e-01
1.200000000000000000e+04,4.299766999999999895e-01
1.250000000000000000e+04,4.300244999999999762e-01
1.300000000000000000e+04,4.334068999999999838e-01
1.350000000000000000e+04,4.336169999999999747e-01
1.400000000000000000e+04,4.336566000000000032e-01
1.450000000000000000e+04,4.337067000000000005e-01
1.500000000000000000e+04,4.358104999999999896e-01
1.550000000000000000e+04,4.358124999999999916e-01
1.600000000000000000e+04,4.358197999999999794e-01
1.650000000000000000e+04,4.358397999999999994e-01
1.700000000000000000e+04,4.358454999999999968e-01
1.750000000000000000e+04,4.406599999999999961e-01
1.800000000000000000e+04,4.406722000000000139e-01
1.850000000000000000e+04,4.433714999999999740e-01
1.900000000000000000e+04,4.433770000000000211e-01
1.950000000000000000e+04,4.587590999999999752e-01
2.000000000000000000e+04,4.587614999999999887e-01
2.050000000000000000e+04,4.587729999999999864e-01
2.100000000000000000e+04,4.587885999999999909e-01
2.150000000000000000e+04,4.588175999999999921e-01
2.200000000000000000e+04,4.588309999999999889e-01
2.250000000000000000e+04,4.588714999999999877e-01
2.300000000000000000e+04,4.591053999999999968e-01
2.350000000000000000e+04,4.591075000000000017e-01
2.400000000000000000e+04,4.612857000000000207e-01
2.450000000000000000e+04,4.616767999999999983e-01
2.500000000000000000e+04,4.616849000000000092e-01
2.550000000000000000e+04,4.636295999999999751e-01
2.600000000000000000e+04,4.636408000000000196e-01
2.650000000000000000e+04,4.644482999999999806e-01
2.700000000000000000e+04,4.644548000000000010e-01
2.750000000000000000e+04,4.678810999999999942e-01
2.800000000000000000e+04,4.679054999999999742e-01
2.850000000000000000e+04,4.680057000000000245e-01
2.900000000000000000e+04,4.680064999999999920e-01
2.950000000000000000e+04,4.767455999999999916e-01
3.000000000000000000e+04,4.767481000000000080e-01
3.050000000000000000e+04,4.767621000000000220e-01
3.100000000000000000e+04,4.794097999999999971e-01
3.150000000000000000e+04,4.829021000000000008e-01
3.200000000000000000e+04,4.829068999999999723e-01
3.250000000000000000e+04,4.828056000000000014e-01
3.300000000000000000e+04,4.828073999999999977e-01
3.350000000000000000e+04,4.828103999999999729e-01
3.400000000000000000e+04,4.828133000000000008e-01
3.450000000000000000e+04,4.828156000000000114e-01
3.500000000000000000e+04,4.846778999999999948e-01
3.550000000000000000e+04,4.856828999999999730e-01
3.600000000000000000e+04,4.860321000000000224e-01
3.650000000000000000e+04,4.860668000000000211e-01
3.700000000000000000e+04,4.865851999999999955e-01
3.750000000000000000e+04,4.865882000000000263e-01
3.800000000000000000e+04,4.941978000000000204e-01
3.850000000000000000e+04,4.945554999999999812e-01
3.900000000000000000e+04,4.945571000000000272e-01
3.950000000000000000e+04,4.945581000000000005e-01
4.000000000000000000e+04,4.957667000000000046e-01
4.050000000000000000e+04,4.959527000000000241e-01
4.100000000000000000e+04,4.961686000000000152e-01
4.150000000000000000e+04,4.967661999999999911e-01
4.200000000000000000e+04,4.967882000000000131e-01
4.250000000000000000e+04,4.967885000000000217e-01
4.300000000000000000e+04,4.970475999999999783e-01
4.350000000000000000e+04,4.970704000000000233e-01
4.400000000000000000e+04,4.970705000000000262e-01
4.450000000000000000e+04,4.970855000000000135e-01
4.500000000000000000e+04,4.975148999999999821e-01
4.550000000000000000e+04,4.975148999999999821e-01
4.600000000000000000e+04,4.975148999999999821e-01
4.650000000000000000e+04,4.975151999999999908e-01
4.700000000000000000e+04,4.975159000000000109e-01
4.750000000000000000e+04,4.975169999999999870e-01
4.800000000000000000e+04,4.975211999999999968e-01
4.850000000000000000e+04,4.975219000000000169e-01
4.900000000000000000e+04,4.974496999999999947e-01
4.950000000000000000e+04,4.974515999999999938e-01
5.000000000000000000e+04,4.975004000000000093e-01
5.050000000000000000e+04,4.975010999999999739e-01
5.100000000000000000e+04,4.975023000000000084e-01
5.150000000000000000e+04,4.975024000000000113e-01
5.200000000000000000e+04,4.975043000000000104e-01
5.250000000000000000e+04,4.975052999999999837e-01
5.300000000000000000e+04,4.975075999999999943e-01
5.350000000000000000e+04,4.975083000000000144e-01
5.400000000000000000e+04,4.975084000000000173e-01
5.450000000000000000e+04,4.975084000000000173e-01
5.500000000000000000e+04,4.975270999999999999e-01
5.550000000000000000e+04,4.975275000000000114e-01
5.600000000000000000e+04,4.975292000000000048e-01
5.650000000000000000e+04,4.975299000000000249e-01
5.700000000000000000e+04,4.975300999999999751e-01
5.750000000000000000e+04,4.975300999999999751e-01
5.800000000000000000e+04,4.975307999999999953e-01
5.850000000000000000e+04,4.975313000000000097e-01
5.900000000000000000e+04,4.975313000000000097e-01
5.950000000000000000e+04,4.975318000000000240e-01
6.000000000000000000e+04,4.975324999999999886e-01
