1.000000000000000000e+00,3.674925347933719610e-01,9.075275833265756820e-01,4.579918279483876503e-02,4.535786392376596043e-05,7.777777777777777901e-01,2.546122582211151619e-01,-8.957381177143672879e-01
1.000000000000000000e+00,3.522701495612273748e-01,9.069151640766965894e-01,4.685403605468722033e-01,4.568336337516615503e-05,7.777777777777777901e-01,2.451002352116421201e-01,-8.024420931486743180e-01
1.000000000000000000e+00,3.533636007548860980e-01,9.733934901378864524e-01,6.640320790655382943e-01,1.131257232123864583e-08,7.777777777777777901e-01,2.444373687489796998e-01,-7.914678247562837443e-01
9.999992659775437387e-01,3.592425088568519387e-01,9.077309569714125947e-01,2.613922468221978601e-01,0.000000000000000000e+00,7.777777777777777901e-01,2.495771692583089452e-01,-8.409748923515302232e-01
1.000000000000000000e+00,3.396740204273984154e-01,8.840828806006799656e-01,9.486513568607700675e-01,4.139556168569320197e-05,7.777777777777777901e-01,2.347424808019839271e-01,-6.953079818189733530e-01
1.000000000000000000e+00,3.644500119515458603e-01,9.068433578362590231e-01,7.119631555996366878e-02,4.535166510561385386e-05,7.777777777777777901e-01,2.539904021947215762e-01,-8.917474652738189844e-01
1.000000000000000000e+00,3.522723327672546700e-01,9.069145767620110377e-01,4.451165453332051047e-01,4.546731546809298371e-05,7.777777777777777901e-01,2.456059374796508432e-01,-8.089869206593469642e-01
1.000000000000000000e+00,3.533370281882142194e-01,9.893329874535677915e-01,6.633748671594890123e-01,1.477500451999042893e-08,7.777777777777777901e-01,2.452771971405496576e-01,-8.035286451073887504e-01
1.000000000000000000e+00,3.310133054557550247e-01,6.076081594239957084e-01,1.000000000000000000e+00,0.000000000000000000e+00,7.777777777777777901e-01,2.273612226710814976e-01,-5.857868044017054965e-01
1.000000000000000000e+00,3.802502551975918132e-01,9.734180445337069498e-01,0.000000000000000000e+00,4.004361860661646011e-01,7.777777777777777901e-01,2.721307390477905042e-01,-9.688772851002219744e-01
1.000000000000000000e+00,3.495189676228159792e-01,9.670460936231948246e-01,7.727137766605431946e-01,0.000000000000000000e+00,7.777777777777777901e-01,2.418227458253942030e-01,-7.621555252121319235e-01
9.999999941123581815e-01,3.324899719002154530e-01,7.450176383844064887e-01,1.000000000000000000e+00,0.000000000000000000e+00,7.777777777777777901e-01,2.294218026400076105e-01,-6.327752321144648473e-01
1.000000000000000000e+00,3.340699897196173218e-01,8.344622069793363739e-01,1.000000000000000000e+00,0.000000000000000000e+00,7.777777777777777901e-01,2.320288538407345447e-01,-6.780914499229147019e-01
1.000000000000000000e+00,3.675921863574265758e-01,9.694969676215600130e-01,1.107510218629181309e-01,0.000000000000000000e+00,7.777777777777777901e-01,2.575533769447573285e-01,-9.280030684009394903e-01
1.000000000000000000e+00,3.640769423102991897e-01,9.558040305350665733e-01,3.122000594635216952e-01,0.000000000000000000e+00,7.777777777777777901e-01,2.513803850174316512e-01,-8.536278813232263118e-01
1.000000000000000000e+00,3.746350743945738859e-01,9.695258006447202703e-01,3.855939180335579003e-03,0.000000000000000000e+00,7.777777777777777901e-01,2.604264395440604729e-01,-9.500593680276834263e-01
1.000000000000000000e+00,3.504708231394250140e-01,9.038649748697602515e-01,7.351228948689558784e-01,1.515740227507730179e-08,7.777777777777777901e-01,2.399173790110129545e-01,-7.485107850600195567e-01
9.999999658427297655e-01,3.522008609578194949e-01,9.875675761691132815e-01,7.339903526751788698e-01,4.724756789649384495e-07,7.777777777777777901e-01,2.436680799413090404e-01,-7.800359744616111035e-01
1.000000000000000000e+00,3.532346058792138477e-01,9.585355557985069108e-01,7.348429959400869516e-01,0.000000000000000000e+00,7.777777777777777901e-01,2.423763402940675993e-01,-7.723336231551831688e-01
1.000000000000000000e+00,3.417867918184818166e-01,9.043085106357260372e-01,8.509193204139131606e-01,1.131257232123864583e-08,7.777777777777777901e-01,2.374051736889011277e-01,-7.340360092946833781e-01
9.999984886887870461e-01,3.642021471712590941e-01,9.409322436942392232e-01,3.253205443678838238e-01,0.000000000000000000e+00,7.777777777777777901e-01,2.502611278502591130e-01,-8.488651702668352783e-01
1.000000000000000000e+00,3.388976643102820652e-01,8.722996568325883660e-01,1.000000000000000000e+00,4.344049789244949561e-06,7.777777777777777901e-01,2.333751048163147934e-01,-6.915160224355725305e-01
1.000000000000000000e+00,3.722879650276462726e-01,9.684478645397708307e-01,1.356779576414015587e-01,5.605230772431676320e-07,7.777777777777777901e-01,2.566995233296688328e-01,-9.104772358446812097e-01
1.000000000000000000e+00,3.644500022285898644e-01,9.075435614215980884e-01,1.372474798056581569e-01,4.535252214754997835e-05,7.777777777777777901e-01,2.524088613465122477e-01,-8.686106939050162179e-01
9.999986077125458950e-01,3.629416131861347150e-01,9.615490514070316186e-01,4.678049994211204710e-01,0.000000000000000000e+00,7.777777777777777901e-01,2.483818048598817885e-01,-8.244655472254447393e-01
9.999984619422680465e-01,3.456407854558385395e-01,9.229508894830611432e-01,8.504299617026794822e-01,0.000000000000000000e+00,7.777777777777777901e-01,2.382675603445999490e-01,-7.402743459021134953e-01
9.999999999982320809e-01,3.315171453548221847e-01,7.051614697000556653e-01,1.000000000000000000e+00,0.000000000000000000e+00,7.777777777777777901e-01,2.285601311946268144e-01,-6.089668698108129385e-01
4.879000000000000004e-01,6.468454307816451365e-01,1.000000000000000000e+00,4.010740423879747238e-14,1.000000000000000000e+00,7.777777777777777901e-01,8.125647283731629589e-01,-9.688772851002219744e-01
1.000000000000000000e+00,3.197925753526280612e-01,4.010590604889571753e-01,9.983057107933704932e-01,9.998779514115444522e-01,7.777777777777777901e-01,2.218241375450962227e-01,-5.143265097465178348e-01
1.000000000000000000e+00,3.170747329838374817e-01,5.119604194033171574e-01,1.000000000000000000e+00,9.890686997807836001e-01,7.777777777777777901e-01,2.247126708990301869e-01,-5.540495418177218134e-01
1.000000000000000000e+00,3.310133054557550247e-01,6.792406930033704215e-01,1.000000000000000000e+00,3.305429993601131403e-10,7.777777777777777901e-01,2.281085992185133415e-01,-6.034368177191840044e-01
4.879000000000000004e-01,6.468454204667043461e-01,1.000000000000000000e+00,0.000000000000000000e+00,1.000000000000000000e+00,7.777777777777777901e-01,8.125647283731771697e-01,-9.688772851002219744e-01
9.999984567317281581e-01,3.593437233401395314e-01,9.401675699525393615e-01,4.650905129780258385e-01,0.000000000000000000e+00,7.777777777777777901e-01,2.470808986736135193e-01,-8.241047584604679344e-01
4.879000000000000004e-01,6.468454067387410245e-01,1.000000000000000000e+00,1.303743077934966857e-16,1.000000000000000000e+00,7.777777777777777901e-01,8.125647283731762816e-01,-9.688772851002219744e-01
9.999999989794973176e-01,3.328606659240004872e-01,7.853644569334493619e-01,9.723211407993821442e-01,4.268948594553531410e-05,7.777777777777777901e-01,2.309808698685096029e-01,-6.576164824544328269e-01
4.879000000000000004e-01,6.468454120390655371e-01,1.000000000000000000e+00,0.000000000000000000e+00,1.000000000000000000e+00,7.777777777777777901e-01,8.125647283731785020e-01,-9.688772851002219744e-01
1.000000000000000000e+00,3.644222814004210997e-01,9.823222313793452676e-01,3.287671037409721220e-01,0.000000000000000000e+00,7.777777777777777901e-01,2.526343890249073132e-01,-8.746393759982966642e-01
1.000000000000000000e+00,3.187246293684416476e-01,4.884802732622788857e-01,1.000000000000000000e+00,9.936555808021744207e-01,7.777777777777777901e-01,2.238941920870262670e-01,-5.447266493980674751e-01
1.000000000000000000e+00,3.310329270581441330e-01,6.057707209187364050e-01,1.000000000000000000e+00,0.000000000000000000e+00,7.777777777777777901e-01,2.273526590915656564e-01,-5.783536587709531274e-01
1.000000000000000000e+00,3.644356931161391588e-01,9.578034723803934281e-01,2.864105718233436182e-01,0.000000000000000000e+00,7.777777777777777901e-01,2.521039690780384479e-01,-8.642664161827209313e-01
4.879000000000000004e-01,6.468454044503300082e-01,1.000000000000000000e+00,0.000000000000000000e+00,9.999999999999955591e-01,7.777777777777777901e-01,8.125647283731747272e-01,-9.688772851002219744e-01
4.879000000000000004e-01,6.468454089113495620e-01,9.999999999999965583e-01,0.000000000000000000e+00,1.000000000000000000e+00,7.777777777777777901e-01,8.125647283731758375e-01,-9.688772851002219744e-01
4.879000000000000004e-01,6.468454136509295127e-01,1.000000000000000000e+00,1.684154863590491009e-21,1.000000000000000000e+00,7.777777777777777901e-01,8.125647283731787240e-01,-9.688772851002219744e-01
9.999999999855423427e-01,3.328335752406261783e-01,7.853644569334493619e-01,9.994923718128312373e-01,4.423813950214525382e-05,7.777777777777777901e-01,2.305000807875191571e-01,-6.422576422379917549e-01
1.000000000000000000e+00,3.187813895484781224e-01,4.824417733018108168e-01,1.000000000000000000e+00,1.000000000000000000e+00,7.777777777777777901e-01,2.236367751907215595e-01,-5.372317291384435256e-01
4.879000000000000004e-01,6.468454135668098015e-01,1.000000000000000000e+00,1.168412629767072526e-22,1.000000000000000000e+00,7.777777777777777901e-01,8.125647283731787240e-01,-9.688772851002219744e-01
4.879000000000000004e-01,6.468454141654663703e-01,1.000000000000000000e+00,1.152883872962063563e-22,1.000000000000000000e+00,7.777777777777777901e-01,8.125647283731787240e-01,-9.688772851002219744e-01
4.879000000000000004e-01,6.468454147957725109e-01,1.000000000000000000e+00,1.969533353677641290e-21,9.999999999999921174e-01,7.777777777777777901e-01,8.125647283731787240e-01,-9.688772851002219744e-01
4.879000000000000004e-01,6.468454140851310763e-01,1.000000000000000000e+00,1.152883872962063563e-22,1.000000000000000000e+00,7.777777777777777901e-01,8.125647283731787240e-01,-9.688772851002219744e-01
4.879000000000000004e-01,6.468454140721601187e-01,1.000000000000000000e+00,1.152317577906734610e-22,1.000000000000000000e+00,7.777777777777777901e-01,8.125647283731787240e-01,-9.688772851002219744e-01
9.996779062467340271e-01,3.197892271028762723e-01,4.286304591030792310e-01,9.986879318060190025e-01,9.941177731925346928e-01,7.777777777777777901e-01,2.224319762761626518e-01,-5.327995126766450484e-01
4.879000000000000004e-01,6.468454140247966722e-01,1.000000000000000000e+00,1.152883872962063563e-22,1.000000000000000000e+00,7.777777777777777901e-01,8.125647283731787240e-01,-9.688772851002219744e-01
9.999999960089530626e-01,3.388855564607604620e-01,8.917473432703972858e-01,9.486729585168853784e-01,0.000000000000000000e+00,7.777777777777777901e-01,2.350323762210076994e-01,-7.006017621238489479e-01
4.879000000000000004e-01,6.468454141042618843e-01,1.000000000000000000e+00,1.158351276822818362e-22,1.000000000000000000e+00,7.777777777777777901e-01,8.125647283731789461e-01,-9.688772851002219744e-01
4.879000000000000004e-01,6.468454140835228072e-01,9.999999999999998890e-01,1.990882645741574312e-21,9.999999999997382094e-01,7.777777777777777901e-01,8.125647283731729509e-01,-9.688772851002219744e-01
4.879000000000000004e-01,6.468454144659515626e-01,1.000000000000000000e+00,0.000000000000000000e+00,9.999999999999955591e-01,7.777777777777777901e-01,8.125647283731787240e-01,-9.688772851002219744e-01
4.879000000000000004e-01,6.468454140658642659e-01,1.000000000000000000e+00,1.593582924775508672e-21,1.000000000000000000e+00,7.777777777777777901e-01,8.125647283731787240e-01,-9.688772851002219744e-01
1.000000000000000000e+00,3.631449286220337358e-01,9.756262457532227650e-01,3.912390601045405147e-01,0.000000000000000000e+00,7.777777777777777901e-01,2.507304900827516669e-01,-8.530784473371716414e-01
4.879000000000000004e-01,6.468454147542040955e-01,1.000000000000000000e+00,8.515360289478818245e-24,9.999999999999955591e-01,7.777777777777777901e-01,8.125647283731787240e-01,-9.688772851002219744e-01
1.000000000000000000e+00,3.187202412857626510e-01,5.154477728781665657e-01,8.934078562701707193e-01,9.999957512871211485e-01,7.777777777777777901e-01,2.265191533603883589e-01,-5.560237636911398162e-01
4.879000000000000004e-01,6.468454143947205415e-01,9.999999999999964473e-01,0.000000000000000000e+00,9.999999999999179545e-01,7.777777777777777901e-01,8.125647283731751713e-01,-9.688772851002219744e-01
9.999999807039754440e-01,3.393529826843284525e-01,8.415113667345857085e-01,8.225570279265966844e-01,7.280353166320272412e-08,7.777777777777777901e-01,2.354409943936676686e-01,-7.235871597518549470e-01
4.879000000000000004e-01,6.468454114757314910e-01,9.999999999999963363e-01,0.000000000000000000e+00,1.000000000000000000e+00,7.777777777777777901e-01,8.125647283731767256e-01,-9.688772851002219744e-01
4.879000000000000004e-01,6.468454147720416048e-01,9.999999999999997780e-01,1.158483218324485039e-22,1.000000000000000000e+00,7.777777777777777901e-01,8.125647283731787240e-01,-9.688772851002219744e-01
4.879000000000000004e-01,6.468454140481145753e-01,1.000000000000000000e+00,1.851756606965199060e-23,1.000000000000000000e+00,7.777777777777777901e-01,8.125647283731787240e-01,-9.688772851002219744e-01
9.999999938538656208e-01,3.310109705790680312e-01,5.675160946488360114e-01,1.000000000000000000e+00,3.350709611014698758e-10,7.777777777777777901e-01,2.273051880207822562e-01,-5.743584713060720937e-01
9.999999937527659366e-01,3.640852545107794991e-01,9.653456619656941573e-01,2.861490779416160923e-01,4.111186843348942176e-12,7.777777777777777901e-01,2.525836908073690878e-01,-8.717427705910486546e-01
4.879000000000000004e-01,6.468454136703297719e-01,9.999999999999998890e-01,1.687438616039793569e-21,9.999999999999978906e-01,7.777777777777777901e-01,8.125647283731787240e-01,-9.688772851002219744e-01
4.879000000000000004e-01,6.468454089816225716e-01,9.999999999999998890e-01,0.000000000000000000e+00,1.000000000000000000e+00,7.777777777777777901e-01,8.125647283731776138e-01,-9.688772851002219744e-01
4.879000000000000004e-01,6.468454147957725109e-01,1.000000000000000000e+00,1.973538754476315860e-21,1.000000000000000000e+00,7.777777777777777901e-01,8.125647283731789461e-01,-9.688772851002219744e-01
4.879000000000000004e-01,6.468454144225488367e-01,1.000000000000000000e+00,2.018148455510748929e-18,1.000000000000000000e+00,7.777777777777777901e-01,8.125647283731787240e-01,-9.688772851002219744e-01
9.999946477874033235e-01,3.197793183755409663e-01,4.091272075089021909e-01,1.000000000000000000e+00,9.936552411741438329e-01,7.777777777777777901e-01,2.220413504303471175e-01,-5.150642483940824912e-01
4.879000000000000004e-01,6.468454136487380435e-01,1.000000000000000000e+00,1.967949194604521507e-21,9.999999999999996669e-01,7.777777777777777901e-01,8.125647283731787240e-01,-9.688772851002219744e-01
4.879000000000000004e-01,6.468454628021160779e-01,1.000000000000000000e+00,0.000000000000000000e+00,1.000000000000000000e+00,7.777777777777777901e-01,8.125647283730892401e-01,-9.688772851002219744e-01
9.999999999234425729e-01,3.312343708814993182e-01,6.008353673372318626e-01,1.000000000000000000e+00,0.000000000000000000e+00,7.777777777777777901e-01,2.273336583141190581e-01,-5.762072648148376386e-01
4.879000000000000004e-01,6.468454497745246279e-01,1.000000000000000000e+00,1.659528089421180496e-20,9.999999999996826983e-01,7.777777777777777901e-01,8.125647283731241011e-01,-9.688772851002219744e-01
4.879000000000000004e-01,6.468454621656373194e-01,1.000000000000000000e+00,0.000000000000000000e+00,1.000000000000000000e+00,7.777777777777777901e-01,8.125647283730914605e-01,-9.688772851002219744e-01
4.879000000000000004e-01,6.468454460354368107e-01,9.999999999999998890e-01,8.239523358145746462e-17,1.000000000000000000e+00,7.777777777777777901e-01,8.125647283731405324e-01,-9.688772851002219744e-01
9.999999941588950669e-01,3.193500059081177955e-01,5.687773415555196221e-01,9.982695027231708318e-01,9.654753749060623891e-01,7.777777777777777901e-01,2.269762117975577254e-01,-5.713968643217739452e-01
4.879000000000000004e-01,6.468454048600672524e-01,1.000000000000000000e+00,4.032759408937992956e-14,9.999999999999956701e-01,7.777777777777777901e-01,8.125647283731696202e-01,-9.688772851002219744e-01
4.879000000000000004e-01,6.468454626358938198e-01,9.999999999999997780e-01,1.165280432263557816e-22,1.000000000000000000e+00,7.777777777777777901e-01,8.125647283730896842e-01,-9.688772851002219744e-01
4.879000000000000004e-01,6.468454482864817168e-01,9.999999999999964473e-01,0.000000000000000000e+00,9.999999999996033173e-01,7.777777777777777901e-01,8.125647283731245452e-01,-9.688772851002219744e-01
9.999984567317281581e-01,3.593437233401395314e-01,9.358701097117965162e-01,3.753939860255609551e-01,0.000000000000000000e+00,7.777777777777777901e-01,2.486945434830684920e-01,-8.347308935685111564e-01
4.879000000000000004e-01,6.468454144407470574e-01,1.000000000000000000e+00,0.000000000000000000e+00,1.000000000000000000e+00,7.777777777777777901e-01,8.125647283731787240e-01,-9.688772851002219744e-01
4.879000000000000004e-01,6.468454140874773106e-01,1.000000000000000000e+00,0.000000000000000000e+00,9.999999999999955591e-01,7.777777777777777901e-01,8.125647283731787240e-01,-9.688772851002219744e-01
4.879000000000000004e-01,6.468454481485231833e-01,1.000000000000000000e+00,5.686420306563221026e-18,1.000000000000000000e+00,7.777777777777777901e-01,8.125647283731352033e-01,-9.688772851002219744e-01
4.879000000000000004e-01,6.468454620382791953e-01,1.000000000000000000e+00,7.408261988972612313e-22,9.999999999996826983e-01,7.777777777777777901e-01,8.125647283730850212e-01,-9.688772851002219744e-01
4.879000000000000004e-01,6.468454054913528317e-01,9.999999999999966693e-01,8.229949664933023353e-17,9.999999999816215901e-01,7.777777777777777901e-01,8.125647283727743808e-01,-9.688772851002219744e-01
4.879000000000000004e-01,6.468454051333737409e-01,1.000000000000000000e+00,2.965504629148147637e-18,9.999999999812718698e-01,7.777777777777777901e-01,8.125647283727677195e-01,-9.688772851002219744e-01
4.879000000000000004e-01,6.468454140654428253e-01,1.000000000000000000e+00,7.137466720292221782e-17,1.000000000000000000e+00,7.777777777777777901e-01,8.125647283731787240e-01,-9.688772851002219744e-01
4.879000000000000004e-01,6.468454567940616906e-01,1.000000000000000000e+00,0.000000000000000000e+00,1.000000000000000000e+00,7.777777777777777901e-01,8.125647283731101123e-01,-9.688772851002219744e-01
4.879000000000000004e-01,6.468454147464582915e-01,1.000000000000000000e+00,1.130430619687902141e-22,1.000000000000000000e+00,7.777777777777777901e-01,8.125647283731787240e-01,-9.688772851002219744e-01
4.879000000000000004e-01,6.468454078172627408e-01,9.999999999999966693e-01,0.000000000000000000e+00,1.000000000000000000e+00,7.777777777777777901e-01,8.125647283731756154e-01,-9.688772851002219744e-01
9.999429462234769028e-01,3.456456870430663630e-01,9.745870022856997217e-01,8.494154138583470681e-01,1.122483482649173120e-08,7.777777777777777901e-01,2.406193445428418121e-01,-7.516013896585642673e-01
4.879000000000000004e-01,6.468454481549054114e-01,9.999999999999965583e-01,0.000000000000000000e+00,1.000000000000000000e+00,7.777777777777777901e-01,8.125647283731334269e-01,-9.688772851002219744e-01
4.879000000000000004e-01,6.468454143852186977e-01,1.000000000000000000e+00,1.160845806418858762e-22,1.000000000000000000e+00,7.777777777777777901e-01,8.125647283731787240e-01,-9.688772851002219744e-01
4.879000000000000004e-01,6.468454144226793989e-01,1.000000000000000000e+00,4.304642552623935169e-20,1.000000000000000000e+00,7.777777777777777901e-01,8.125647283731787240e-01,-9.688772851002219744e-01
4.879000000000000004e-01,6.468454105265094567e-01,1.000000000000000000e+00,1.996200258049061201e-21,9.999999999997357669e-01,7.777777777777777901e-01,8.125647283731725068e-01,-9.688772851002219744e-01
4.879000000000000004e-01,6.468454153899840797e-01,1.000000000000000000e+00,3.058627363338505809e-23,1.000000000000000000e+00,7.777777777777777901e-01,8.125647283731787240e-01,-9.688772851002219744e-01
4.879000000000000004e-01,6.468454104298392293e-01,1.000000000000000000e+00,2.008315494327649404e-21,1.000000000000000000e+00,7.777777777777777901e-01,8.125647283731780579e-01,-9.688772851002219744e-01
