1.000000000000000000e+00,3.658226590206196671e-01,9.698956270025654858e-01,2.226460810856311090e-01,1.635635779520702428e-06,5.555555555555555802e-01,2.514024276323855722e-01,-8.823475018406499171e-01
1.000000000000000000e+00,3.329065978575374007e-01,8.712021093963293605e-01,1.000000000000000000e+00,0.000000000000000000e+00,5.555555555555555802e-01,2.304249262806452314e-01,-6.583721902651926694e-01
1.000000000000000000e+00,3.301019254896531141e-01,7.780873171118306564e-01,1.000000000000000000e+00,0.000000000000000000e+00,5.555555555555555802e-01,2.275751984377892556e-01,-6.286380535953398629e-01
1.000000000000000000e+00,3.387433067272008769e-01,9.039204148793473781e-01,8.504404278929099670e-01,0.000000000000000000e+00,5.555555555555555802e-01,2.344686597099106540e-01,-6.989234407843667451e-01
1.000000000000000000e+00,3.673950944944727182e-01,9.685849723876852613e-01,9.467154558140317144e-02,0.000000000000000000e+00,5.555555555555555802e-01,2.545310552773614732e-01,-9.188923909615499541e-01
1.000000000000000000e+00,3.588443746160945858e-01,9.420153535892709096e-01,2.213805971439909703e-01,0.000000000000000000e+00,5.555555555555555802e-01,2.495396039982835656e-01,-8.320656254710676603e-01
1.000000000000000000e+00,3.344581273447094216e-01,9.030588844626949996e-01,1.000000000000000000e+00,0.000000000000000000e+00,5.555555555555555802e-01,2.315813342537078601e-01,-6.767772469634241173e-01
1.000000000000000000e+00,3.464470301527211582e-01,9.902087424577945551e-01,8.453110728992034861e-01,0.000000000000000000e+00,5.555555555555555802e-01,2.384180499802803221e-01,-7.484288542424497592e-01
1.000000000000000000e+00,3.279429340919884917e-01,7.315722926347824062e-01,1.000000000000000000e+00,0.000000000000000000e+00,5.555555555555555802e-01,2.264794153385590314e-01,-6.089094496700381276e-01
1.000000000000000000e+00,3.533533855102219956e-01,9.362415005441584448e-01,4.366068315440404524e-01,4.209023782578114320e-08,5.555555555555555802e-01,2.443285739651424870e-01,-7.990517711485376484e-01
1.000000000000000000e+00,3.277596038359260611e-01,7.406011699734146303e-01,1.000000000000000000e+00,0.000000000000000000e+00,5.555555555555555802e-01,2.266811235644292100e-01,-6.094038229679715757e-01
1.000000000000000000e+00,3.654986749918919808e-01,9.964667279853856030e-01,2.220609561280572075e-01,3.034900425634473951e-06,5.555555555555555802e-01,2.530891930557637171e-01,-8.873642038757780792e-01
1.000000000000000000e+00,3.275981010732997301e-01,6.353868298237078660e-01,1.000000000000000000e+00,0.000000000000000000e+00,5.555555555555555802e-01,2.250542392709182771e-01,-5.609743266419423557e-01
1.000000000000000000e+00,3.448838941022830396e-01,9.369419400678763443e-01,7.354301943714047773e-01,0.000000000000000000e+00,5.555555555555555802e-01,2.381600446812612570e-01,-7.422998873989040680e-01
1.000000000000000000e+00,3.480208364188430714e-01,9.244709966595371364e-01,5.223951918494920132e-01,1.073809745172143770e-10,5.555555555555555802e-01,2.418863558413782422e-01,-7.626534871416065231e-01
1.000000000000000000e+00,3.276146522363854729e-01,5.858703761071134553e-01,1.000000000000000000e+00,0.000000000000000000e+00,5.555555555555555802e-01,2.248440760344975475e-01,-5.503017117740608422e-01
1.000000000000000000e+00,3.614506386640996549e-01,9.628953015741089638e-01,2.223085448635302164e-01,2.205365986004411511e-09,5.555555555555555802e-01,2.508369504648327863e-01,-8.602375933492041327e-01
1.000000000000000000e+00,3.274760789013340112e-01,6.083489616217487850e-01,1.000000000000000000e+00,0.000000000000000000e+00,5.555555555555555802e-01,2.248901701518843943e-01,-5.573531314616336774e-01
1.000000000000000000e+00,3.387419194618577212e-01,9.030051197957958964e-01,7.593595230823211306e-01,1.778600726944754177e-06,5.555555555555555802e-01,2.362251648154692629e-01,-7.248320921938764538e-01
1.000000000000000000e+00,3.574730558905196975e-01,9.428967436211270758e-01,2.018553974900022807e-01,1.145747760432789923e-06,5.555555555555555802e-01,2.501677060299919431e-01,-8.570155022059207095e-01
1.000000000000000000e+00,3.673950944944727182e-01,9.685849755533902927e-01,9.467154558140317144e-02,8.160988436300697924e-01,5.555555555555555802e-01,2.703478551271634167e-01,-9.340736922295825861e-01
1.000000000000000000e+00,3.484709858683215922e-01,9.769671127751813344e-01,6.283033662563519695e-01,0.000000000000000000e+00,5.555555555555555802e-01,2.422906489992070200e-01,-7.742859178807802722e-01
9.990338337678786873e-01,3.386571388156431883e-01,9.656600166319807554e-01,8.499259526850572177e-01,0.000000000000000000e+00,5.555555555555555802e-01,2.373781406392847237e-01,-7.257389740951794010e-01
1.000000000000000000e+00,3.275371624409984528e-01,6.088769881923821181e-01,9.794827549096318808e-01,0.000000000000000000e+00,5.555555555555555802e-01,2.251703524121494715e-01,-5.620540474157506017e-01
4.879000419505991060e-01,6.331728372094973523e-01,1.000000000000000000e+00,5.663040226810263111e-14,1.000000000000000000e+00,5.555555555555555802e-01,7.933764863684147350e-01,-9.340736922295825861e-01
1.000000000000000000e+00,3.537359091530172805e-01,9.629170788021281790e-01,4.031221995744916908e-01,2.885189395530702238e-06,5.555555555555555802e-01,2.465534850332855021e-01,-8.259129590659268771e-01
4.879000000000000004e-01,6.331722526983788457e-01,1.000000000000000000e+00,0.000000000000000000e+00,9.999999963387635749e-01,5.555555555555555802e-01,7.933765068358291650e-01,-9.340736922295825861e-01
9.998862103148399294e-01,3.325159280657289940e-01,8.368056550162610296e-01,9.957306967861757618e-01,4.745109832261411927e-06,5.555555555555555802e-01,2.293657807183988318e-01,-6.535247570587220389e-01
4.879000000000000004e-01,6.331574423028963894e-01,1.000000000000000000e+00,0.000000000000000000e+00,9.999999991092830554e-01,5.555555555555555802e-01,7.933763997268683532e-01,-9.340736922295825861e-01
1.000000000000000000e+00,3.532667754959634698e-01,9.859783726596947906e-01,5.201314668060040836e-01,1.300944401956570022e-10,5.555555555555555802e-01,2.451557875710669576e-01,-8.046229212425012323e-01
1.000000000000000000e+00,3.574726119599272445e-01,9.853145024098977078e-01,3.295281721986664802e-01,1.147897132466509988e-06,5.555555555555555802e-01,2.496731022093533758e-01,-8.397530197590185042e-01
9.521520598013116787e-01,3.305215823895975014e-01,3.766500898994001312e-01,9.999415533421566193e-01,1.000000000000000000e+00,5.555555555555555802e-01,2.197213006427651549e-01,-4.841636636748378741e-01
4.879000000000000004e-01,6.332133727981535953e-01,9.999999999999952260e-01,0.000000000000000000e+00,9.999999999621274061e-01,5.555555555555555802e-01,7.933767116787677764e-01,-9.340736922295825861e-01
4.879000000000000004e-01,6.332150764417807665e-01,9.999999999956485919e-01,1.579464655279527716e-15,1.000000000000000000e+00,5.555555555555555802e-01,7.933767172196153350e-01,-9.340736922295825861e-01
1.000000000000000000e+00,3.574726119599272445e-01,9.790417387765368851e-01,3.295281721986664802e-01,1.033647325203757017e-02,5.555555555555555802e-01,2.496852406351842135e-01,-8.508030911002590901e-01
9.986402472987059298e-01,3.179391693230552707e-01,4.912007846229264896e-01,1.000000000000000000e+00,1.000000000000000000e+00,5.555555555555555802e-01,2.224381723956077306e-01,-5.210962007909323290e-01
1.000000000000000000e+00,3.276146551734492873e-01,5.847917101947478491e-01,1.000000000000000000e+00,0.000000000000000000e+00,5.555555555555555802e-01,2.248440167183647365e-01,-5.478760214010497398e-01
1.000000000000000000e+00,3.275315472108401016e-01,7.035661551428825655e-01,1.000000000000000000e+00,0.000000000000000000e+00,5.555555555555555802e-01,2.259394405251056170e-01,-5.912938316998632704e-01
1.000000000000000000e+00,3.387222322076673953e-01,9.034978194312178745e-01,7.975614750284032439e-01,0.000000000000000000e+00,5.555555555555555802e-01,2.354742255630100367e-01,-7.112662693969449279e-01
1.000000000000000000e+00,3.358487284949482343e-01,9.288655766015929682e-01,1.000000000000000000e+00,0.000000000000000000e+00,5.555555555555555802e-01,2.325798795322395196e-01,-6.902190587627309304e-01
4.879000000053104191e-01,6.331567260644463957e-01,1.000000000000000000e+00,2.027436357558001072e-19,1.000000000000000000e+00,5.555555555555555802e-01,7.933763941058118441e-01,-9.340736922295825861e-01
9.998148338828666271e-01,3.150809373167161587e-01,4.789014383140494657e-01,1.000000000000000000e+00,1.000000000000000000e+00,5.555555555555555802e-01,2.218424010333133467e-01,-5.158023599586502028e-01
9.521520598013116787e-01,3.305215823895975014e-01,3.482612541567976505e-01,9.999422606063723684e-01,1.000000000000000000e+00,5.555555555555555802e-01,2.193537484049680741e-01,-4.758903026409250225e-01
1.000000000000000000e+00,3.275444514677465779e-01,6.778413162964693761e-01,1.000000000000000000e+00,0.000000000000000000e+00,5.555555555555555802e-01,2.255291270586480268e-01,-5.781431730993413787e-01
1.000000000000000000e+00,3.450902127288306143e-01,9.250870919802387515e-01,7.354425575759312439e-01,0.000000000000000000e+00,5.555555555555555802e-01,2.376793023170727381e-01,-7.373343543646870835e-01
1.000000000000000000e+00,3.138068527894818383e-01,4.480453559968848865e-01,1.000000000000000000e+00,1.000000000000000000e+00,5.555555555555555802e-01,2.212892558297595291e-01,-5.071159317789872834e-01
4.879000000000000004e-01,6.331574423028963894e-01,1.000000000000000000e+00,0.000000000000000000e+00,9.999999990950981799e-01,5.555555555555555802e-01,7.933763997266871648e-01,-9.340736922295825861e-01
1.000000000000000000e+00,3.483173696084398974e-01,9.375315150398830788e-01,6.254592353669590210e-01,7.953079316470771664e-08,5.555555555555555802e-01,2.404347088509318497e-01,-7.552815320179656622e-01
1.000000000000000000e+00,3.536999637186520329e-01,9.603142343464167174e-01,4.002554545972707434e-01,0.000000000000000000e+00,5.555555555555555802e-01,2.464672467153598001e-01,-8.095195344491011857e-01
1.000000000000000000e+00,3.301020349655037212e-01,7.673230799411880909e-01,1.000000000000000000e+00,0.000000000000000000e+00,5.555555555555555802e-01,2.273070681709286334e-01,-6.158175165255832528e-01
1.000000000000000000e+00,3.485240261720180532e-01,9.599753495391718516e-01,6.282823723282083828e-01,0.000000000000000000e+00,5.555555555555555802e-01,2.414309574330739949e-01,-7.611643942676623587e-01
4.879000439248192267e-01,6.331728501633904216e-01,1.000000000000000000e+00,0.000000000000000000e+00,1.000000000000000000e+00,5.555555555555555802e-01,7.933764853063820510e-01,-9.340736922295825861e-01
4.879000000000000004e-01,6.331727150154693451e-01,1.000000000000000000e+00,0.000000000000000000e+00,9.999999963560840532e-01,5.555555555555555802e-01,7.933765098962555218e-01,-9.340736922295825861e-01
4.879000000000000004e-01,6.331548146158404444e-01,9.999999999956467045e-01,0.000000000000000000e+00,1.000000000000000000e+00,5.555555555555555802e-01,7.933763788813608109e-01,-9.340736922295825861e-01
4.879000027523711092e-01,6.332192362625659321e-01,1.000000000000000000e+00,6.947834238693140740e-17,1.000000000000000000e+00,5.555555555555555802e-01,7.933767281599486410e-01,-9.340736922295825861e-01
4.879000031277709870e-01,6.331479296357704900e-01,1.000000000000000000e+00,2.057508744635841655e-19,9.999999999770700088e-01,5.555555555555555802e-01,7.933763197925347566e-01,-9.340736922295825861e-01
4.879000000069964593e-01,6.331475822122389907e-01,1.000000000000000000e+00,0.000000000000000000e+00,9.999999900465172953e-01,5.555555555555555802e-01,7.933763184813347191e-01,-9.340736922295825861e-01
4.879000499129288460e-01,6.331818163956769441e-01,1.000000000000000000e+00,8.560559952729596710e-21,9.999999999770381454e-01,5.555555555555555802e-01,7.933765376343444586e-01,-9.340736922295825861e-01
9.830851122019090838e-01,3.208046344090404456e-01,3.980587653997115227e-01,1.000000000000000000e+00,1.000000000000000000e+00,5.555555555555555802e-01,2.202880598892418273e-01,-4.931063502845625668e-01
4.879000000000000004e-01,6.332197004595857548e-01,1.000000000000000000e+00,0.000000000000000000e+00,9.999999907945329447e-01,5.555555555555555802e-01,7.933767309656281075e-01,-9.340736922295825861e-01
4.879000000000000004e-01,6.331867938746164048e-01,1.000000000000000000e+00,0.000000000000000000e+00,1.000000000000000000e+00,5.555555555555555802e-01,7.933765948859481387e-01,-9.340736922295825861e-01
4.879000000000000004e-01,6.331518004502245667e-01,1.000000000000000000e+00,8.972279057524392660e-18,1.000000000000000000e+00,5.555555555555555802e-01,7.933763542767438004e-01,-9.340736922295825861e-01
9.817924317967171577e-01,3.209131428973524547e-01,5.321359539011392137e-01,1.000000000000000000e+00,9.676403551870212949e-01,5.555555555555555802e-01,2.240789937246520369e-01,-5.400548178613743255e-01
4.879000000000000004e-01,6.331516366168858934e-01,1.000000000000000000e+00,0.000000000000000000e+00,9.999999902508515115e-01,5.555555555555555802e-01,7.933763527937625071e-01,-9.340736922295825861e-01
4.879000000000000004e-01,6.332225170247081092e-01,9.999999999999952260e-01,0.000000000000000000e+00,9.999999999890749613e-01,5.555555555555555802e-01,7.933767386817895950e-01,-9.340736922295825861e-01
4.879000004093965726e-01,6.331861173783781549e-01,9.999999999999588107e-01,0.000000000000000000e+00,9.999999991490884366e-01,5.555555555555555802e-01,7.933765909204677502e-01,-9.340736922295825861e-01
1.000000000000000000e+00,3.470105461148789705e-01,9.899978098081635425e-01,7.341565610278789622e-01,0.000000000000000000e+00,5.555555555555555802e-01,2.406695706132105095e-01,-7.597758104719106731e-01
4.879000000000000004e-01,6.331865930295874634e-01,1.000000000000000000e+00,6.688481038403977238e-17,1.000000000000000000e+00,5.555555555555555802e-01,7.933765937865069340e-01,-9.340736922295825861e-01
1.000000000000000000e+00,3.358112084655990870e-01,9.517532970961123384e-01,1.000000000000000000e+00,0.000000000000000000e+00,5.555555555555555802e-01,2.335459624737546425e-01,-6.952149666298622632e-01
4.879000498117006535e-01,6.331518329184209204e-01,1.000000000000000000e+00,8.305012876889283067e-21,9.999999999203165180e-01,5.555555555555555802e-01,7.933763256841654954e-01,-9.340736922295825861e-01
4.879000000000000004e-01,6.331483840216796111e-01,1.000000000000000000e+00,4.528376679330089844e-21,9.999999997332791324e-01,5.555555555555555802e-01,7.933763254984425028e-01,-9.340736922295825861e-01
4.879000000000000004e-01,6.332183863507184762e-01,1.000000000000000000e+00,0.000000000000000000e+00,9.999999994937712744e-01,5.555555555555555802e-01,7.933767273135228226e-01,-9.340736922295825861e-01
4.879000000000000004e-01,6.331514750298478100e-01,1.000000000000000000e+00,0.000000000000000000e+00,1.000000000000000000e+00,5.555555555555555802e-01,7.933763515763723184e-01,-9.340736922295825861e-01
1.000000000000000000e+00,3.510909595176297526e-01,9.362244671250916639e-01,4.928922580542297593e-01,4.209009169658808460e-08,5.555555555555555802e-01,2.431062412484199797e-01,-7.914537789291975489e-01
4.879000028074885198e-01,6.331568433302547927e-01,1.000000000000000000e+00,0.000000000000000000e+00,1.000000000000000000e+00,5.555555555555555802e-01,7.933763934055615419e-01,-9.340736922295825861e-01
4.879000000000000004e-01,6.332232246093908445e-01,1.000000000000000000e+00,5.913590466664548407e-19,1.000000000000000000e+00,5.555555555555555802e-01,7.933767404900275988e-01,-9.340736922295825861e-01
4.879000028715091974e-01,6.332229781447925587e-01,9.999999999999948930e-01,1.057175264827153565e-20,1.000000000000000000e+00,5.555555555555555802e-01,7.933767381837799615e-01,-9.340736922295825861e-01
4.879000000000000004e-01,6.332231415980565936e-01,9.999999999999952260e-01,0.000000000000000000e+00,1.000000000000000000e+00,5.555555555555555802e-01,7.933767402799989377e-01,-9.340736922295825861e-01
4.879000003134456587e-01,6.331561323159539123e-01,1.000000000000000000e+00,8.230157356208365785e-20,9.999999991076818917e-01,5.555555555555555802e-01,7.933763892178140598e-01,-9.340736922295825861e-01
1.000000000000000000e+00,3.138906723633736462e-01,4.410157522930783225e-01,1.000000000000000000e+00,1.000000000000000000e+00,5.555555555555555802e-01,2.211707241926877121e-01,-5.063177819862203499e-01
4.879000034874816927e-01,6.331567819105321515e-01,1.000000000000000000e+00,2.012574963667113591e-19,1.000000000000000000e+00,5.555555555555555802e-01,7.933763925272310225e-01,-9.340736922295825861e-01
4.879000499796958268e-01,6.332105635445357539e-01,1.000000000000000000e+00,0.000000000000000000e+00,9.999999901311833472e-01,5.555555555555555802e-01,7.933766726949393888e-01,-9.340736922295825861e-01
4.879000028204478201e-01,6.332227799456442430e-01,9.999999999999956701e-01,8.199368232363336078e-20,9.999999991180598125e-01,5.555555555555555802e-01,7.933767376960434436e-01,-9.340736922295825861e-01
9.650009405134700735e-01,3.262227177876582673e-01,4.135768944368020117e-01,1.000000000000000000e+00,1.000000000000000000e+00,5.555555555555555802e-01,2.205006936619192393e-01,-4.998198734723250936e-01
4.879000411964065642e-01,6.331564320522055089e-01,1.000000000000000000e+00,6.096760834038099082e-14,1.000000000000000000e+00,5.555555555555555802e-01,7.933763679011984760e-01,-9.340736922295825861e-01
1.000000000000000000e+00,3.304173481404685253e-01,7.982294169169952269e-01,1.000000000000000000e+00,0.000000000000000000e+00,5.555555555555555802e-01,2.281177018375174503e-01,-6.305719417220657652e-01
9.999977948094851410e-01,3.598695160481241162e-01,9.577802038972198506e-01,3.295281721986664802e-01,0.000000000000000000e+00,5.555555555555555802e-01,2.479988074936912978e-01,-8.277203206296679383e-01
1.000000000000000000e+00,3.153963376468065793e-01,5.208217722556799378e-01,9.977160705071161928e-01,9.999999999893801617e-01,5.555555555555555802e-01,2.230456000882319878e-01,-5.270528026476125616e-01
4.879000029650868986e-01,6.332105424038102504e-01,1.000000000000000000e+00,0.000000000000000000e+00,9.999999901362517374e-01,5.555555555555555802e-01,7.933767000938598546e-01,-9.340736922295825861e-01
4.879000000000000004e-01,6.332229684631991429e-01,1.000000000000000000e+00,0.000000000000000000e+00,9.999999964311435674e-01,5.555555555555555802e-01,7.933767397942381727e-01,-9.340736922295825861e-01
4.879000017753161722e-01,6.331543523517149108e-01,9.999999999956009633e-01,5.771399342994872706e-14,1.000000000000000000e+00,5.555555555555555802e-01,7.933763741260593250e-01,-9.340736922295825861e-01
4.879000000000000004e-01,6.332133428782719120e-01,1.000000000000000000e+00,0.000000000000000000e+00,9.999999999042691323e-01,5.555555555555555802e-01,7.933767115785950175e-01,-9.340736922295825861e-01
1.000000000000000000e+00,3.276146551734492873e-01,5.980922527753491647e-01,1.000000000000000000e+00,0.000000000000000000e+00,5.555555555555555802e-01,2.248588263564085254e-01,-5.560705595871677787e-01
4.879000000000000004e-01,6.332132534117917988e-01,1.000000000000000000e+00,0.000000000000000000e+00,9.999999999230071435e-01,5.555555555555555802e-01,7.933767112810865552e-01,-9.340736922295825861e-01
4.879000000000000004e-01,6.332228570538460666e-01,1.000000000000000000e+00,0.000000000000000000e+00,1.000000000000000000e+00,5.555555555555555802e-01,7.933767395558564139e-01,-9.340736922295825861e-01
4.879000013608585928e-01,6.332133647773148244e-01,1.000000000000000000e+00,0.000000000000000000e+00,9.999999999355525526e-01,5.555555555555555802e-01,7.933767108562159720e-01,-9.340736922295825861e-01
1.000000000000000000e+00,3.628971278950102186e-01,9.074631576919437448e-01,9.752398761301725449e-03,7.837028333767078652e-05,5.555555555555555802e-01,2.524489055330337850e-01,-8.861320453635701533e-01
4.879000000001761927e-01,6.332207979907901185e-01,9.999999999999997780e-01,0.000000000000000000e+00,9.996690357630032553e-01,5.555555555555555802e-01,7.933724717678918292e-01,-9.340736922295825861e-01
4.879000000000000004e-01,6.331543710567920646e-01,1.000000000000000000e+00,2.470604874115497857e-15,1.000000000000000000e+00,5.555555555555555802e-01,7.933763753082512249e-01,-9.340736922295825861e-01
4.879000000650284830e-01,6.332124151930870193e-01,1.000000000000000000e+00,0.000000000000000000e+00,9.999999999246023119e-01,5.555555555555555802e-01,7.933767084220770816e-01,-9.340736922295825861e-01
