1.000000000000000000e+00,3.463775594330928964e-01,9.586193490700303244e-01,6.004830187764812477e-01,0.000000000000000000e+00,4.444444444444444198e-01,2.403130263735599181e-01,-7.661993802575367551e-01
9.998676034114324374e-01,3.392995190532001604e-01,9.666458935559064658e-01,8.099372152763099075e-01,5.711617968720968798e-11,4.444444444444444198e-01,2.363938535562483678e-01,-7.253582775016869100e-01
1.000000000000000000e+00,3.574097294100053723e-01,9.669816749835511427e-01,3.281161418241587135e-01,0.000000000000000000e+00,4.444444444444444198e-01,2.468661322536353786e-01,-8.226917756905886003e-01
9.974521380161824879e-01,3.162584723871771919e-01,3.786693526265343945e-01,1.000000000000000000e+00,9.999897499487778729e-01,4.444444444444444198e-01,2.192085871300095690e-01,-4.761479088444843799e-01
8.752018011418268850e-01,3.589203676307586299e-01,2.792111196355046565e-01,1.000000000000000000e+00,9.996542975708545553e-01,4.444444444444444198e-01,2.164076909244523617e-01,-4.468796549746941182e-01
8.638415283747369333e-01,3.600937823886570244e-01,3.219301656296015834e-01,1.000000000000000000e+00,1.000000000000000000e+00,4.444444444444444198e-01,2.174994857963310491e-01,-4.599592186103150793e-01
9.999993434961136352e-01,3.676191244081599141e-01,9.669677299485337496e-01,1.403862086937059106e-01,0.000000000000000000e+00,4.444444444444444198e-01,2.516939304640761210e-01,-8.834405591753967668e-01
9.999948572484231857e-01,3.391844653230392526e-01,9.541099791752146730e-01,7.194848642311044706e-01,0.000000000000000000e+00,4.444444444444444198e-01,2.378002384336573571e-01,-7.371531875895599439e-01
9.999999620641285558e-01,3.276595475550989622e-01,7.604621010286807259e-01,1.000000000000000000e+00,7.773507428158423190e-18,4.444444444444444198e-01,2.256758914388111992e-01,-6.069359633810843535e-01
8.771072836765766434e-01,3.601148021324495074e-01,2.427231782899063051e-01,1.000000000000000000e+00,9.972083944097914765e-01,4.444444444444444198e-01,2.157030675176868084e-01,-4.345730551772902239e-01
8.658334319429429327e-01,3.611446920644608150e-01,2.978994432811803983e-01,9.996767287359746845e-01,1.000000000000000000e+00,4.444444444444444198e-01,2.168723214803241484e-01,-4.497638123893668571e-01
9.999991057681684170e-01,3.675925790497853729e-01,9.287949229803861284e-01,1.876148834934392162e-02,0.000000000000000000e+00,4.444444444444444198e-01,2.521259960586997306e-01,-8.903206849554784474e-01
4.879000000000000004e-01,6.264556004490591246e-01,9.999999999999975575e-01,0.000000000000000000e+00,1.000000000000000000e+00,4.444444444444444198e-01,7.834729704551584017e-01,-9.256529813565551601e-01
1.000000000000000000e+00,3.449016022771874135e-01,9.716416336229115602e-01,7.195449138553744461e-01,0.000000000000000000e+00,4.444444444444444198e-01,2.384495646156611082e-01,-7.461211998994407013e-01
4.879000000000000004e-01,6.264574441614525480e-01,1.000000000000000000e+00,0.000000000000000000e+00,1.000000000000000000e+00,4.444444444444444198e-01,7.834729705879615036e-01,-9.256529813565551601e-01
1.000000000000000000e+00,3.609460647454158511e-01,9.336017276487327265e-01,8.285188494688705552e-02,4.745941203791209686e-09,4.444444444444444198e-01,2.507178637998187520e-01,-8.703630953810872484e-01
9.978990011670435534e-01,3.154821716843424495e-01,4.511864552382516824e-01,1.000000000000000000e+00,1.000000000000000000e+00,4.444444444444444198e-01,2.201934326951582588e-01,-4.984009898694097829e-01
1.000000000000000000e+00,3.506484156841863653e-01,9.783043678203899862e-01,5.443590423202961937e-01,4.218823141672648993e-09,4.444444444444444198e-01,2.425431041688114464e-01,-7.861072155586237287e-01
1.000000000000000000e+00,3.464010824100559049e-01,9.779095456277318021e-01,6.004830187764812477e-01,4.488963230749542155e-09,4.444444444444444198e-01,2.413087253634298712e-01,-7.680544139841773976e-01
9.999999995228359140e-01,3.301430318753502680e-01,8.554962339351793732e-01,1.000000000000000000e+00,4.130239580885394470e-09,4.444444444444444198e-01,2.283566006785680558e-01,-6.401287055469815357e-01
8.707057428738389504e-01,3.656829458092739626e-01,2.093249134045609416e-01,9.996624296550377098e-01,1.000000000000000000e+00,4.444444444444444198e-01,2.152857999172196890e-01,-4.259747976282146076e-01
9.999976627017002073e-01,3.401713245113635042e-01,9.666083810111003594e-01,8.542897578830013217e-01,0.000000000000000000e+00,4.444444444444444198e-01,2.354370205747232381e-01,-7.186542433058756840e-01
9.968905685263648175e-01,3.173958953466957666e-01,4.207486643111607583e-01,9.005679486525839383e-01,1.000000000000000000e+00,4.444444444444444198e-01,2.212065329599615382e-01,-5.018150352997505781e-01
4.879000000000000004e-01,6.264757203287787402e-01,1.000000000000000000e+00,8.196779487085991906e-12,9.999999990642265413e-01,4.444444444444444198e-01,7.834729566517910637e-01,-9.256529813565551601e-01
4.879000000000000004e-01,6.264565264692821822e-01,1.000000000000000000e+00,0.000000000000000000e+00,9.999999986040147837e-01,4.444444444444444198e-01,7.834729705434844149e-01,-9.256529813565551601e-01
4.879000000000000004e-01,6.264551876477675307e-01,9.999999999897613012e-01,9.620041479089545724e-14,1.000000000000000000e+00,4.444444444444444198e-01,7.834729703819502955e-01,-9.256529813565551601e-01
4.879000000000000004e-01,6.264720829353240816e-01,9.999999994837011075e-01,0.000000000000000000e+00,1.000000000000000000e+00,4.444444444444444198e-01,7.834729613959601213e-01,-9.256529813565551601e-01
9.999999835203491338e-01,3.392007989820531311e-01,9.816915813100767219e-01,9.626446828214201279e-01,0.000000000000000000e+00,4.444444444444444198e-01,2.339206594662209260e-01,-7.135635646732221282e-01
1.000000000000000000e+00,3.613936203982132112e-01,9.268862572501643804e-01,1.161686658698394270e-01,4.497092055140072264e-09,4.444444444444444198e-01,2.494685175042684055e-01,-8.433249826728781429e-01
1.000000000000000000e+00,3.301418744784617720e-01,9.004833594579239042e-01,1.000000000000000000e+00,4.122277029495582534e-09,4.444444444444444198e-01,2.300031036179094879e-01,-6.707582798314910555e-01
9.999671447375479971e-01,3.497734160661348235e-01,9.604675366700304862e-01,3.825194191779232034e-01,0.000000000000000000e+00,4.444444444444444198e-01,2.453763626001711495e-01,-8.142579595514506385e-01
4.879000000000000004e-01,6.264556646214518576e-01,9.999999999999977796e-01,0.000000000000000000e+00,1.000000000000000000e+00,4.444444444444444198e-01,7.834729704645131410e-01,-9.256529813565551601e-01
4.879000000000000004e-01,6.264563324491078111e-01,1.000000000000000000e+00,8.631561113109316530e-12,9.999999990642265413e-01,4.444444444444444198e-01,7.834729705313263626e-01,-9.256529813565551601e-01
9.999991057681684170e-01,3.277680514659355726e-01,7.856016313914662152e-01,1.000000000000000000e+00,1.279002716988437994e-10,4.444444444444444198e-01,2.262953628629039982e-01,-6.171866632086704385e-01
1.000000000000000000e+00,3.613324393976794502e-01,9.270217484056035850e-01,9.021108592763289746e-02,3.998471085474076567e-09,4.444444444444444198e-01,2.500919313232443097e-01,-8.560956497216227756e-01
9.999999967871954221e-01,3.144366116114148957e-01,4.112481835053908852e-01,1.000000000000000000e+00,1.000000000000000000e+00,4.444444444444444198e-01,2.195387198649010885e-01,-4.822471698085201708e-01
9.999991263445958678e-01,3.670659162278521181e-01,9.666534982997521119e-01,6.289595892766965124e-02,3.160336351936157140e-01,4.444444444444444198e-01,2.629651739180408065e-01,-9.090735671378719074e-01
4.879000000000000004e-01,6.264565276487358281e-01,9.999999999992358335e-01,0.000000000000000000e+00,1.000000000000000000e+00,4.444444444444444198e-01,7.834729705567977653e-01,-9.256529813565551601e-01
1.000000000000000000e+00,3.151215736846638138e-01,4.705306573890322142e-01,1.000000000000000000e+00,1.000000000000000000e+00,4.444444444444444198e-01,2.206193978253249699e-01,-5.018091289180081072e-01
4.879000000000000004e-01,6.264570760080818701e-01,1.000000000000000000e+00,0.000000000000000000e+00,1.000000000000000000e+00,4.444444444444444198e-01,7.834729705839551528e-01,-9.256529813565551601e-01
4.879000000000000004e-01,6.264551876477675307e-01,9.999999863891858576e-01,5.848029432437111411e-15,9.999999997557366127e-01,4.444444444444444198e-01,7.834729639213471319e-01,-9.256529813565551601e-01
9.999999999929723993e-01,3.298463856589566867e-01,8.852691386042477184e-01,1.000000000000000000e+00,0.000000000000000000e+00,4.444444444444444198e-01,2.294259771391282121e-01,-6.623805622578280428e-01
9.999991164724205683e-01,3.585096614538090254e-01,9.807497468913776162e-01,3.107484409065381370e-01,0.000000000000000000e+00,4.444444444444444198e-01,2.480963614993795807e-01,-8.254703382393270283e-01
8.623699141053708939e-01,3.595245897096728815e-01,3.346950544098633573e-01,1.000000000000000000e+00,1.000000000000000000e+00,4.444444444444444198e-01,2.178801429212088858e-01,-4.627008824622039218e-01
9.934691876519010645e-01,3.163078836630661694e-01,3.933921183989851911e-01,1.000000000000000000e+00,9.999896262180134610e-01,4.444444444444444198e-01,2.193214104843738965e-01,-4.788769269411884411e-01
9.999999967865070838e-01,3.144161031715347332e-01,5.258244387982476953e-01,1.000000000000000000e+00,1.000000000000000000e+00,4.444444444444444198e-01,2.220115947585988292e-01,-5.127752545531556461e-01
1.000000000000000000e+00,3.264137076954948258e-01,5.835313575290116406e-01,9.999999996081958553e-01,1.290824611369666086e-10,4.444444444444444198e-01,2.234925701399532172e-01,-5.381785787722517256e-01
8.689840497631990957e-01,3.600933338544524132e-01,3.029380622083856500e-01,1.000000000000000000e+00,1.000000000000000000e+00,4.444444444444444198e-01,2.170484223060619167e-01,-4.516158474805929690e-01
4.879000000000000004e-01,6.264556862636956325e-01,1.000000000000000000e+00,0.000000000000000000e+00,1.000000000000000000e+00,4.444444444444444198e-01,7.834729704675917894e-01,-9.256529813565551601e-01
4.879000000000000004e-01,6.264550046144449214e-01,9.999999999995763389e-01,0.000000000000000000e+00,1.000000000000000000e+00,4.444444444444444198e-01,7.834729703518059640e-01,-9.256529813565551601e-01
4.879000000000000004e-01,6.264291286489485078e-01,9.999999824459593345e-01,0.000000000000000000e+00,9.999999999789425109e-01,4.444444444444444198e-01,7.834729291738313783e-01,-9.256529813565551601e-01
4.879000092124290977e-01,6.264788786052890579e-01,9.999999999999253930e-01,0.000000000000000000e+00,1.000000000000000000e+00,4.444444444444444198e-01,7.834729461328908684e-01,-9.256529813565551601e-01
1.000000000000000000e+00,3.562666987486272085e-01,8.604745646439465601e-01,2.163365962430235379e-01,0.000000000000000000e+00,4.444444444444444198e-01,2.436373423121539761e-01,-8.000129836917684312e-01
9.999999760891346012e-01,3.579242960079663805e-01,9.173570123451763036e-01,2.460177241376279023e-01,0.000000000000000000e+00,4.444444444444444198e-01,2.459630843789080701e-01,-8.144320089618591885e-01
4.879000000000000004e-01,6.264998288891404643e-01,9.999999993970782874e-01,0.000000000000000000e+00,1.000000000000000000e+00,4.444444444444444198e-01,7.834728956211967077e-01,-9.256529813565551601e-01
9.999991253012912029e-01,3.705658725303798140e-01,9.670898175585693757e-01,3.490041022801426696e-02,3.163410717038571685e-01,4.444444444444444198e-01,2.637672150130432325e-01,-9.256529813565551601e-01
4.879000000000000004e-01,6.264265445457717352e-01,9.999999820692833108e-01,0.000000000000000000e+00,9.999999999991957544e-01,4.444444444444444198e-01,7.834729226705439142e-01,-9.256529813565551601e-01
4.879000091975871922e-01,6.264789908746570823e-01,1.000000000000000000e+00,0.000000000000000000e+00,1.000000000000000000e+00,4.444444444444444198e-01,7.834729459408409369e-01,-9.256529813565551601e-01
8.623704454726096591e-01,3.595089737769980309e-01,3.398439183385745799e-01,1.000000000000000000e+00,1.000000000000000000e+00,4.444444444444444198e-01,2.180361074385466225e-01,-4.647873483410815965e-01
9.999999912029431393e-01,3.265948598130012370e-01,7.342149280242402654e-01,1.000000000000000000e+00,0.000000000000000000e+00,4.444444444444444198e-01,2.250944650163341221e-01,-5.902315670221955912e-01
9.999990273566925492e-01,3.266676623484661701e-01,5.995446743484633689e-01,1.000000000000000000e+00,0.000000000000000000e+00,4.444444444444444198e-01,2.235142934623925159e-01,-5.410809575116565240e-01
4.879000000000000004e-01,6.264564726361616653e-01,1.000000000000000000e+00,5.831584574870930478e-15,1.000000000000000000e+00,4.444444444444444198e-01,7.834729705530962818e-01,-9.256529813565551601e-01
1.000000000000000000e+00,3.462987940870285164e-01,9.586653665291253734e-01,6.051041201483786658e-01,0.000000000000000000e+00,4.444444444444444198e-01,2.402173779002269305e-01,-7.473876290211124429e-01
4.879000000000000004e-01,6.264784874918121194e-01,9.999999993872629167e-01,0.000000000000000000e+00,1.000000000000000000e+00,4.444444444444444198e-01,7.834729518477023813e-01,-9.256529813565551601e-01
9.999990465828896280e-01,3.257566317266621381e-01,6.053554531249895065e-01,9.999999640178173221e-01,0.000000000000000000e+00,4.444444444444444198e-01,2.235148139265065170e-01,-5.478374482825534297e-01
8.780552471929775615e-01,3.611532354102348075e-01,2.244334838082646943e-01,9.996601158231226414e-01,1.000000000000000000e+00,4.444444444444444198e-01,2.154587860255613441e-01,-4.317786050588449664e-01
4.879000000000000004e-01,6.264774096177415652e-01,1.000000000000000000e+00,0.000000000000000000e+00,1.000000000000000000e+00,4.444444444444444198e-01,7.834729539763500838e-01,-9.256529813565551601e-01
4.879000000000000004e-01,6.264789840593160131e-01,1.000000000000000000e+00,0.000000000000000000e+00,1.000000000000000000e+00,4.444444444444444198e-01,7.834729512601141810e-01,-9.256529813565551601e-01
4.879000000000000004e-01,6.264574511556157965e-01,1.000000000000000000e+00,9.610546948467728428e-14,1.000000000000000000e+00,4.444444444444444198e-01,7.834729705879157624e-01,-9.256529813565551601e-01
1.000000000000000000e+00,3.145179189217341964e-01,4.213049696550917878e-01,1.000000000000000000e+00,1.000000000000000000e+00,4.444444444444444198e-01,2.196616006021620549e-01,-4.916072346629448142e-01
4.879000000000000004e-01,6.264257214378383676e-01,1.000000000000000000e+00,5.914687063275232553e-15,9.999999999798899752e-01,4.444444444444444198e-01,7.834729290416284631e-01,-9.256529813565551601e-01
9.999037112709783237e-01,3.298790533174573714e-01,8.173963046796014487e-01,1.000000000000000000e+00,0.000000000000000000e+00,4.444444444444444198e-01,2.271919225952203358e-01,-6.324720271510190228e-01
1.000000000000000000e+00,3.260749773099864135e-01,6.721141585217144110e-01,9.994444753361544365e-01,0.000000000000000000e+00,4.444444444444444198e-01,2.240630401636139468e-01,-5.686252589126522539e-01
1.000000000000000000e+00,3.260740532650402979e-01,6.411012746068101009e-01,1.000000000000000000e+00,0.000000000000000000e+00,4.444444444444444198e-01,2.237255392244595076e-01,-5.511841011440811178e-01
4.879000000000000004e-01,6.264998288891404643e-01,1.000000000000000000e+00,0.000000000000000000e+00,9.999999999999316103e-01,4.444444444444444198e-01,7.834728959081276312e-01,-9.256529813565551601e-01
4.879000000000000004e-01,6.264574511653056010e-01,1.000000000000000000e+00,9.503637752320338147e-14,1.000000000000000000e+00,4.444444444444444198e-01,7.834729705879157624e-01,-9.256529813565551601e-01
1.000000000000000000e+00,3.343937553772078908e-01,9.331820444724551189e-01,1.000000000000000000e+00,0.000000000000000000e+00,4.444444444444444198e-01,2.311544271927188920e-01,-6.788083578768392412e-01
4.879000000000000004e-01,6.264556651640967866e-01,1.000000000000000000e+00,0.000000000000000000e+00,1.000000000000000000e+00,4.444444444444444198e-01,7.834729704645917447e-01,-9.256529813565551601e-01
9.999999999921173055e-01,3.487349666814486548e-01,9.604163411468610301e-01,4.685309465806382079e-01,0.000000000000000000e+00,4.444444444444444198e-01,2.433061044259596239e-01,-7.943631949645428847e-01
4.879000000000000004e-01,6.264789726497855815e-01,9.999999993807557885e-01,9.935699213889490775e-14,1.000000000000000000e+00,4.444444444444444198e-01,7.834729509861291241e-01,-9.256529813565551601e-01
8.751527735020983023e-01,3.555511112983239519e-01,3.504152341735538578e-01,9.996593620908369449e-01,9.999959409153309497e-01,4.444444444444444198e-01,2.183133617760967260e-01,-4.669258367699235523e-01
4.879000000000000004e-01,6.264550890930835614e-01,1.000000000000000000e+00,0.000000000000000000e+00,1.000000000000000000e+00,4.444444444444444198e-01,7.834729703684222279e-01,-9.256529813565551601e-01
4.879000000000000004e-01,6.264573926459278130e-01,1.000000000000000000e+00,0.000000000000000000e+00,9.999999999999316103e-01,4.444444444444444198e-01,7.834729705880760786e-01,-9.256529813565551601e-01
1.000000000000000000e+00,3.613336519545922165e-01,9.326507240514854136e-01,9.026313791511771101e-02,4.778664932118021144e-09,4.444444444444444198e-01,2.504608023438126829e-01,-8.625679878906207243e-01
4.879000003232678573e-01,6.264792993267103149e-01,1.000000000000000000e+00,0.000000000000000000e+00,1.000000000000000000e+00,4.444444444444444198e-01,7.834729505049649045e-01,-9.256529813565551601e-01
9.999990367088111842e-01,3.455379696741451290e-01,9.883613505982573599e-01,6.004830187764812477e-01,0.000000000000000000e+00,4.444444444444444198e-01,2.419523374047793385e-01,-7.755281888297748116e-01
9.999976224936324432e-01,3.506703743660491424e-01,9.595038067362821055e-01,4.829165981715354272e-01,0.000000000000000000e+00,4.444444444444444198e-01,2.428988939877641806e-01,-7.886749604334933883e-01
9.999993572263230490e-01,3.394464172892532328e-01,9.801333583958344864e-01,1.000000000000000000e+00,0.000000000000000000e+00,4.444444444444444198e-01,2.331597089717193927e-01,-7.048794119704004935e-01
4.879000000000000004e-01,6.271948427507539892e-01,1.000000000000000000e+00,0.000000000000000000e+00,9.822390536791467675e-01,4.444444444444444198e-01,7.832486756649950088e-01,-9.256529813565551601e-01
1.000000000000000000e+00,3.449003623508322125e-01,9.468887481671902639e-01,7.178876862671835779e-01,0.000000000000000000e+00,4.444444444444444198e-01,2.374065899933481827e-01,-7.298220999848114010e-01
1.000000000000000000e+00,3.674198456782288291e-01,9.665876055996205363e-01,6.323357063501305886e-02,0.000000000000000000e+00,4.444444444444444198e-01,2.535321837087877173e-01,-8.989764385265267554e-01
1.000000000000000000e+00,3.573817601240741881e-01,8.744057136482977777e-01,6.296632391042163157e-02,4.695988760484615230e-09,4.444444444444444198e-01,2.474083375370879634e-01,-8.231515833974735186e-01
8.780877007305557536e-01,3.588870212222861622e-01,2.582165719024102080e-01,1.000000000000000000e+00,1.000000000000000000e+00,4.444444444444444198e-01,2.159357795825452841e-01,-4.372150032220156191e-01
4.879000000000000004e-01,6.264292496937530208e-01,9.999999994571374673e-01,9.512046601708333903e-14,1.000000000000000000e+00,4.444444444444444198e-01,7.834729375241265004e-01,-9.256529813565551601e-01
4.879000000000000004e-01,6.264573926459278130e-01,1.000000000000000000e+00,0.000000000000000000e+00,1.000000000000000000e+00,4.444444444444444198e-01,7.834729705880769668e-01,-9.256529813565551601e-01
4.879000000000000004e-01,6.264565891385469598e-01,9.999999999960662578e-01,0.000000000000000000e+00,9.999999986241878691e-01,4.444444444444444198e-01,7.834729705461425109e-01,-9.256529813565551601e-01
9.999990575648706193e-01,3.257566317266621381e-01,7.012316784242355050e-01,9.999999641264901706e-01,0.000000000000000000e+00,4.444444444444444198e-01,2.244823094238039829e-01,-5.808849308761871999e-01
8.750311631998984874e-01,3.589255038078227322e-01,2.670528850748632999e-01,1.000000000000000000e+00,1.000000000000000000e+00,4.444444444444444198e-01,2.160744451603041072e-01,-4.417681233704147115e-01
1.000000000000000000e+00,3.353650687786204898e-01,9.555531199729412339e-01,1.000000000000000000e+00,0.000000000000000000e+00,4.444444444444444198e-01,2.320510604082729744e-01,-6.933433515581011175e-01
4.879000000000000004e-01,6.264571777155995003e-01,1.000000000000000000e+00,9.513943746552815668e-14,9.999999999800407435e-01,4.444444444444444198e-01,7.834729705859777571e-01,-9.256529813565551601e-01
