1.000000000000000000e+00,3.572909523912651264e-01,9.578154836525719640e-01,6.638073986214884092e-01,0.000000000000000000e+00,1.000000000000000000e+00,2.465003741318224084e-01,-8.112055725962005193e-01
1.000000000000000000e+00,3.575039725647045086e-01,9.569713261096814971e-01,7.344877944692498328e-01,2.392573447005789655e-08,1.000000000000000000e+00,2.451415817462316016e-01,-7.974495912880189552e-01
1.000000000000000000e+00,3.376629114202951976e-01,8.100376069289535463e-01,9.999999942979894696e-01,0.000000000000000000e+00,1.000000000000000000e+00,2.337280836292594810e-01,-6.820630108004162029e-01
1.000000000000000000e+00,3.455983392873374638e-01,9.457022048577878870e-01,9.999999943076549602e-01,0.000000000000000000e+00,1.000000000000000000e+00,2.390272557737256331e-01,-7.489949474672253915e-01
1.000000000000000000e+00,3.460800136991549758e-01,9.030718590960334913e-01,7.349223399851744221e-01,0.000000000000000000e+00,1.000000000000000000e+00,2.424225141849113141e-01,-7.683617268744707962e-01
1.000000000000000000e+00,3.366906722330755830e-01,7.685553731939994693e-01,1.000000000000000000e+00,0.000000000000000000e+00,1.000000000000000000e+00,2.324547323248287167e-01,-6.638653440726696164e-01
1.000000000000000000e+00,3.425138751024936479e-01,9.029563056559998246e-01,1.000000000000000000e+00,0.000000000000000000e+00,1.000000000000000000e+00,2.371823328247696649e-01,-7.331300997075539394e-01
9.999999946348772095e-01,3.543989240857156608e-01,9.409991090858272900e-01,7.324513892599473497e-01,0.000000000000000000e+00,1.000000000000000000e+00,2.442322060011724583e-01,-7.945007908295408372e-01
1.000000000000000000e+00,3.758134200132594582e-01,9.688458071998673482e-01,1.384022730602988693e-01,0.000000000000000000e+00,1.000000000000000000e+00,2.596264242110353782e-01,-9.436194481310699045e-01
9.999999948820903484e-01,3.711462425262840314e-01,9.571260362359610419e-01,2.326708533973696480e-01,0.000000000000000000e+00,1.000000000000000000e+00,2.563156184437020979e-01,-9.008812081379327097e-01
1.000000000000000000e+00,3.236505209465723731e-01,5.130149275439175316e-01,1.000000000000000000e+00,9.999862273159348947e-01,1.000000000000000000e+00,2.257925937461675026e-01,-5.761297808432094270e-01
9.999999999994696465e-01,3.367372784137250274e-01,7.824115067482768637e-01,1.000000000000000000e+00,0.000000000000000000e+00,1.000000000000000000e+00,2.328599341445599380e-01,-6.738851384502891895e-01
1.000000000000000000e+00,3.780787848103990267e-01,9.689374046511410876e-01,1.028396419148880359e-02,1.283816257795519307e-07,1.000000000000000000e+00,2.632630158170350954e-01,-9.956825775846348536e-01
1.000000000000000000e+00,3.628825280290744471e-01,8.925167080295952626e-01,2.085938619986468234e-01,1.410239912063121324e-07,1.000000000000000000e+00,2.526032393325237657e-01,-8.549012516641938397e-01
9.999999945936876022e-01,3.365921733144180972e-01,6.951661485716484901e-01,1.000000000000000000e+00,0.000000000000000000e+00,1.000000000000000000e+00,2.307392378653684850e-01,-6.283384250240822144e-01
9.999828988332938318e-01,3.781195199853985001e-01,9.689359726408031115e-01,4.760197989623719816e-02,1.275596611914791297e-07,1.000000000000000000e+00,2.621520225002475502e-01,-9.602153684051999427e-01
4.879000001557001198e-01,6.604844839814122404e-01,1.000000000000000000e+00,0.000000000000000000e+00,1.000000000000000000e+00,1.000000000000000000e+00,8.303337025128170179e-01,-9.956825775846348536e-01
1.000000000000000000e+00,3.543992028583775600e-01,9.187102447931350113e-01,7.344756917791972484e-01,0.000000000000000000e+00,1.000000000000000000e+00,2.432241736641527763e-01,-7.897590007846675420e-01
4.879000001586579205e-01,6.604845464873559946e-01,1.000000000000000000e+00,0.000000000000000000e+00,1.000000000000000000e+00,1.000000000000000000e+00,8.303337025084582823e-01,-9.956825775846348536e-01
1.000000000000000000e+00,3.462375447852050758e-01,9.032049186998983847e-01,7.944468178256753887e-01,4.595624000342687843e-06,1.000000000000000000e+00,2.411612863164376008e-01,-7.621662930175533424e-01
9.997126012857544541e-01,3.241439672436841057e-01,4.911803757219496136e-01,9.999999996891160148e-01,1.000000000000000000e+00,1.000000000000000000e+00,2.250847061817378147e-01,-5.742386959376493127e-01
9.999999999180770871e-01,3.369997570411832899e-01,6.829068412155179235e-01,9.999999996844683992e-01,0.000000000000000000e+00,1.000000000000000000e+00,2.305489233670833527e-01,-6.230612547427821779e-01
9.999999999994606537e-01,3.369142779387451769e-01,6.076452280298759723e-01,1.000000000000000000e+00,0.000000000000000000e+00,1.000000000000000000e+00,2.296648265216751916e-01,-6.099579591597824590e-01
1.000000000000000000e+00,3.388969860384408173e-01,8.223685227507658846e-01,1.000000000000000000e+00,4.989290353220851004e-10,1.000000000000000000e+00,2.341401825304782747e-01,-6.860120318187581390e-01
1.000000000000000000e+00,3.669281812913813279e-01,9.091714929927403599e-01,2.480262101424742793e-01,6.209765486366050194e-08,1.000000000000000000e+00,2.528016148939257191e-01,-8.837607386259496156e-01
9.773211138805543152e-01,3.352845572478302949e-01,3.336747282763508071e-01,1.000000000000000000e+00,9.909018891600834822e-01,1.000000000000000000e+00,2.206839365998416458e-01,-5.148707574580997370e-01
1.000000000000000000e+00,3.236551757389652950e-01,5.474079608250275175e-01,1.000000000000000000e+00,9.999862107730356220e-01,1.000000000000000000e+00,2.270999006430807765e-01,-5.815943383259859489e-01
9.999999999994391153e-01,3.500774016100066111e-01,9.504552332713274154e-01,9.383573867511374456e-01,4.593877343419872375e-06,1.000000000000000000e+00,2.405833142004221992e-01,-7.540502245626196087e-01
4.879000000000000004e-01,6.604838217479962470e-01,1.000000000000000000e+00,0.000000000000000000e+00,1.000000000000000000e+00,1.000000000000000000e+00,8.303337026185944048e-01,-9.956825775846348536e-01
1.000000000000000000e+00,3.363795182262351857e-01,7.439168769617942045e-01,1.000000000000000000e+00,0.000000000000000000e+00,1.000000000000000000e+00,2.317933891620403419e-01,-6.521176592422909257e-01
9.783887221158530378e-01,3.351470740252179836e-01,3.149626708146071596e-01,1.000000000000000000e+00,1.000000000000000000e+00,1.000000000000000000e+00,2.199949272868086392e-01,-5.032281425774780548e-01
1.000000000000000000e+00,3.610415777594577769e-01,8.299104578929797915e-01,2.098522621931427634e-01,6.719851156248963717e-09,1.000000000000000000e+00,2.488558330601634005e-01,-8.285596022573531449e-01
9.999999999278154084e-01,3.626376612246440256e-01,7.897190981364247131e-01,1.522266986407565525e-01,4.045140924762565909e-09,1.000000000000000000e+00,2.479085255700860524e-01,-8.114179698980530375e-01
1.000000000000000000e+00,3.236006058650001127e-01,4.287198344146430085e-01,1.000000000000000000e+00,1.000000000000000000e+00,1.000000000000000000e+00,2.230398609690406042e-01,-5.492616883297697372e-01
9.994353996620127800e-01,3.727370345130375795e-01,9.021084249625186402e-01,5.406461760709480036e-02,0.000000000000000000e+00,1.000000000000000000e+00,2.569194270664537094e-01,-9.111638312403034234e-01
1.000000000000000000e+00,3.611992664596868075e-01,8.281328353253244456e-01,1.232598102707147536e-01,0.000000000000000000e+00,1.000000000000000000e+00,2.504414264115282784e-01,-8.375494446862270514e-01
4.879000000002716719e-01,6.604825003472510891e-01,1.000000000000000000e+00,0.000000000000000000e+00,9.999999999963063990e-01,1.000000000000000000e+00,8.303337025425712170e-01,-9.956825775846348536e-01
9.881289725044110073e-01,3.258588434689869695e-01,4.578229469559922937e-01,1.000000000000000000e+00,9.999999999967650322e-01,1.000000000000000000e+00,2.239172737107378852e-01,-5.647326887801670248e-01
1.000000000000000000e+00,3.258126690474787979e-01,3.900776668084550147e-01,1.000000000000000000e+00,1.000000000000000000e+00,1.000000000000000000e+00,2.221614725315156913e-01,-5.312952193386240030e-01
4.879000000000000004e-01,6.604840885098093306e-01,1.000000000000000000e+00,0.000000000000000000e+00,9.999999999999998890e-01,1.000000000000000000e+00,8.303337026185910741e-01,-9.956825775846348536e-01
4.879000000000000004e-01,6.604836791302706178e-01,1.000000000000000000e+00,0.000000000000000000e+00,9.999999999999997780e-01,1.000000000000000000e+00,8.303337026164885337e-01,-9.956825775846348536e-01
4.879000000000000004e-01,6.604839232922821157e-01,9.999999999999995559e-01,0.000000000000000000e+00,9.999999999999514833e-01,1.000000000000000000e+00,8.303337026191972559e-01,-9.956825775846348536e-01
9.831672781062239519e-01,3.372624155070569341e-01,2.752911681783131170e-01,1.000000000000000000e+00,1.000000000000000000e+00,1.000000000000000000e+00,2.193315783517036932e-01,-4.933072897460611950e-01
4.879000000006766258e-01,6.604844721912135341e-01,1.000000000000000000e+00,0.000000000000000000e+00,1.000000000000000000e+00,1.000000000000000000e+00,8.303337026091586193e-01,-9.956825775846348536e-01
4.879000000000000004e-01,6.604842300863549287e-01,1.000000000000000000e+00,0.000000000000000000e+00,1.000000000000000000e+00,1.000000000000000000e+00,8.303337026165023005e-01,-9.956825775846348536e-01
4.879000000000000004e-01,6.604845464873559946e-01,1.000000000000000000e+00,6.541866179460907178e-12,9.999999999999681366e-01,1.000000000000000000e+00,8.303337026056900605e-01,-9.956825775846348536e-01
4.879000000027297057e-01,6.604715954735264072e-01,1.000000000000000000e+00,0.000000000000000000e+00,9.999999999999891198e-01,1.000000000000000000e+00,8.303336971040737868e-01,-9.956825775846348536e-01
4.879000000000000004e-01,6.604751521697349581e-01,9.999999999999933387e-01,8.064377533757179432e-11,1.000000000000000000e+00,1.000000000000000000e+00,8.303336998110431022e-01,-9.956825775846348536e-01
4.879000000004742321e-01,6.604827906981359797e-01,1.000000000000000000e+00,7.910135703719468515e-10,1.000000000000000000e+00,1.000000000000000000e+00,8.303337024597126081e-01,-9.956825775846348536e-01
4.879000000000000004e-01,6.604838288074309505e-01,1.000000000000000000e+00,0.000000000000000000e+00,9.999999999965555331e-01,1.000000000000000000e+00,8.303337026185515501e-01,-9.956825775846348536e-01
4.879000000000000004e-01,6.604845393369390694e-01,1.000000000000000000e+00,6.595381897157972658e-10,9.999999999999511502e-01,1.000000000000000000e+00,8.303337025149328809e-01,-9.956825775846348536e-01
4.879000000002819970e-01,6.604829041262011424e-01,9.999999999971942444e-01,1.003390766660399732e-07,1.000000000000000000e+00,1.000000000000000000e+00,8.303336885865524319e-01,-9.956825775846348536e-01
4.879000000005093707e-01,6.604715636527004330e-01,1.000000000000000000e+00,1.309175967473235432e-11,1.000000000000000000e+00,1.000000000000000000e+00,8.303336970751964419e-01,-9.956825775846348536e-01
4.879000000000849879e-01,6.604839740485443089e-01,1.000000000000000000e+00,0.000000000000000000e+00,9.999999999999514833e-01,1.000000000000000000e+00,8.303337026191677239e-01,-9.956825775846348536e-01
4.879000000000775494e-01,6.604840065018116047e-01,1.000000000000000000e+00,0.000000000000000000e+00,9.999999999958905095e-01,1.000000000000000000e+00,8.303337026189610004e-01,-9.956825775846348536e-01
4.879000000000000004e-01,6.604838575189058147e-01,1.000000000000000000e+00,0.000000000000000000e+00,9.999999999999693578e-01,1.000000000000000000e+00,8.303337026188915004e-01,-9.956825775846348536e-01
4.879000000000000004e-01,6.604841662589107099e-01,9.999999999999933387e-01,6.184697203746525048e-09,9.999999999999505951e-01,1.000000000000000000e+00,8.303337017551779553e-01,-9.956825775846348536e-01
9.944814497947606080e-01,3.257360580835554908e-01,4.076379975698407043e-01,1.000000000000000000e+00,1.000000000000000000e+00,1.000000000000000000e+00,2.224717017854925538e-01,-5.349118658272385973e-01
4.879000000000000004e-01,6.604844827938062268e-01,1.000000000000000000e+00,0.000000000000000000e+00,1.000000000000000000e+00,1.000000000000000000e+00,8.303337026091770490e-01,-9.956825775846348536e-01
4.879000000006395443e-01,6.604844731792360868e-01,1.000000000000000000e+00,0.000000000000000000e+00,1.000000000000000000e+00,1.000000000000000000e+00,8.303337026091446305e-01,-9.956825775846348536e-01
1.000000000000000000e+00,3.412045552764009226e-01,8.717227711277735214e-01,1.000000000000000000e+00,4.045140924762565909e-09,1.000000000000000000e+00,2.359355932965581104e-01,-7.303108792046795195e-01
9.999994462335775047e-01,3.500774016100066111e-01,9.689281888806903220e-01,8.546394736989004759e-01,1.429018049550306226e-07,1.000000000000000000e+00,2.430384125392787975e-01,-7.715985349824380224e-01
9.999999999994736433e-01,3.236103828445715536e-01,5.994258488151369413e-01,1.000000000000000000e+00,1.000000000000000000e+00,1.000000000000000000e+00,2.292671142028060161e-01,-6.033783523813850413e-01
4.879000000000000004e-01,6.604836858883098571e-01,9.999999999999363842e-01,1.823282701606786855e-13,1.000000000000000000e+00,1.000000000000000000e+00,8.303337026165662493e-01,-9.956825775846348536e-01
4.879000000002564064e-01,6.604839882154590613e-01,9.999999999999996669e-01,0.000000000000000000e+00,1.000000000000000000e+00,1.000000000000000000e+00,8.303337026190362735e-01,-9.956825775846348536e-01
4.879000001578865930e-01,6.604846151033902935e-01,1.000000000000000000e+00,0.000000000000000000e+00,1.000000000000000000e+00,1.000000000000000000e+00,8.303337025058341592e-01,-9.956825775846348536e-01
4.879000000000000004e-01,6.604838254493754501e-01,1.000000000000000000e+00,0.000000000000000000e+00,1.000000000000000000e+00,1.000000000000000000e+00,8.303337026186297098e-01,-9.956825775846348536e-01
4.879000000000000004e-01,6.604843822569211875e-01,1.000000000000000000e+00,7.621198661079025194e-11,9.999999999999518163e-01,1.000000000000000000e+00,8.303337026020145561e-01,-9.956825775846348536e-01
4.879000000000000004e-01,6.604838288074309505e-01,1.000000000000000000e+00,0.000000000000000000e+00,9.999999999998563371e-01,1.000000000000000000e+00,8.303337026186561332e-01,-9.956825775846348536e-01
9.999999999230988479e-01,3.388835414741914742e-01,8.354616833528297759e-01,1.000000000000000000e+00,4.904333416009228975e-10,1.000000000000000000e+00,2.345929014001617297e-01,-7.029169566353156151e-01
4.879000000002718385e-01,6.604824860428355482e-01,9.999999999999779066e-01,9.590726083646571157e-08,1.000000000000000000e+00,1.000000000000000000e+00,8.303336891680410670e-01,-9.956825775846348536e-01
4.879000000000000004e-01,6.604845503917424754e-01,9.999999999999995559e-01,6.338446992392622195e-09,9.999999999999533706e-01,1.000000000000000000e+00,8.303337017225400629e-01,-9.956825775846348536e-01
4.879000000000849879e-01,6.604836963857546595e-01,1.000000000000000000e+00,0.000000000000000000e+00,9.999999999999511502e-01,1.000000000000000000e+00,8.303337026167676438e-01,-9.956825775846348536e-01
4.879000000000000004e-01,6.604844201239535861e-01,9.999999999999995559e-01,7.815240446190424683e-11,9.999999999999513722e-01,1.000000000000000000e+00,8.303337026005235266e-01,-9.956825775846348536e-01
4.879000000000000004e-01,6.604839989005630851e-01,1.000000000000000000e+00,0.000000000000000000e+00,1.000000000000000000e+00,1.000000000000000000e+00,8.303337026191652814e-01,-9.956825775846348536e-01
4.879000000004850568e-01,6.604842130840925529e-01,1.000000000000000000e+00,7.799437002276697154e-10,9.999999999999527045e-01,1.000000000000000000e+00,8.303337025077668354e-01,-9.956825775846348536e-01
9.880766676385807079e-01,3.257561350505345787e-01,4.515357881430758225e-01,1.000000000000000000e+00,9.999992529852618217e-01,1.000000000000000000e+00,2.237371927235131119e-01,-5.554369535687756487e-01
4.879000000000000004e-01,6.604845014692993788e-01,1.000000000000000000e+00,0.000000000000000000e+00,1.000000000000000000e+00,1.000000000000000000e+00,8.303337026084527395e-01,-9.956825775846348536e-01
4.879000001707571865e-01,6.605726124730437743e-01,1.000000000000000000e+00,0.000000000000000000e+00,1.000000000000000000e+00,1.000000000000000000e+00,8.303334184550608121e-01,-9.956825775846348536e-01
4.879000000000024984e-01,6.604840063371443248e-01,1.000000000000000000e+00,5.326443212169487130e-12,9.999999999959420238e-01,1.000000000000000000e+00,8.303337026182668890e-01,-9.956825775846348536e-01
4.879000001549883003e-01,6.604715425402727380e-01,1.000000000000000000e+00,0.000000000000000000e+00,9.999999999999994449e-01,1.000000000000000000e+00,8.303336969627221897e-01,-9.956825775846348536e-01
9.790757031824501855e-01,3.351420223906266815e-01,2.974539790172744391e-01,1.000000000000000000e+00,9.854753735307733020e-01,1.000000000000000000e+00,2.199121396352563818e-01,-4.995107119006476637e-01
4.879000000004746762e-01,6.604827452703790902e-01,1.000000000000000000e+00,7.910135703719468515e-10,1.000000000000000000e+00,1.000000000000000000e+00,8.303337024558195001e-01,-9.956825775846348536e-01
9.774541716328707386e-01,3.295649674118703021e-01,3.789575282450013960e-01,1.000000000000000000e+00,9.811262534617668507e-01,1.000000000000000000e+00,2.224442442162152811e-01,-5.332088031319456300e-01
4.879000000000826565e-01,6.604838191299094996e-01,1.000000000000000000e+00,0.000000000000000000e+00,1.000000000000000000e+00,1.000000000000000000e+00,8.303337026185180214e-01,-9.956825775846348536e-01
4.879000000002964854e-01,6.604840881417246568e-01,1.000000000000000000e+00,0.000000000000000000e+00,1.000000000000000000e+00,1.000000000000000000e+00,8.303337026184112180e-01,-9.956825775846348536e-01
4.879000000000000004e-01,6.604845169760806822e-01,1.000000000000000000e+00,0.000000000000000000e+00,1.000000000000000000e+00,1.000000000000000000e+00,8.303337026078323468e-01,-9.956825775846348536e-01
4.879000000002716164e-01,6.604839900101743266e-01,9.999999999999995559e-01,0.000000000000000000e+00,1.000000000000000000e+00,1.000000000000000000e+00,8.303337026190222847e-01,-9.956825775846348536e-01
1.000000000000000000e+00,3.637366106496484064e-01,9.787046580738416601e-01,3.897026895307333927e-01,0.000000000000000000e+00,1.000000000000000000e+00,2.539000583731232386e-01,-8.842738340990100587e-01
4.879000000000000004e-01,6.604837679676172080e-01,1.000000000000000000e+00,4.576166643502565870e-09,1.000000000000000000e+00,1.000000000000000000e+00,8.303337019798482377e-01,-9.956825775846348536e-01
4.879000000000000004e-01,6.604844731792360868e-01,1.000000000000000000e+00,0.000000000000000000e+00,1.000000000000000000e+00,1.000000000000000000e+00,8.303337026095400919e-01,-9.956825775846348536e-01
4.879000000000847659e-01,6.604837072277962573e-01,1.000000000000000000e+00,0.000000000000000000e+00,1.000000000000000000e+00,1.000000000000000000e+00,8.303337026169674839e-01,-9.956825775846348536e-01
4.879000000000000004e-01,6.604840063371443248e-01,1.000000000000000000e+00,5.326443212169487130e-12,1.000000000000000000e+00,1.000000000000000000e+00,8.303337026183970071e-01,-9.956825775846348536e-01
4.879000000000899284e-01,6.604843688509176580e-01,1.000000000000000000e+00,0.000000000000000000e+00,9.999999999999509281e-01,1.000000000000000000e+00,8.303337026129935516e-01,-9.956825775846348536e-01
4.879000000000000004e-01,6.604840860208247566e-01,1.000000000000000000e+00,0.000000000000000000e+00,9.999999999999888978e-01,1.000000000000000000e+00,8.303337026186143888e-01,-9.956825775846348536e-01
4.879000000000000004e-01,6.604845060909396715e-01,1.000000000000000000e+00,1.074305844116292536e-10,1.000000000000000000e+00,1.000000000000000000e+00,8.303337025932884252e-01,-9.956825775846348536e-01
4.879000000000000004e-01,6.604828236136612851e-01,9.999999999999847899e-01,1.004893518664078698e-10,1.000000000000000000e+00,1.000000000000000000e+00,8.303337025590127318e-01,-9.956825775846348536e-01
4.879000000000000004e-01,6.604843344797750593e-01,9.999999999999993339e-01,7.854921169759314681e-11,9.999999999999883427e-01,1.000000000000000000e+00,8.303337026030810364e-01,-9.956825775846348536e-01
4.879000000002964854e-01,6.604828961407771537e-01,9.999999999998773204e-01,9.714874232512685601e-08,9.928009334777549988e-01,1.000000000000000000e+00,8.301033489721021397e-01,-9.956825775846348536e-01
9.882816236439619928e-01,3.258588434689869695e-01,5.689406833013509468e-01,1.000000000000000000e+00,9.999999999999954481e-01,1.000000000000000000e+00,2.281099720958948418e-01,-5.972964762612196221e-01
