9.998531406014048439e-01,3.334739590114923491e-01,9.301602534972523983e-01,8.086011054926972585e-01,0.000000000000000000e+00,1.111111111111111049e-01,2.294927251053068828e-01,-6.742456791641385783e-01
9.999998591136619597e-01,3.289070180448905867e-01,9.451285014506808357e-01,9.999967357726430306e-01,0.000000000000000000e+00,1.111111111111111049e-01,2.262783702111134665e-01,-6.498206448874886965e-01
1.000000000000000000e+00,3.527387061687055625e-01,9.354433773904101690e-01,1.400231798413706652e-01,0.000000000000000000e+00,1.111111111111111049e-01,2.439466679265414051e-01,-8.203790693600215844e-01
9.999999991615252659e-01,3.228949610189369435e-01,8.029371865119188101e-01,1.000000000000000000e+00,0.000000000000000000e+00,1.111111111111111049e-01,2.217471147322364056e-01,-5.833601045977830912e-01
9.999999690775158712e-01,3.383585683707411307e-01,9.627891053391592902e-01,6.983182464608063134e-01,0.000000000000000000e+00,1.111111111111111049e-01,2.330768145387724644e-01,-7.105926688777635114e-01
1.000000000000000000e+00,3.235506004752699560e-01,8.532153467783036849e-01,1.000000000000000000e+00,5.169142303087122779e-05,1.111111111111111049e-01,2.231537775734126205e-01,-6.056727761800756449e-01
1.000000000000000000e+00,3.410799248199550271e-01,9.378572461712789687e-01,5.778927880739427314e-01,4.775263385145919103e-07,1.111111111111111049e-01,2.344935189127750064e-01,-7.198204468574077586e-01
1.000000000000000000e+00,3.092534645684306138e-01,4.210440956747593111e-01,9.754034908570661244e-01,1.000000000000000000e+00,1.111111111111111049e-01,2.155593314200869304e-01,-4.591792238285038463e-01
1.000000000000000000e+00,3.509623478995704815e-01,9.429533669083205449e-01,2.036492690844918796e-01,0.000000000000000000e+00,1.111111111111111049e-01,2.428806107821279148e-01,-8.033275758457266713e-01
1.000000000000000000e+00,3.565880542802107311e-01,9.661234942877465759e-01,1.039129340230815768e-01,0.000000000000000000e+00,1.111111111111111049e-01,2.467741458549305988e-01,-8.569085255209456520e-01
1.000000000000000000e+00,3.440025134965978282e-01,9.762325590169265155e-01,4.682809178938706074e-01,0.000000000000000000e+00,1.111111111111111049e-01,2.386409869558253349e-01,-7.548279041203199702e-01
1.000000000000000000e+00,3.565328956420411588e-01,9.664441695874029792e-01,1.404283654636968304e-01,0.000000000000000000e+00,1.111111111111111049e-01,2.458717926896888673e-01,-8.547751126098713792e-01
9.999929423371095583e-01,3.265166406557757361e-01,8.852604494099374222e-01,1.000000000000000000e+00,0.000000000000000000e+00,1.111111111111111049e-01,2.241774846486453143e-01,-6.266612229200664297e-01
1.000000000000000000e+00,3.390324146055836985e-01,9.604559443776984340e-01,6.625194602266974986e-01,0.000000000000000000e+00,1.111111111111111049e-01,2.337097238625228113e-01,-7.143236610504200002e-01
9.999999999792108518e-01,3.359892181789549404e-01,9.545406252405276293e-01,7.205490774942682197e-01,5.158306291459904027e-07,1.111111111111111049e-01,2.322369680297210470e-01,-7.037031675783033124e-01
1.000000000000000000e+00,3.527240224635477817e-01,9.422276537556139031e-01,2.334246120327948260e-01,0.000000000000000000e+00,1.111111111111111049e-01,2.422280397810839259e-01,-7.876482690618149540e-01
9.314985122166118403e-01,3.283857444007853843e-01,3.700718511625368246e-01,9.999998282998523447e-01,9.999999999999859002e-01,1.111111111111111049e-01,2.146189019496899386e-01,-4.395998334060881585e-01
9.999999999792108518e-01,3.359855236746348561e-01,9.690596650589229366e-01,8.522119119387012720e-01,3.285481495338293557e-09,1.111111111111111049e-01,2.302627759634160443e-01,-6.830368066466697696e-01
1.000000000000000000e+00,3.418608620457685987e-01,9.276424599103736401e-01,3.378426153746247884e-01,0.000000000000000000e+00,1.111111111111111049e-01,2.391661772285495757e-01,-7.585977268662308370e-01
1.000000000000000000e+00,3.192439736251087568e-01,6.706859983326448615e-01,1.000000000000000000e+00,0.000000000000000000e+00,1.111111111111111049e-01,2.192646215419008504e-01,-5.324098029566035617e-01
9.999999625230440170e-01,3.419885591384700385e-01,9.843048173447550564e-01,6.210532269375712566e-01,0.000000000000000000e+00,1.111111111111111049e-01,2.356987818467864981e-01,-7.347106107654303164e-01
9.310123095684733618e-01,3.038549510500356265e-01,9.999999999996853628e-01,6.371072574862808163e-11,9.999999928017365702e-01,1.111111111111111049e-01,5.899111559882265210e-01,-8.789032433972565617e-01
1.000000000000000000e+00,3.292479268869028530e-01,9.736014348245339844e-01,1.000000000000000000e+00,0.000000000000000000e+00,1.111111111111111049e-01,2.273843340462060603e-01,-6.717250422970819645e-01
1.000000000000000000e+00,3.097847263997355882e-01,4.114110492483565307e-01,1.000000000000000000e+00,9.999999964381417472e-01,1.111111111111111049e-01,2.151680092672889621e-01,-4.492744332027261422e-01
9.310124871794360768e-01,3.038565861602698925e-01,1.000000000000000000e+00,0.000000000000000000e+00,9.999999957058351985e-01,1.111111111111111049e-01,5.899111135902710412e-01,-8.789032433972565617e-01
1.000000000000000000e+00,3.431780658576543130e-01,9.083317204829084446e-01,3.122633191810074704e-01,0.000000000000000000e+00,1.111111111111111049e-01,2.386063489969916240e-01,-7.480105485784754871e-01
9.310121701478251133e-01,3.038554906023976376e-01,1.000000000000000000e+00,0.000000000000000000e+00,1.000000000000000000e+00,1.111111111111111049e-01,5.899111881500440635e-01,-8.789032433972565617e-01
9.310123125313161108e-01,3.038530277469837504e-01,9.999999999998920863e-01,3.075040173831294934e-09,9.999999635576269919e-01,1.111111111111111049e-01,5.899111559187885101e-01,-8.789032433972565617e-01
9.999999138791505482e-01,3.292654381256675533e-01,9.641094945219969015e-01,1.000000000000000000e+00,0.000000000000000000e+00,1.111111111111111049e-01,2.270028883801251673e-01,-6.579053258879193899e-01
1.000000000000000000e+00,3.079229482216045977e-01,5.102678133800453431e-01,1.000000000000000000e+00,9.982991067186043344e-01,1.111111111111111049e-01,2.167072741709220318e-01,-4.732819441775037439e-01
1.000000000000000000e+00,3.204683528870024278e-01,7.046725973301953827e-01,1.000000000000000000e+00,0.000000000000000000e+00,1.111111111111111049e-01,2.197106581675482562e-01,-5.482760973451497044e-01
9.310121718140054181e-01,3.038565150362337874e-01,1.000000000000000000e+00,0.000000000000000000e+00,9.999919847677418705e-01,1.111111111111111049e-01,5.899111479971167471e-01,-8.789032433972565617e-01
9.999999991535863941e-01,3.211828915864494705e-01,7.199025214603960166e-01,1.000000000000000000e+00,0.000000000000000000e+00,1.111111111111111049e-01,2.199666301180319139e-01,-5.555775077707025833e-01
9.310125439913302658e-01,3.038563620665865050e-01,1.000000000000000000e+00,0.000000000000000000e+00,9.999999819541873780e-01,1.111111111111111049e-01,5.899111004616812703e-01,-8.789032433972565617e-01
9.310121699428872688e-01,3.038554901141320430e-01,9.999999999996940225e-01,8.509061906810626693e-13,9.999999839478777020e-01,1.111111111111111049e-01,5.899111881196755780e-01,-8.789032433972565617e-01
1.000000000000000000e+00,3.390207683826772511e-01,9.478717947436234859e-01,5.778479496721760089e-01,0.000000000000000000e+00,1.111111111111111049e-01,2.348872987697359083e-01,-7.337383648114453871e-01
1.000000000000000000e+00,3.191961449131455186e-01,6.581316846618066041e-01,1.000000000000000000e+00,0.000000000000000000e+00,1.111111111111111049e-01,2.191346988503427018e-01,-5.248217537928645537e-01
1.000000000000000000e+00,3.205817678429238593e-01,7.580713911645745595e-01,1.000000000000000000e+00,0.000000000000000000e+00,1.111111111111111049e-01,2.206931452083874812e-01,-5.658948633364833114e-01
1.000000000000000000e+00,3.079102945885269227e-01,4.658263147811169125e-01,1.000000000000000000e+00,9.999929369029805226e-01,1.111111111111111049e-01,2.157806907649166550e-01,-4.660461663129608634e-01
9.310123249653713406e-01,3.038531547371249864e-01,9.999999999998999689e-01,1.212317953001186392e-10,9.999991709784731286e-01,1.111111111111111049e-01,5.899111492835074078e-01,-8.789032433972565617e-01
9.999999991043329040e-01,3.193938744323007173e-01,6.463171462590295846e-01,1.000000000000000000e+00,0.000000000000000000e+00,1.111111111111111049e-01,2.190277136003142278e-01,-5.180050086412913979e-01
9.310124876264660454e-01,3.038565632156752794e-01,1.000000000000000000e+00,0.000000000000000000e+00,9.999999977262942208e-01,1.111111111111111049e-01,5.899111135129917471e-01,-8.789032433972565617e-01
1.000000000000000000e+00,3.238830676263207975e-01,8.467441647929400128e-01,1.000000000000000000e+00,5.123528862994620342e-05,1.111111111111111049e-01,2.229558353559081274e-01,-6.015181226300292394e-01
1.000000000000000000e+00,3.603784322975571719e-01,9.894404824490469208e-01,1.033294905840457800e-01,0.000000000000000000e+00,1.111111111111111049e-01,2.483713399343439598e-01,-8.696036921552440235e-01
1.000000000000000000e+00,3.089122183260907262e-01,5.492563929378641019e-01,1.000000000000000000e+00,1.000000000000000000e+00,1.111111111111111049e-01,2.178212257491372039e-01,-4.863416289414136950e-01
9.999998579864041170e-01,3.440813078453383023e-01,9.966287198501451172e-01,4.686645054690589118e-01,0.000000000000000000e+00,1.111111111111111049e-01,2.397689789091452528e-01,-7.867296014243397861e-01
9.310125449873575265e-01,3.038563986688211371e-01,9.999999999999993339e-01,1.288013776906733456e-10,1.000000000000000000e+00,1.111111111111111049e-01,5.899111002838689499e-01,-8.789032433972565617e-01
9.999994913679901565e-01,3.082200138608911510e-01,5.692405148469714682e-01,9.999864648244050080e-01,1.000000000000000000e+00,1.111111111111111049e-01,2.184011304225162708e-01,-5.076456074408355335e-01
9.999976787199177375e-01,3.346495207288938678e-01,9.391299381132649504e-01,7.147513670620749826e-01,0.000000000000000000e+00,1.111111111111111049e-01,2.317002681510757778e-01,-6.880988852025541336e-01
9.310121498312932120e-01,3.038513160422775528e-01,1.000000000000000000e+00,0.000000000000000000e+00,9.999998392989304374e-01,1.111111111111111049e-01,5.899111938695364987e-01,-8.789032433972565617e-01
1.000000000000000000e+00,3.519418496218090220e-01,9.800847670801164924e-01,2.256512318826390806e-01,0.000000000000000000e+00,1.111111111111111049e-01,2.445932321318683156e-01,-8.327473898809083508e-01
9.310125525307072492e-01,3.038513160422775528e-01,1.000000000000000000e+00,0.000000000000000000e+00,1.000000000000000000e+00,1.111111111111111049e-01,5.899111010068051053e-01,-8.789032433972565617e-01
1.000000000000000000e+00,3.281122601845323228e-01,9.303228223438532174e-01,1.000000000000000000e+00,6.287864164137380904e-08,1.111111111111111049e-01,2.257286061655449094e-01,-6.489025709377428397e-01
9.310123009928474858e-01,3.038563591872012193e-01,1.000000000000000000e+00,0.000000000000000000e+00,9.999999635739776904e-01,1.111111111111111049e-01,5.899111569394429599e-01,-8.789032433972565617e-01
9.310123119828642713e-01,3.038548788163866754e-01,9.999999999999977796e-01,0.000000000000000000e+00,1.000000000000000000e+00,1.111111111111111049e-01,5.899111555067095836e-01,-8.789032433972565617e-01
9.310121735000678189e-01,3.038563520582145960e-01,1.000000000000000000e+00,8.506384852242076607e-13,9.999999842396000149e-01,1.111111111111111049e-01,5.899111867224646755e-01,-8.789032433972565617e-01
9.310123119832605099e-01,3.038548788163866754e-01,9.999999999998909761e-01,8.924082291377527165e-11,1.000000000000000000e+00,1.111111111111111049e-01,5.899111555014058261e-01,-8.789032433972565617e-01
1.000000000000000000e+00,3.389553511995912483e-01,9.688788952476524718e-01,6.628965139404002782e-01,0.000000000000000000e+00,1.111111111111111049e-01,2.340703777146561637e-01,-7.193765331461392520e-01
9.310124984746691590e-01,3.038564925366982195e-01,1.000000000000000000e+00,1.249028603605722073e-14,9.999999639094520054e-01,1.111111111111111049e-01,5.899111108746371013e-01,-8.789032433972565617e-01
9.310125552656165482e-01,3.038513271135101501e-01,9.999999999999983347e-01,0.000000000000000000e+00,1.000000000000000000e+00,1.111111111111111049e-01,5.899111003680493903e-01,-8.789032433972565617e-01
9.999999996952556591e-01,3.195974487686925603e-01,6.197069337154027524e-01,1.000000000000000000e+00,0.000000000000000000e+00,1.111111111111111049e-01,2.188646684985193769e-01,-5.121688253602104668e-01
9.310124876264660454e-01,3.038563676947009795e-01,1.000000000000000000e+00,0.000000000000000000e+00,9.999999626403092146e-01,1.111111111111111049e-01,5.899111134842360826e-01,-8.789032433972565617e-01
1.000000000000000000e+00,3.390362084405683096e-01,9.622381006045305218e-01,6.624468281077655618e-01,0.000000000000000000e+00,1.111111111111111049e-01,2.337883054113158998e-01,-7.165946404219888377e-01
9.310124876264660454e-01,3.038563983466339158e-01,1.000000000000000000e+00,3.031280868326061735e-09,9.999999978049628480e-01,1.111111111111111049e-01,5.899111134573087334e-01,-8.789032433972565617e-01
1.000000000000000000e+00,3.078866028030443625e-01,5.166885429026201182e-01,9.999996233706163196e-01,1.000000000000000000e+00,1.111111111111111049e-01,2.168415755609721107e-01,-4.811656781311632880e-01
9.310121512580165071e-01,3.038554249721521217e-01,1.000000000000000000e+00,5.992162399908325687e-13,9.999999838215218873e-01,1.111111111111111049e-01,5.899111925079898455e-01,-8.789032433972565617e-01
1.000000000000000000e+00,3.565880541986682362e-01,9.661848871461330424e-01,6.569926658841260259e-02,0.000000000000000000e+00,1.111111111111111049e-01,2.478098204889368772e-01,-8.624029061396992768e-01
9.310121710553908025e-01,3.038563336305288298e-01,1.000000000000000000e+00,5.890544682620849570e-11,9.999999846227342060e-01,1.111111111111111049e-01,5.899111873029452280e-01,-8.789032433972565617e-01
9.303875023846462922e-01,3.285707830069201085e-01,3.411649517971608869e-01,1.000000000000000000e+00,1.000000000000000000e+00,1.111111111111111049e-01,2.144217304763428034e-01,-4.301539813514158594e-01
9.310124787591460560e-01,3.038563954952670509e-01,1.000000000000000000e+00,0.000000000000000000e+00,9.999999837533685154e-01,1.111111111111111049e-01,5.899111156313232573e-01,-8.789032433972565617e-01
9.310121726968242362e-01,3.038555627802169701e-01,1.000000000000000000e+00,0.000000000000000000e+00,1.000000000000000000e+00,1.111111111111111049e-01,5.899111875116773707e-01,-8.789032433972565617e-01
9.303942682033349287e-01,3.281672319552331185e-01,3.966913947906487437e-01,1.000000000000000000e+00,1.000000000000000000e+00,1.111111111111111049e-01,2.149779318596883038e-01,-4.471440217660388461e-01
9.332148818470229479e-01,3.284092440345387498e-01,3.515690967113185850e-01,9.999998316243264851e-01,9.999999999999859002e-01,1.111111111111111049e-01,2.144538671532522645e-01,-4.318361499815059346e-01
1.000000000000000000e+00,3.509947295876405526e-01,9.802971956389415764e-01,3.133341410977238395e-01,5.228783995855994013e-07,1.111111111111111049e-01,2.424422057087586846e-01,-7.887680782036218252e-01
9.310121005162669272e-01,3.038554273659297422e-01,1.000000000000000000e+00,0.000000000000000000e+00,1.000000000000000000e+00,1.111111111111111049e-01,5.899112043945904382e-01,-8.789032433972565617e-01
9.310123093993109000e-01,3.038549392877016309e-01,1.000000000000000000e+00,6.230033721591641050e-13,9.999999646572863554e-01,1.111111111111111049e-01,5.899111559009090344e-01,-8.789032433972565617e-01
9.310121719339857771e-01,3.038563778583911468e-01,1.000000000000000000e+00,0.000000000000000000e+00,9.999999993334049986e-01,1.111111111111111049e-01,5.899111871424898013e-01,-8.789032433972565617e-01
9.310123118147913823e-01,3.038549907753792523e-01,1.000000000000000000e+00,6.219985585357914943e-13,9.999999638158368898e-01,1.111111111111111049e-01,5.899111553048843604e-01,-8.789032433972565617e-01
1.000000000000000000e+00,3.078968628763583126e-01,5.335141522097736066e-01,9.999874603655574123e-01,9.984734129750933995e-01,1.111111111111111049e-01,2.173104091604279864e-01,-4.846301333404851586e-01
9.310123119796694935e-01,3.038550040745179315e-01,1.000000000000000000e+00,1.792200743690505400e-12,9.999999650605415624e-01,1.111111111111111049e-01,5.899111552647742229e-01,-8.789032433972565617e-01
9.310121062847845907e-01,3.038563757900649143e-01,1.000000000000000000e+00,0.000000000000000000e+00,1.000000000000000000e+00,1.111111111111111049e-01,5.899112024286865541e-01,-8.789032433972565617e-01
9.310122862800093158e-01,3.038563964807260431e-01,1.000000000000000000e+00,3.115444426314148365e-09,9.999999957404962503e-01,1.111111111111111049e-01,5.899111603134057358e-01,-8.789032433972565617e-01
9.310124984746691590e-01,3.038564917908916363e-01,1.000000000000000000e+00,3.582543283686883653e-12,9.999999629606447504e-01,1.111111111111111049e-01,5.899111108703487538e-01,-8.789032433972565617e-01
9.310121438125086302e-01,3.038565518767432083e-01,1.000000000000000000e+00,0.000000000000000000e+00,1.000000000000000000e+00,1.111111111111111049e-01,5.899111935678518215e-01,-8.789032433972565617e-01
9.310125285712496090e-01,3.038549613764313095e-01,1.000000000000000000e+00,6.275935230081224216e-11,9.999999928996370357e-01,1.111111111111111049e-01,5.899111050174732362e-01,-8.789032433972565617e-01
9.310121685445593709e-01,3.038563160276028241e-01,1.000000000000000000e+00,6.271780226439013849e-11,9.999999930422489580e-01,1.111111111111111049e-01,5.899111879405478653e-01,-8.789032433972565617e-01
9.310121743552733919e-01,3.038530314268591548e-01,1.000000000000000000e+00,3.119683634365408009e-09,9.999991844308953048e-01,1.111111111111111049e-01,5.899111842599464861e-01,-8.789032433972565617e-01
9.310121699589007926e-01,3.038554900957380345e-01,9.999999999996940225e-01,0.000000000000000000e+00,9.999999840092761438e-01,1.111111111111111049e-01,5.899111881163090487e-01,-8.789032433972565617e-01
9.310123111294640319e-01,3.038564789580001091e-01,1.000000000000000000e+00,0.000000000000000000e+00,9.999998839116623905e-01,1.111111111111111049e-01,5.899111541057904251e-01,-8.789032433972565617e-01
9.310121747499443545e-01,3.038565484438167652e-01,1.000000000000000000e+00,9.088618208867509727e-13,1.000000000000000000e+00,1.111111111111111049e-01,5.899111863685494450e-01,-8.789032433972565617e-01
9.310124879423012922e-01,3.038549938572507880e-01,1.000000000000000000e+00,0.000000000000000000e+00,9.999999656887426092e-01,1.111111111111111049e-01,5.899111143244344380e-01,-8.789032433972565617e-01
9.999999932684012771e-01,3.440054870237429507e-01,9.619083618714026063e-01,4.682958431677079481e-01,0.000000000000000000e+00,1.111111111111111049e-01,2.379025645189794813e-01,-7.480037472787252062e-01
9.310121460111451253e-01,3.038564296168673740e-01,1.000000000000000000e+00,0.000000000000000000e+00,9.999999953319921309e-01,1.111111111111111049e-01,5.899111931206288961e-01,-8.789032433972565617e-01
9.310124991114937520e-01,3.038563678867867157e-01,1.000000000000000000e+00,0.000000000000000000e+00,9.999999626403092146e-01,1.111111111111111049e-01,5.899111108105852264e-01,-8.789032433972565617e-01
9.310121775322515170e-01,3.038564919341931181e-01,1.000000000000000000e+00,0.000000000000000000e+00,9.999996855155889319e-01,1.111111111111111049e-01,5.899111842282566132e-01,-8.789032433972565617e-01
1.000000000000000000e+00,3.091563674968343944e-01,4.209333340536052792e-01,1.000000000000000000e+00,1.000000000000000000e+00,1.111111111111111049e-01,2.152350971763314913e-01,-4.551215724165002530e-01
1.000000000000000000e+00,3.076480601974574403e-01,4.736733209801031741e-01,1.000000000000000000e+00,1.000000000000000000e+00,1.111111111111111049e-01,2.159140770777743246e-01,-4.724526687124689928e-01
9.999999991535863941e-01,3.562664474185197605e-01,9.660726621559286853e-01,9.812927173957125548e-02,7.974527666677906357e-01,1.111111111111111049e-01,2.614140749724669366e-01,-8.789032433972565617e-01
9.310121735427151490e-01,3.038549392877016309e-01,1.000000000000000000e+00,1.178100876922056843e-12,1.000000000000000000e+00,1.111111111111111049e-01,5.899111876884576278e-01,-8.789032433972565617e-01
9.310121710603778133e-01,3.038555709979870456e-01,1.000000000000000000e+00,0.000000000000000000e+00,9.999999846478397902e-01,1.111111111111111049e-01,5.899111878125278263e-01,-8.789032433972565617e-01
