8.233852135398924688e-01,3.882381133203426371e-01,2.740518002159288424e-01,1.000000000000000000e+00,9.983653291757872417e-01,7.777777777777777901e-01,2.188869507787250535e-01,-4.762045068170613904e-01
1.000000000000000000e+00,3.401314606360136272e-01,9.036249156103166591e-01,8.480536079484521927e-01,1.540155126921998737e-05,7.777777777777777901e-01,2.375017016381732460e-01,-7.340360092946833781e-01
9.709567576118962595e-01,3.280547536524252017e-01,4.225759810486491852e-01,9.995629883544829841e-01,1.000000000000000000e+00,7.777777777777777901e-01,2.221593195639799401e-01,-5.327995126766450484e-01
9.999886034112044353e-01,3.488329210592115981e-01,9.882848593644034674e-01,6.630639323765799009e-01,0.000000000000000000e+00,7.777777777777777901e-01,2.455170530115219352e-01,-8.035286451073887504e-01
9.999999761131453946e-01,3.752725415742175774e-01,9.692131992261191487e-01,5.012542014625667036e-04,4.123064235296073909e-01,7.777777777777777901e-01,2.719512059506770663e-01,-9.688772851002219744e-01
9.999535327863567913e-01,3.736984899297003948e-01,9.684498418549588594e-01,1.098357081303593386e-01,0.000000000000000000e+00,7.777777777777777901e-01,2.574148043288924659e-01,-9.280030684009394903e-01
9.999999360000240145e-01,3.697654298119387728e-01,9.071893627058965626e-01,7.028779854405020622e-02,0.000000000000000000e+00,7.777777777777777901e-01,2.540790216147288949e-01,-8.917474652738189844e-01
1.000000000000000000e+00,3.491624108811764993e-01,9.895059305395165206e-01,7.348731179194581964e-01,0.000000000000000000e+00,7.777777777777777901e-01,2.437981893117672216e-01,-7.800359744616111035e-01
1.000000000000000000e+00,3.373271079916718151e-01,9.040740091050210037e-01,9.875278081124493346e-01,0.000000000000000000e+00,7.777777777777777901e-01,2.348239631138513972e-01,-7.045842465046477932e-01
9.999991434845384441e-01,3.483660363892140954e-01,9.670882012184118803e-01,7.680363033897283920e-01,0.000000000000000000e+00,7.777777777777777901e-01,2.419114457264015250e-01,-7.621555252121319235e-01
1.000000000000000000e+00,3.736952813742466795e-01,9.685863229993341150e-01,3.405068340220668288e-03,0.000000000000000000e+00,7.777777777777777901e-01,2.603910510233219955e-01,-9.500593680276834263e-01
9.999999360000240145e-01,3.465631808896935118e-01,9.033041898040902185e-01,7.355601901052837288e-01,0.000000000000000000e+00,7.777777777777777901e-01,2.396065103042853139e-01,-7.485107850600195567e-01
9.999999998099439180e-01,3.317425716952887016e-01,7.444559691559993198e-01,1.000000000000000000e+00,0.000000000000000000e+00,7.777777777777777901e-01,2.294141896320926743e-01,-6.327752321144648473e-01
4.879000000000000004e-01,6.468460044413429921e-01,9.999999999999830136e-01,0.000000000000000000e+00,1.000000000000000000e+00,7.777777777777777901e-01,8.125647283598425030e-01,-9.688772851002219744e-01
1.000000000000000000e+00,3.356050613957852202e-01,8.344975318222821459e-01,1.000000000000000000e+00,0.000000000000000000e+00,7.777777777777777901e-01,2.320036865173625285e-01,-6.780914499229147019e-01
1.000000000000000000e+00,3.178945343641746968e-01,4.887280439070851856e-01,1.000000000000000000e+00,1.000000000000000000e+00,7.777777777777777901e-01,2.238154181973135426e-01,-5.447266493980674751e-01
8.217411669247096651e-01,3.888413676090661797e-01,2.811548236641382426e-01,1.000000000000000000e+00,9.995986832186227744e-01,7.777777777777777901e-01,2.192841348988638084e-01,-4.772049410561202687e-01
1.000000000000000000e+00,3.310353202861995303e-01,6.778308285662371091e-01,1.000000000000000000e+00,0.000000000000000000e+00,7.777777777777777901e-01,2.280864673120785446e-01,-6.034368177191840044e-01
9.999970558889258454e-01,3.565146318251329882e-01,9.361226054632728610e-01,3.812387192442587835e-01,0.000000000000000000e+00,7.777777777777777901e-01,2.485961795989449774e-01,-8.347308935685111564e-01
9.999521868107512645e-01,3.553769870251790031e-01,9.074854076723092300e-01,4.335745568571862107e-01,0.000000000000000000e+00,7.777777777777777901e-01,2.458687050422074249e-01,-8.089869206593469642e-01
9.999456115022228309e-01,3.370113354852302678e-01,8.386936394238715398e-01,8.242293266522554562e-01,1.527731846754219977e-05,7.777777777777777901e-01,2.354010748699238431e-01,-7.235871597518549470e-01
1.000000000000000000e+00,3.534283100598470395e-01,9.573383390525711523e-01,6.631776464159387929e-01,1.578883810130336947e-05,7.777777777777777901e-01,2.436821879584175066e-01,-7.778290799966287583e-01
9.716241023331150251e-01,3.308485741005792180e-01,3.316189182632876542e-01,9.995767077334407613e-01,1.000000000000000000e+00,7.777777777777777901e-01,2.201941182113661133e-01,-4.901146625502124654e-01
9.999999808211902375e-01,3.600224037683956713e-01,9.071443019924966267e-01,1.384837533509008511e-01,0.000000000000000000e+00,7.777777777777777901e-01,2.525457576498456036e-01,-8.686106939050162179e-01
1.000000000000000000e+00,3.328312812365049611e-01,5.645239058134301491e-01,1.000000000000000000e+00,6.545667066119083971e-06,7.777777777777777901e-01,2.273504470359627994e-01,-5.743584713060720937e-01
1.000000000000000000e+00,3.493701191206035617e-01,9.574407998235343609e-01,7.355521616583005073e-01,4.092982593730975222e-10,7.777777777777777901e-01,2.421131189849503318e-01,-7.723336231551831688e-01
9.999522356678454127e-01,3.696511429556050832e-01,9.684498418549588594e-01,1.373126245856946814e-01,0.000000000000000000e+00,7.777777777777777901e-01,2.566179539739524285e-01,-9.104772358446812097e-01
9.718623150878341610e-01,3.322647256931203219e-01,3.057511601688910341e-01,1.000000000000000000e+00,1.000000000000000000e+00,7.777777777777777901e-01,2.197296226797552932e-01,-4.828869053458542671e-01
9.703104197447119939e-01,3.280540868176071156e-01,4.168527138030780899e-01,9.995556836030216052e-01,1.000000000000000000e+00,7.777777777777777901e-01,2.220217198070076337e-01,-5.175673785919019387e-01
9.999991859562775698e-01,3.369019401662352586e-01,8.720200053180497957e-01,1.000000000000000000e+00,0.000000000000000000e+00,7.777777777777777901e-01,2.333204836982596675e-01,-6.915160224355725305e-01
9.999981886215457694e-01,3.561486830483163168e-01,9.366236538722415572e-01,4.623159240740857823e-01,0.000000000000000000e+00,7.777777777777777901e-01,2.468137032358721228e-01,-8.241047584604679344e-01
9.718548534224974444e-01,3.301424461761261475e-01,3.639102402498909927e-01,1.000000000000000000e+00,9.999921834316308766e-01,7.777777777777777901e-01,2.207992452360970081e-01,-5.018804751489328586e-01
9.999999436492881255e-01,3.619562667610101703e-01,9.558819815829066036e-01,3.136089628518708428e-01,0.000000000000000000e+00,7.777777777777777901e-01,2.513158036778230242e-01,-8.536278813232263118e-01
4.879000000000000004e-01,6.468381981048862972e-01,1.000000000000000000e+00,0.000000000000000000e+00,1.000000000000000000e+00,7.777777777777777901e-01,8.125647263796229591e-01,-9.688772851002219744e-01
4.879000000000000004e-01,6.468381729968827321e-01,1.000000000000000000e+00,0.000000000000000000e+00,1.000000000000000000e+00,7.777777777777777901e-01,8.125647263657271857e-01,-9.688772851002219744e-01
9.999913103615780674e-01,3.624367420829084918e-01,9.666703116500546811e-01,2.861859289854661315e-01,0.000000000000000000e+00,7.777777777777777901e-01,2.527020613974915175e-01,-8.717427705910486546e-01
4.879000000000000004e-01,6.468460044413429921e-01,1.000000000000000000e+00,0.000000000000000000e+00,1.000000000000000000e+00,7.777777777777777901e-01,8.125647283598504966e-01,-9.688772851002219744e-01
9.999831915790544645e-01,3.345561029804678954e-01,7.486736207131352572e-01,8.599510646847435824e-01,0.000000000000000000e+00,7.777777777777777901e-01,2.318091354903665247e-01,-6.509473221438496493e-01
9.709974523611628605e-01,3.301019892112694309e-01,3.796354833967094389e-01,1.000000000000000000e+00,9.996809779838784493e-01,7.777777777777777901e-01,2.211500058041926953e-01,-5.089547893337355022e-01
1.000000000000000000e+00,3.619473800875299685e-01,9.547844671135744532e-01,2.861437999644237951e-01,0.000000000000000000e+00,7.777777777777777901e-01,2.519171948614442602e-01,-8.642664161827209313e-01
1.000000000000000000e+00,3.605626265576621359e-01,9.383772569922698148e-01,3.127955047762338014e-01,0.000000000000000000e+00,7.777777777777777901e-01,2.502538795926390058e-01,-8.488651702668352783e-01
9.718623150878341610e-01,3.321784168490298783e-01,3.260053987439318068e-01,1.000000000000000000e+00,1.000000000000000000e+00,7.777777777777777901e-01,2.200759476261698322e-01,-4.898401759408633760e-01
4.879000000000000004e-01,6.468375279201049599e-01,1.000000000000000000e+00,0.000000000000000000e+00,9.999999878247413099e-01,7.777777777777777901e-01,8.125647257273391766e-01,-9.688772851002219744e-01
9.999722439323377454e-01,3.182832316941054951e-01,4.721388917315900158e-01,1.000000000000000000e+00,9.999646147161764809e-01,7.777777777777777901e-01,2.233527582507590925e-01,-5.372317291384435256e-01
9.999999562681048948e-01,3.635376173251820831e-01,9.833002669102904880e-01,3.138111616175806029e-01,0.000000000000000000e+00,7.777777777777777901e-01,2.530845413298842272e-01,-8.746393759982966642e-01
9.999999998107609311e-01,3.310276500637079344e-01,7.093270599830966416e-01,1.000000000000000000e+00,0.000000000000000000e+00,7.777777777777777901e-01,2.286463036699952212e-01,-6.089668698108129385e-01
1.000000000000000000e+00,3.454457337769820668e-01,9.233198519915292168e-01,8.507354232320281096e-01,0.000000000000000000e+00,7.777777777777777901e-01,2.382671291625887977e-01,-7.402743459021134953e-01
1.000000000000000000e+00,3.360308238352468502e-01,7.859430005764126426e-01,1.000000000000000000e+00,0.000000000000000000e+00,7.777777777777777901e-01,2.305846145608273223e-01,-6.422576422379917549e-01
8.216966253974845591e-01,3.888413676090661797e-01,2.679673320974456097e-01,1.000000000000000000e+00,1.000000000000000000e+00,7.777777777777777901e-01,2.186440587955127413e-01,-4.711307407226455468e-01
4.879000000000000004e-01,6.468381730095800197e-01,1.000000000000000000e+00,0.000000000000000000e+00,1.000000000000000000e+00,7.777777777777777901e-01,8.125647263657342911e-01,-9.688772851002219744e-01
4.879463868542057159e-01,6.467863724991730345e-01,1.000000000000000000e+00,1.958878436271785893e-06,9.999387924612923584e-01,7.777777777777777901e-01,8.125349464214570716e-01,-9.688772851002219744e-01
4.879000000000000004e-01,6.468455355539016738e-01,1.000000000000000000e+00,0.000000000000000000e+00,1.000000000000000000e+00,7.777777777777777901e-01,8.125647283726169512e-01,-9.688772851002219744e-01
4.879000000000000004e-01,6.468375279201049599e-01,1.000000000000000000e+00,0.000000000000000000e+00,1.000000000000000000e+00,7.777777777777777901e-01,8.125647259921637833e-01,-9.688772851002219744e-01
4.879000000000000004e-01,6.466493923989027337e-01,1.000000000000000000e+00,0.000000000000000000e+00,1.000000000000000000e+00,7.777777777777777901e-01,8.125632610695470159e-01,-9.688772851002219744e-01
4.879000000000000004e-01,6.468420715788120168e-01,1.000000000000000000e+00,4.154237276360339421e-04,9.999816873705569265e-01,7.777777777777777901e-01,8.125067318561227658e-01,-9.688772851002219744e-01
9.999996411802710705e-01,3.659279162301348198e-01,9.071443019924966267e-01,4.427626046416385797e-02,0.000000000000000000e+00,7.777777777777777901e-01,2.546516056759856594e-01,-8.957381177143672879e-01
1.000000000000000000e+00,3.310733698100836730e-01,5.878896711093335448e-01,1.000000000000000000e+00,0.000000000000000000e+00,7.777777777777777901e-01,2.272982606644962655e-01,-5.646238009114301626e-01
9.999915192842280254e-01,3.624195985220567962e-01,9.579525913924784586e-01,2.212853745310186249e-01,0.000000000000000000e+00,7.777777777777777901e-01,2.538316630400282436e-01,-8.780808324978838231e-01
9.999719093479414456e-01,3.182788813276496431e-01,5.125127989867056533e-01,1.000000000000000000e+00,9.999656667493233009e-01,7.777777777777777901e-01,2.245338751895890050e-01,-5.540495418177218134e-01
8.259823672792953042e-01,3.879310073254180202e-01,2.408836228666145218e-01,9.945968465936501079e-01,1.000000000000000000e+00,7.777777777777777901e-01,2.178364682010230091e-01,-4.635258820652690681e-01
1.000000000000000000e+00,3.488112265154803548e-01,9.757780616447616628e-01,8.499466730302300821e-01,0.000000000000000000e+00,7.777777777777777901e-01,2.406777080653978440e-01,-7.516013896585642673e-01
4.879000000000000004e-01,6.468381718529073732e-01,1.000000000000000000e+00,0.000000000000000000e+00,9.999999877775543888e-01,7.777777777777777901e-01,8.125647260992316934e-01,-9.688772851002219744e-01
4.879000000000000004e-01,6.468122071241261262e-01,1.000000000000000000e+00,4.192497758228652715e-04,9.999999713599404538e-01,7.777777777777777901e-01,8.125066321992882035e-01,-9.688772851002219744e-01
1.000000000000000000e+00,3.537022212516722219e-01,9.749992769910135193e-01,6.617632044166940064e-01,4.092982593730975222e-10,7.777777777777777901e-01,2.445740699425051901e-01,-7.914678247562837443e-01
1.000000000000000000e+00,3.324804774599579016e-01,6.195038088293459699e-01,1.000000000000000000e+00,9.394555421291861386e-03,7.777777777777777901e-01,2.277118590530468611e-01,-5.857868044017054965e-01
4.879339755941785595e-01,6.468481109416240882e-01,1.000000000000000000e+00,0.000000000000000000e+00,9.999805248956504800e-01,7.777777777777777901e-01,8.125436067223339442e-01,-9.688772851002219744e-01
4.879000000000000004e-01,6.468366616306781003e-01,1.000000000000000000e+00,0.000000000000000000e+00,9.999995934380712104e-01,7.777777777777777901e-01,8.125647165976954689e-01,-9.688772851002219744e-01
4.879000000000000004e-01,6.468122197605599144e-01,1.000000000000000000e+00,0.000000000000000000e+00,1.000000000000000000e+00,7.777777777777777901e-01,8.125646862050723840e-01,-9.688772851002219744e-01
4.879000014602714597e-01,6.468105477418025773e-01,1.000000000000000000e+00,0.000000000000000000e+00,1.000000000000000000e+00,7.777777777777777901e-01,8.125646809682729454e-01,-9.688772851002219744e-01
4.879000000000000004e-01,6.468366616306781003e-01,1.000000000000000000e+00,0.000000000000000000e+00,9.999995946306512451e-01,7.777777777777777901e-01,8.125647166236338315e-01,-9.688772851002219744e-01
4.879000000000000004e-01,6.468371092717992710e-01,1.000000000000000000e+00,5.645415040143804712e-06,9.999644087326989839e-01,7.777777777777777901e-01,8.125631695645840757e-01,-9.688772851002219744e-01
9.715770608694627164e-01,3.301171750116826398e-01,4.002591489579978568e-01,1.000000000000000000e+00,9.999922407399731705e-01,7.777777777777777901e-01,2.217276873260582704e-01,-5.171132969526439638e-01
4.879000000000000004e-01,6.510235990626694891e-01,1.000000000000000000e+00,0.000000000000000000e+00,9.999919968568067308e-01,7.777777777777777901e-01,8.118584185606942949e-01,-9.688772851002219744e-01
4.879000000000000004e-01,6.468361837463596498e-01,1.000000000000000000e+00,0.000000000000000000e+00,1.000000000000000000e+00,7.777777777777777901e-01,8.125647251114147540e-01,-9.688772851002219744e-01
4.879000000000000004e-01,6.468102113847113976e-01,1.000000000000000000e+00,4.202929032513317014e-04,9.999999908291407058e-01,7.777777777777777901e-01,8.125064878249352862e-01,-9.688772851002219744e-01
9.610346412657362336e-01,3.334670299935832971e-01,3.537188703346775265e-01,1.000000000000000000e+00,9.999663274585453010e-01,7.777777777777777901e-01,2.204670175929049070e-01,-4.967283021042303015e-01
4.879000014349036407e-01,6.468472243401021116e-01,9.999999999999830136e-01,0.000000000000000000e+00,1.000000000000000000e+00,7.777777777777777901e-01,8.125647273759224465e-01,-9.688772851002219744e-01
4.879000000000000004e-01,6.468356383222488848e-01,1.000000000000000000e+00,0.000000000000000000e+00,9.999999898000049292e-01,7.777777777777777901e-01,8.125647244927542978e-01,-9.688772851002219744e-01
4.920699980353192005e-01,6.466493923989027337e-01,1.000000000000000000e+00,0.000000000000000000e+00,1.000000000000000000e+00,7.777777777777777901e-01,8.092868382744304867e-01,-9.688772851002219744e-01
4.879000000000000004e-01,6.468458017419893569e-01,1.000000000000000000e+00,0.000000000000000000e+00,9.999995315134733165e-01,7.777777777777777901e-01,8.125647181722854828e-01,-9.688772851002219744e-01
4.879000000000000004e-01,6.468360439806096762e-01,1.000000000000000000e+00,0.000000000000000000e+00,1.000000000000000000e+00,7.777777777777777901e-01,8.125647250118976928e-01,-9.688772851002219744e-01
9.999523166995886170e-01,3.553783691291719227e-01,9.073001166376574167e-01,4.605921510854633638e-01,2.219256450589400539e-07,7.777777777777777901e-01,2.453271561899252884e-01,-8.024420931486743180e-01
4.879000000000000004e-01,6.468506813367443931e-01,1.000000000000000000e+00,3.848673247160340092e-04,1.000000000000000000e+00,7.777777777777777901e-01,8.125113502819896194e-01,-9.688772851002219744e-01
4.879000000000000004e-01,6.468383866141721450e-01,1.000000000000000000e+00,0.000000000000000000e+00,9.999999876972351931e-01,7.777777777777777901e-01,8.125647262147999150e-01,-9.688772851002219744e-01
4.879000000000000004e-01,6.468369006731394810e-01,1.000000000000000000e+00,0.000000000000000000e+00,9.999999666637872098e-01,7.777777777777777901e-01,8.125647248733109951e-01,-9.688772851002219744e-01
4.879000000000000004e-01,6.468463242125015444e-01,9.999999999999998890e-01,0.000000000000000000e+00,9.999999827889679560e-01,7.777777777777777901e-01,8.125647279669325762e-01,-9.688772851002219744e-01
4.879000000000000004e-01,6.468461830474701024e-01,9.999999999999995559e-01,0.000000000000000000e+00,9.999999904051879440e-01,7.777777777777777901e-01,8.125647281417538448e-01,-9.688772851002219744e-01
4.879000000000000004e-01,6.468368060907215833e-01,1.000000000000000000e+00,0.000000000000000000e+00,1.000000000000000000e+00,7.777777777777777901e-01,8.125647255363894761e-01,-9.688772851002219744e-01
4.879000000000000004e-01,6.468416410475953393e-01,1.000000000000000000e+00,0.000000000000000000e+00,9.999989170630697588e-01,7.777777777777777901e-01,8.125647042671964027e-01,-9.688772851002219744e-01
4.879000000000000004e-01,6.468168469039858870e-01,1.000000000000000000e+00,0.000000000000000000e+00,1.000000000000000000e+00,7.777777777777777901e-01,8.125646971397786356e-01,-9.688772851002219744e-01
9.639471454128796246e-01,3.308583987348355238e-01,4.017525815457952953e-01,9.999939320313354640e-01,9.999922699746196519e-01,7.777777777777777901e-01,2.216200664573164114e-01,-5.143265097465178348e-01
4.879000014435970756e-01,6.468383826051926633e-01,1.000000000000000000e+00,0.000000000000000000e+00,1.000000000000000000e+00,7.777777777777777901e-01,8.125647256041987898e-01,-9.688772851002219744e-01
4.879000000000000004e-01,6.468375279201049599e-01,1.000000000000000000e+00,0.000000000000000000e+00,9.999999998355084685e-01,7.777777777777777901e-01,8.125647259885859786e-01,-9.688772851002219744e-01
4.879000000000000004e-01,6.468380938070754649e-01,1.000000000000000000e+00,0.000000000000000000e+00,1.000000000000000000e+00,7.777777777777777901e-01,8.125647263215836080e-01,-9.688772851002219744e-01
4.879000000000000004e-01,6.468374503038530898e-01,1.000000000000000000e+00,0.000000000000000000e+00,1.000000000000000000e+00,7.777777777777777901e-01,8.125647259450692328e-01,-9.688772851002219744e-01
4.879000000000000004e-01,6.468374572406194734e-01,1.000000000000000000e+00,0.000000000000000000e+00,9.999999873756024726e-01,7.777777777777777901e-01,8.125647256747046132e-01,-9.688772851002219744e-01
4.879000000000000004e-01,6.468375048026315799e-01,1.000000000000000000e+00,0.000000000000000000e+00,9.999999999608306656e-01,7.777777777777777901e-01,8.125647259773334241e-01,-9.688772851002219744e-01
4.879000000000000004e-01,6.468094510998130264e-01,1.000000000000000000e+00,0.000000000000000000e+00,1.000000000000000000e+00,7.777777777777777901e-01,8.125646788793232655e-01,-9.688772851002219744e-01
4.879000000000000004e-01,6.468130272508246792e-01,1.000000000000000000e+00,0.000000000000000000e+00,9.999999704636364228e-01,7.777777777777777901e-01,8.125646875897443167e-01,-9.688772851002219744e-01
4.879000014270114538e-01,6.468094934420270947e-01,1.000000000000000000e+00,0.000000000000000000e+00,9.999994983382561875e-01,7.777777777777777901e-01,8.125646672398973980e-01,-9.688772851002219744e-01
