8.748823950189973386e-01,3.490683744495594043e-01,3.708005527885408492e-01,1.000000000000000000e+00,1.000000000000000000e+00,2.222222222222222099e-01,2.162569587445438979e-01,-4.509425998753536224e-01
8.820391954869313267e-01,3.482033022078512285e-01,3.094935997191035071e-01,9.926158374238005511e-01,9.998595039526085859e-01,2.222222222222222099e-01,2.150343131206332026e-01,-4.337103853405174791e-01
1.000000000000000000e+00,3.400877146839921816e-01,9.384269478351828786e-01,6.212019921616988016e-01,3.263106049820641693e-07,2.222222222222222099e-01,2.354354021937185015e-01,-7.190686290150564153e-01
1.000000000000000000e+00,3.324254454086225108e-01,9.026199317162195701e-01,7.906602997819176526e-01,0.000000000000000000e+00,2.222222222222222099e-01,2.305996927698392707e-01,-6.719906110342185324e-01
1.000000000000000000e+00,3.228575446758211176e-01,6.570147839158757552e-01,1.000000000000000000e+00,0.000000000000000000e+00,2.222222222222222099e-01,2.208244906941825847e-01,-5.336045992199206500e-01
9.999999941348880483e-01,3.404410784457982397e-01,9.743457230966710014e-01,6.214406158814247405e-01,0.000000000000000000e+00,2.222222222222222099e-01,2.371534131557190561e-01,-7.339377621013021269e-01
1.000000000000000000e+00,3.400818836177526006e-01,9.383713755432846471e-01,6.449119114722284829e-01,0.000000000000000000e+00,2.222222222222222099e-01,2.349575714932371218e-01,-7.168514098386167266e-01
9.999939029858848638e-01,3.582068071593202396e-01,9.801826971189568916e-01,1.014819081005612911e-01,8.548341329014892620e-12,2.222222222222222099e-01,2.498180802830222147e-01,-8.873720735822432371e-01
9.999977805295937605e-01,3.303075132890820331e-01,9.593330851101298240e-01,1.000000000000000000e+00,1.832812229581919097e-07,2.222222222222222099e-01,2.287236158769078431e-01,-6.646311865051751644e-01
1.000000000000000000e+00,3.448369086769914049e-01,9.658272280556878808e-01,4.677274829507495624e-01,1.051866495767777058e-09,2.222222222222222099e-01,2.400494727776201764e-01,-7.660521085303806377e-01
9.999973814056354326e-01,3.556058105944960857e-01,9.811426292535925242e-01,2.430163821912625366e-01,1.532348460062001811e-08,2.222222222222222099e-01,2.461472889753163196e-01,-8.243143042639031748e-01
9.999978610664234102e-01,3.228525243790327237e-01,7.080567991573890607e-01,1.000000000000000000e+00,4.600075827329310427e-10,2.222222222222222099e-01,2.214813595709597960e-01,-5.690883422820849358e-01
9.999940299596203896e-01,3.349263587580714741e-01,9.199890188781481015e-01,7.208603750343149930e-01,4.546264089181448945e-10,2.222222222222222099e-01,2.326578370033643706e-01,-6.914496526889259975e-01
8.947715045702036019e-01,3.461928122463844293e-01,2.617126823360814702e-01,1.000000000000000000e+00,1.000000000000000000e+00,2.222222222222222099e-01,2.145453338834560075e-01,-4.200553691191921679e-01
9.999999978754960939e-01,3.494035761923703909e-01,9.650625261641276875e-01,3.607130302658232424e-01,0.000000000000000000e+00,2.222222222222222099e-01,2.423912506605849226e-01,-8.059166218513841295e-01
1.000000000000000000e+00,3.230620907092684457e-01,7.643611014013261817e-01,1.000000000000000000e+00,0.000000000000000000e+00,2.222222222222222099e-01,2.225711992660747152e-01,-5.792485236409630200e-01
9.999969464115561202e-01,3.574772285854198040e-01,9.267403912720127979e-01,1.392756377721480476e-01,0.000000000000000000e+00,2.222222222222222099e-01,2.454381424458622063e-01,-8.220461327397829976e-01
1.000000000000000000e+00,3.581563320587191068e-01,9.658338794982295195e-01,1.393385434676173706e-01,0.000000000000000000e+00,2.222222222222222099e-01,2.477918046891516846e-01,-8.564989983914443883e-01
1.000000000000000000e+00,3.557890435865226353e-01,9.806610181655568415e-01,3.102883349605409236e-01,1.410295947276198794e-07,2.222222222222222099e-01,2.445532061173725236e-01,-8.153678975583762423e-01
1.000000000000000000e+00,3.452157371218273485e-01,9.657147529292049448e-01,4.067690068684016724e-01,1.048928822827691211e-09,2.222222222222222099e-01,2.415061758846003270e-01,-7.808639476600817142e-01
9.999969952741457613e-01,3.592109824122923789e-01,9.661436252451083284e-01,1.016354733034914859e-01,1.974296005536497253e-08,2.222222222222222099e-01,2.487854904079074281e-01,-8.620379586533445382e-01
9.567492123546136318e-01,3.211668103410976194e-01,4.932328183454143256e-01,1.000000000000000000e+00,1.000000000000000000e+00,2.222222222222222099e-01,2.185889008809754341e-01,-4.868762192771127206e-01
9.999999137564962171e-01,3.301615408014644260e-01,9.301416433561915387e-01,1.000000000000000000e+00,0.000000000000000000e+00,2.222222222222222099e-01,2.275871877740246740e-01,-6.544326364946578822e-01
9.999973800976194038e-01,3.440074961341628712e-01,9.265059614529974619e-01,4.895483273600336194e-01,0.000000000000000000e+00,2.222222222222222099e-01,2.376156527340424485e-01,-7.341506243788956665e-01
9.999970709805483526e-01,3.558240310424889974e-01,9.812489939527081484e-01,2.252268657414417397e-01,0.000000000000000000e+00,2.222222222222222099e-01,2.465997106849426301e-01,-8.367901912836355205e-01
1.000000000000000000e+00,3.447395112477801837e-01,9.787536708795036011e-01,5.819971055067129084e-01,1.052068714987729015e-09,2.222222222222222099e-01,2.381758084183016322e-01,-7.445843814598592791e-01
9.805298748157448285e-01,3.149213016656194908e-01,5.075362808052176211e-01,1.000000000000000000e+00,9.929198797862232029e-01,2.222222222222222099e-01,2.187744144793213052e-01,-4.945082160350559031e-01
8.722691962354651718e-01,3.498295600442262177e-01,3.284916472467731552e-01,1.000000000000000000e+00,1.000000000000000000e+00,2.222222222222222099e-01,2.153141608373961569e-01,-4.404163920447425329e-01
9.986294700871329866e-01,3.116580790049184868e-01,5.614364199408632405e-01,1.000000000000000000e+00,1.000000000000000000e+00,2.222222222222222099e-01,2.201277983003741834e-01,-5.059668707977776902e-01
9.999999274233846158e-01,3.218935288461049482e-01,6.521206773119275768e-01,1.000000000000000000e+00,0.000000000000000000e+00,2.222222222222222099e-01,2.207598404196200459e-01,-5.286612542353694710e-01
9.999978808156313459e-01,3.227691434834806805e-01,6.679316375585870880e-01,1.000000000000000000e+00,4.602005400570511633e-10,2.222222222222222099e-01,2.209351666387800450e-01,-5.475011263584144139e-01
1.000000000000000000e+00,3.393746143730277942e-01,9.596692754801323666e-01,7.208544078955320122e-01,4.409329362502041809e-10,2.222222222222222099e-01,2.343505546464488831e-01,-7.139722646663463346e-01
8.819659982939020981e-01,3.492100342681622172e-01,3.015023312385041176e-01,1.000000000000000000e+00,9.998570289245468645e-01,2.222222222222222099e-01,2.147993154889444867e-01,-4.312437319941985758e-01
8.820584535765457757e-01,3.490510585746264827e-01,3.065418863534517535e-01,1.000000000000000000e+00,9.998573833086648044e-01,2.222222222222222099e-01,2.148897098450132659e-01,-4.313256086068430473e-01
9.798746713038258838e-01,3.149226075489879317e-01,5.435993297630847820e-01,1.000000000000000000e+00,9.998604080940743932e-01,2.222222222222222099e-01,2.197739151762713727e-01,-4.977580242015471890e-01
8.790963598172025772e-01,3.498295600442262177e-01,2.820711985062691607e-01,1.000000000000000000e+00,1.000000000000000000e+00,2.222222222222222099e-01,2.145468210153468891e-01,-4.254722794053651391e-01
1.000000000000000000e+00,3.321063322969247111e-01,9.301416359938685652e-01,8.069624545116793612e-01,0.000000000000000000e+00,2.222222222222222099e-01,2.314387524427872211e-01,-6.777225169832391538e-01
4.879000000000000004e-01,6.128452167624305336e-01,1.000000000000000000e+00,0.000000000000000000e+00,9.999999999999996669e-01,2.222222222222222099e-01,7.638134127582700827e-01,-9.076210774254018787e-01
4.879000000000000004e-01,6.128453626557172074e-01,9.999999999769471071e-01,3.529958149738226710e-10,9.999999999248336824e-01,2.222222222222222099e-01,7.638134126713151950e-01,-9.076210774254018787e-01
8.820588955137322884e-01,3.490713105946131045e-01,2.917065672445665614e-01,1.000000000000000000e+00,1.000000000000000000e+00,2.222222222222222099e-01,2.146412251377358693e-01,-4.267549557361990931e-01
1.000000000000000000e+00,3.270870014672409565e-01,8.854120203704791692e-01,1.000000000000000000e+00,0.000000000000000000e+00,2.222222222222222099e-01,2.259999610141572579e-01,-6.389561778629319067e-01
4.879000000000000004e-01,6.128462080676887469e-01,1.000000000000000000e+00,3.694923787868680669e-10,9.999999999149048469e-01,2.222222222222222099e-01,7.638134124787714363e-01,-9.076210774254018787e-01
9.572236798268670688e-01,3.219279466070879003e-01,4.108971830839203698e-01,1.000000000000000000e+00,1.000000000000000000e+00,2.222222222222222099e-01,2.167827136273407784e-01,-4.595859079051167195e-01
9.986096909985682224e-01,3.106343169917712976e-01,4.685746023500547142e-01,1.000000000000000000e+00,1.000000000000000000e+00,2.222222222222222099e-01,2.175869972707468181e-01,-4.841210783244009885e-01
1.000000000000000000e+00,3.229539227138768509e-01,7.853556148049875008e-01,1.000000000000000000e+00,0.000000000000000000e+00,2.222222222222222099e-01,2.230789454665457194e-01,-5.979632830938134136e-01
1.000000000000000000e+00,3.210751391047707570e-01,6.065515917652368749e-01,1.000000000000000000e+00,0.000000000000000000e+00,2.222222222222222099e-01,2.205042567552240595e-01,-5.188688227960736032e-01
4.879000000042713614e-01,6.128449926974357531e-01,1.000000000000000000e+00,0.000000000000000000e+00,9.999999999999791278e-01,2.222222222222222099e-01,7.638134127959952391e-01,-9.076210774254018787e-01
4.879000000000000004e-01,6.128450803348302056e-01,9.999999999999998890e-01,0.000000000000000000e+00,9.999999999997339906e-01,2.222222222222222099e-01,7.638134127831708309e-01,-9.076210774254018787e-01
9.572236798268670688e-01,3.230613578395779006e-01,4.059865863909246642e-01,1.000000000000000000e+00,1.000000000000000000e+00,2.222222222222222099e-01,2.167372795861823298e-01,-4.591182690737944938e-01
4.879000000000706661e-01,6.128450826953444341e-01,9.999999999999731326e-01,0.000000000000000000e+00,1.000000000000000000e+00,2.222222222222222099e-01,7.638134127827047593e-01,-9.076210774254018787e-01
9.999999246643641593e-01,3.589234978043899793e-01,9.855219076681275281e-01,1.396921324667088071e-01,2.792285446415368597e-12,2.222222222222222099e-01,2.490950583795496498e-01,-8.646189843957161614e-01
1.000000000000000000e+00,3.230615250294817109e-01,7.562295314363847165e-01,1.000000000000000000e+00,3.593236329069455601e-09,2.222222222222222099e-01,2.223907102132020308e-01,-5.775792674369747415e-01
9.999999991865238247e-01,3.320592014134976511e-01,9.026164473767575025e-01,8.144808808049018856e-01,0.000000000000000000e+00,2.222222222222222099e-01,2.301371714980728345e-01,-6.658823915242945146e-01
9.999999276623634525e-01,3.218537525975689872e-01,5.863158059731775618e-01,9.999999450401075851e-01,0.000000000000000000e+00,2.222222222222222099e-01,2.204748817021028873e-01,-5.142734901408742010e-01
8.830382873372536467e-01,3.460090076731708875e-01,3.478305568249240864e-01,1.000000000000000000e+00,1.000000000000000000e+00,2.222222222222222099e-01,2.156499717021859996e-01,-4.426665652371073456e-01
4.879000000000029980e-01,6.128449955182919684e-01,1.000000000000000000e+00,0.000000000000000000e+00,1.000000000000000000e+00,2.222222222222222099e-01,7.638134127978406518e-01,-9.076210774254018787e-01
8.824006160804350740e-01,3.517346783341805949e-01,2.358843995941997118e-01,1.000000000000000000e+00,1.000000000000000000e+00,2.222222222222222099e-01,2.142152336161282089e-01,-4.150012165831860056e-01
4.879000000000000004e-01,6.128452192046275337e-01,1.000000000000000000e+00,9.848045663760435590e-15,1.000000000000000000e+00,2.222222222222222099e-01,7.638134127578082300e-01,-9.076210774254018787e-01
4.879000000000000004e-01,6.128448539263936512e-01,1.000000000000000000e+00,6.725149351298168997e-12,9.999999999999791278e-01,2.222222222222222099e-01,7.638134128200417816e-01,-9.076210774254018787e-01
1.000000000000000000e+00,3.227560755390110336e-01,7.023623383622648042e-01,1.000000000000000000e+00,0.000000000000000000e+00,2.222222222222222099e-01,2.213902023141685049e-01,-5.588653964983728573e-01
1.000000000000000000e+00,3.322245105625284411e-01,9.185813059744731834e-01,7.966188347020509708e-01,0.000000000000000000e+00,2.222222222222222099e-01,2.311454149620603138e-01,-6.727000312322171105e-01
9.999941189369507821e-01,3.447737586844404900e-01,9.589862704596878729e-01,4.873309071511295887e-01,1.090397258438193537e-09,2.222222222222222099e-01,2.392407411807921935e-01,-7.583876382226809598e-01
9.579976175027248297e-01,3.219279466070879003e-01,4.242925734259368475e-01,1.000000000000000000e+00,1.000000000000000000e+00,2.222222222222222099e-01,2.170051660920533920e-01,-4.624592057716822580e-01
4.879000000043044460e-01,6.128449981949370962e-01,1.000000000000000000e+00,3.435428879830965191e-14,1.000000000000000000e+00,2.222222222222222099e-01,7.638134127950420016e-01,-9.076210774254018787e-01
9.999941617233844005e-01,3.397714604604537558e-01,9.845450789616633225e-01,7.198256396269310242e-01,0.000000000000000000e+00,2.222222222222222099e-01,2.355000983490982136e-01,-7.234179512257556954e-01
4.879000000000000004e-01,6.128452367706835879e-01,1.000000000000000000e+00,3.420894104834543040e-16,9.999999999123029282e-01,2.222222222222222099e-01,7.638134127538331875e-01,-9.076210774254018787e-01
4.879000000001474380e-01,6.128452075926184017e-01,1.000000000000000000e+00,0.000000000000000000e+00,1.000000000000000000e+00,2.222222222222222099e-01,7.638134127599141010e-01,-9.076210774254018787e-01
1.000000000000000000e+00,3.397755301140781281e-01,9.602084080789474729e-01,6.599022727089315365e-01,0.000000000000000000e+00,2.222222222222222099e-01,2.356298741544680941e-01,-7.313237780434936885e-01
4.879000000000000004e-01,6.128452795268023445e-01,1.000000000000000000e+00,0.000000000000000000e+00,9.999999999999688027e-01,2.222222222222222099e-01,7.638134127462716805e-01,-9.076210774254018787e-01
4.879000000043044460e-01,6.128449951642841453e-01,9.999999999998362421e-01,3.441618935856331208e-14,1.000000000000000000e+00,2.222222222222222099e-01,7.638134127954796515e-01,-9.076210774254018787e-01
4.879000000000000004e-01,6.128452927736787181e-01,9.999999999998564482e-01,0.000000000000000000e+00,9.999999999969487741e-01,2.222222222222222099e-01,7.638134127436069232e-01,-9.076210774254018787e-01
4.879000000000053294e-01,6.128450763288155745e-01,9.999999999999725775e-01,0.000000000000000000e+00,1.000000000000000000e+00,2.222222222222222099e-01,7.638134127838638321e-01,-9.076210774254018787e-01
4.879000000043044460e-01,6.128450278112983485e-01,1.000000000000000000e+00,1.054004137951714192e-15,9.999999999999996669e-01,2.222222222222222099e-01,7.638134127899882664e-01,-9.076210774254018787e-01
1.000000000000000000e+00,3.393847932157842973e-01,9.378686217295054695e-01,7.197128312298604058e-01,4.409263534325733817e-10,2.222222222222222099e-01,2.334755921344401075e-01,-7.029652514366310223e-01
4.879000000006341042e-01,6.128451366198166550e-01,1.000000000000000000e+00,6.627325554147451734e-12,9.999999999993938182e-01,2.222222222222222099e-01,7.638134127718565480e-01,-9.076210774254018787e-01
4.879000000000321968e-01,6.128452945575388888e-01,9.999999999999731326e-01,0.000000000000000000e+00,1.000000000000000000e+00,2.222222222222222099e-01,7.638134127433180431e-01,-9.076210774254018787e-01
4.879000000000000004e-01,6.128452076885103628e-01,1.000000000000000000e+00,4.627564629589303019e-12,1.000000000000000000e+00,2.222222222222222099e-01,7.638134127593563250e-01,-9.076210774254018787e-01
4.879000000043757224e-01,6.128449995636446879e-01,9.999999999998460121e-01,3.441618935856331208e-14,1.000000000000000000e+00,2.222222222222222099e-01,7.638134127947000529e-01,-9.076210774254018787e-01
4.879000000000013881e-01,6.128451358478228528e-01,1.000000000000000000e+00,4.542382630455395260e-12,1.000000000000000000e+00,2.222222222222222099e-01,7.638134127726250444e-01,-9.076210774254018787e-01
1.000000000000000000e+00,3.213440843868402008e-01,6.194717886245543204e-01,1.000000000000000000e+00,0.000000000000000000e+00,2.222222222222222099e-01,2.205407674883473890e-01,-5.236009572164244119e-01
4.879000000000000004e-01,6.128450131084420827e-01,1.000000000000000000e+00,1.111657241626949992e-15,1.000000000000000000e+00,2.222222222222222099e-01,7.638134127948510432e-01,-9.076210774254018787e-01
4.879000000000373038e-01,6.128465505199119923e-01,1.000000000000000000e+00,3.436307671237690352e-12,1.000000000000000000e+00,2.222222222222222099e-01,7.638134124294264637e-01,-9.076210774254018787e-01
4.879000000000000004e-01,6.128452912218292914e-01,9.999999999967875697e-01,9.209822743731827735e-18,1.000000000000000000e+00,2.222222222222222099e-01,7.638134127425102449e-01,-9.076210774254018787e-01
4.879000000000000004e-01,6.128452079756634419e-01,1.000000000000000000e+00,1.096372728031175547e-12,9.999999999999660272e-01,2.222222222222222099e-01,7.638134127597753231e-01,-9.076210774254018787e-01
9.999999067620349846e-01,3.356486689834887183e-01,9.665487963605332578e-01,8.485603397881597010e-01,2.240199916693119199e-11,2.222222222222222099e-01,2.320364331008658021e-01,-6.892128210504300245e-01
9.805298748157448285e-01,3.145961882733158688e-01,4.479436895415888076e-01,1.000000000000000000e+00,9.928020498582912357e-01,2.222222222222222099e-01,2.174580815215059471e-01,-4.635288728752312570e-01
4.879000000000029424e-01,6.128452056625406374e-01,9.999999999999982236e-01,0.000000000000000000e+00,1.000000000000000000e+00,2.222222222222222099e-01,7.638134127603539714e-01,-9.076210774254018787e-01
4.879000000000000004e-01,6.128452797392689444e-01,1.000000000000000000e+00,0.000000000000000000e+00,9.999999999999993339e-01,2.222222222222222099e-01,7.638134127462308243e-01,-9.076210774254018787e-01
4.879000000000054404e-01,6.128450763176177540e-01,1.000000000000000000e+00,0.000000000000000000e+00,9.999999999999966693e-01,2.222222222222222099e-01,7.638134127838784870e-01,-9.076210774254018787e-01
4.879000000000012771e-01,6.128452074775091463e-01,1.000000000000000000e+00,4.390407695966452415e-12,1.000000000000000000e+00,2.222222222222222099e-01,7.638134127594269351e-01,-9.076210774254018787e-01
4.879000000000053294e-01,6.128450724135926508e-01,9.999999999999735767e-01,0.000000000000000000e+00,9.999999999999993339e-01,2.222222222222222099e-01,7.638134127845539467e-01,-9.076210774254018787e-01
4.879000000000000004e-01,6.128450112303862607e-01,1.000000000000000000e+00,1.105095812132038508e-15,9.999999999999993339e-01,2.222222222222222099e-01,7.638134127951714536e-01,-9.076210774254018787e-01
4.879000000000000004e-01,6.128452837851910973e-01,1.000000000000000000e+00,0.000000000000000000e+00,1.000000000000000000e+00,2.222222222222222099e-01,7.638134127454456745e-01,-9.076210774254018787e-01
4.879000000000000004e-01,6.128450018471810479e-01,1.000000000000000000e+00,3.187727345625368769e-14,1.000000000000000000e+00,2.222222222222222099e-01,7.638134127967648457e-01,-9.076210774254018787e-01
4.879000000000208170e-01,6.128450177371094210e-01,9.999999999999138467e-01,1.533379994249723104e-11,1.000000000000000000e+00,2.222222222222222099e-01,7.638134127919538052e-01,-9.076210774254018787e-01
9.999999838430128074e-01,3.281905121412404536e-01,8.464941235845078182e-01,1.000000000000000000e+00,0.000000000000000000e+00,2.222222222222222099e-01,2.248238016486643620e-01,-6.220021037463044911e-01
4.879000000000000004e-01,6.128450112303862607e-01,1.000000000000000000e+00,1.107139757225968383e-15,1.000000000000000000e+00,2.222222222222222099e-01,7.638134127951714536e-01,-9.076210774254018787e-01
1.000000000000000000e+00,3.637619942772433723e-01,9.771798533035693790e-01,3.802179490856450253e-03,0.000000000000000000e+00,2.222222222222222099e-01,2.522236887544927475e-01,-9.076210774254018787e-01
4.879000000000000004e-01,6.128307328873311421e-01,9.976186346190720755e-01,0.000000000000000000e+00,0.000000000000000000e+00,2.222222222222222099e-01,6.441686984273258254e-01,-9.076210774254018787e-01
4.879000000000214832e-01,6.128450172423879350e-01,9.999999999999134026e-01,1.504949894862095324e-11,1.000000000000000000e+00,2.222222222222222099e-01,7.638134127920757077e-01,-9.076210774254018787e-01
