5.000000000000000000e+02,4.498367999999999811e-01
1.000000000000000000e+03,4.614662999999999959e-01
1.500000000000000000e+03,4.631108999999999920e-01
2.000000000000000000e+03,4.914085999999999732e-01
2.500000000000000000e+03,4.928469999999999795e-01
3.000000000000000000e+03,4.944163999999999781e-01
3.500000000000000000e+03,4.947912999999999895e-01
4.000000000000000000e+03,4.963944000000000134e-01
4.500000000000000000e+03,5.085750999999999467e-01
5.000000000000000000e+03,5.163936999999999555e-01
5.500000000000000000e+03,5.166290999999999523e-01
6.000000000000000000e+03,5.166357999999999784e-01
6.500000000000000000e+03,5.169280000000000541e-01
7.000000000000000000e+03,5.196317000000000297e-01
7.500000000000000000e+03,5.672479000000000271e-01
8.000000000000000000e+03,5.694784999999999986e-01
8.500000000000000000e+03,5.694894999999999818e-01
9.000000000000000000e+03,5.695213999999999555e-01
9.500000000000000000e+03,5.695263999999999882e-01
1.000000000000000000e+04,5.701863999999999821e-01
1.050000000000000000e+04,5.702032000000000211e-01
1.100000000000000000e+04,5.702549000000000090e-01
1.150000000000000000e+04,5.713424000000000280e-01
1.200000000000000000e+04,5.878014000000000294e-01
1.250000000000000000e+04,5.878472999999999615e-01
1.300000000000000000e+04,5.880317999999999934e-01
1.350000000000000000e+04,5.881121000000000265e-01
1.400000000000000000e+04,5.883336999999999595e-01
1.450000000000000000e+04,5.913116000000000483e-01
1.500000000000000000e+04,5.913412999999999586e-01
1.550000000000000000e+04,5.913855999999999558e-01
1.600000000000000000e+04,5.913874999999999549e-01
1.650000000000000000e+04,5.933734000000000508e-01
1.700000000000000000e+04,5.934002999999999917e-01
1.750000000000000000e+04,5.897362000000000437e-01
1.800000000000000000e+04,5.897428000000000115e-01
1.850000000000000000e+04,5.897949999999999582e-01
1.900000000000000000e+04,5.901334999999999775e-01
1.950000000000000000e+04,5.902028000000000274e-01
2.000000000000000000e+04,5.902872000000000119e-01
2.050000000000000000e+04,5.902872000000000119e-01
2.100000000000000000e+04,5.902910999999999575e-01
2.150000000000000000e+04,5.903407999999999989e-01
2.200000000000000000e+04,5.905108999999999497e-01
2.250000000000000000e+04,5.905126000000000541e-01
2.300000000000000000e+04,5.905126000000000541e-01
2.350000000000000000e+04,5.947643999999999709e-01
2.400000000000000000e+04,5.948301000000000283e-01
2.450000000000000000e+04,5.948442000000000451e-01
2.500000000000000000e+04,5.948478000000000376e-01
2.550000000000000000e+04,5.951663000000000370e-01
2.600000000000000000e+04,5.952001999999999571e-01
2.650000000000000000e+04,5.952330999999999595e-01
2.700000000000000000e+04,5.952363999999999988e-01
2.750000000000000000e+04,5.952364999999999462e-01
2.800000000000000000e+04,5.952368999999999577e-01
2.850000000000000000e+04,5.952465000000000117e-01
2.900000000000000000e+04,5.953216000000000063e-01
2.950000000000000000e+04,5.953515000000000335e-01
3.000000000000000000e+04,5.953791999999999973e-01
3.050000000000000000e+04,5.954468000000000538e-01
3.100000000000000000e+04,5.954639000000000459e-01
3.150000000000000000e+04,5.954690999999999734e-01
3.200000000000000000e+04,5.955880000000000063e-01
3.250000000000000000e+04,5.955907000000000284e-01
3.300000000000000000e+04,5.955951999999999913e-01
3.350000000000000000e+04,5.956072000000000033e-01
3.400000000000000000e+04,5.956162000000000400e-01
3.450000000000000000e+04,5.958596999999999921e-01
3.500000000000000000e+04,5.961438999999999488e-01
3.550000000000000000e+04,5.961792999999999676e-01
3.600000000000000000e+04,5.961908000000000207e-01
3.650000000000000000e+04,5.962672999999999446e-01
3.700000000000000000e+04,5.965325999999999684e-01
3.750000000000000000e+04,5.969714000000000409e-01
3.800000000000000000e+04,5.969784000000000201e-01
3.850000000000000000e+04,5.969847000000000348e-01
3.900000000000000000e+04,5.971035999999999566e-01
3.950000000000000000e+04,5.971087999999999951e-01
4.000000000000000000e+04,5.971115000000000173e-01
4.050000000000000000e+04,5.971123000000000403e-01
4.100000000000000000e+04,5.971125999999999934e-01
4.150000000000000000e+04,5.972195000000000142e-01
4.200000000000000000e+04,5.971286000000000094e-01
4.250000000000000000e+04,5.971513000000000515e-01
4.300000000000000000e+04,5.971611000000000002e-01
4.350000000000000000e+04,5.971689000000000025e-01
4.400000000000000000e+04,5.971726000000000534e-01
4.450000000000000000e+04,5.971743999999999941e-01
4.500000000000000000e+04,5.971853999999999774e-01
4.550000000000000000e+04,5.972102000000000244e-01
4.600000000000000000e+04,5.972132999999999470e-01
4.650000000000000000e+04,5.972180999999999740e-01
4.700000000000000000e+04,5.972182999999999797e-01
4.750000000000000000e+04,5.972207999999999961e-01
4.800000000000000000e+04,5.973041999999999518e-01
4.850000000000000000e+04,5.973053999999999863e-01
4.900000000000000000e+04,5.973057000000000505e-01
4.950000000000000000e+04,5.973072000000000381e-01
5.000000000000000000e+04,5.973104000000000191e-01
5.050000000000000000e+04,5.973117999999999483e-01
5.100000000000000000e+04,5.973119000000000067e-01
5.150000000000000000e+04,5.975219000000000502e-01
5.200000000000000000e+04,5.975232999999999794e-01
5.250000000000000000e+04,5.975245999999999613e-01
5.300000000000000000e+04,5.975245999999999613e-01
5.350000000000000000e+04,5.975323000000000162e-01
5.400000000000000000e+04,5.975333999999999923e-01
5.450000000000000000e+04,5.975342000000000153e-01
5.500000000000000000e+04,5.977706000000000408e-01
5.550000000000000000e+04,5.973907999999999996e-01
5.600000000000000000e+04,5.973914000000000168e-01
5.650000000000000000e+04,5.973939000000000332e-01
5.700000000000000000e+04,5.974034999999999762e-01
5.750000000000000000e+04,5.974049000000000165e-01
5.800000000000000000e+04,5.974051999999999696e-01
5.850000000000000000e+04,5.974053999999999753e-01
5.900000000000000000e+04,5.974070999999999687e-01
5.950000000000000000e+04,5.974072999999999745e-01
6.000000000000000000e+04,5.974087999999999621e-01
