5.000000000000000000e+02,2.803646000000000194e-01
1.000000000000000000e+03,3.331420999999999966e-01
1.500000000000000000e+03,3.336155000000000093e-01
2.000000000000000000e+03,3.339908999999999795e-01
2.500000000000000000e+03,3.344894999999999952e-01
3.000000000000000000e+03,3.344381000000000159e-01
3.500000000000000000e+03,3.353011000000000186e-01
4.000000000000000000e+03,3.356457999999999942e-01
4.500000000000000000e+03,3.357739000000000140e-01
5.000000000000000000e+03,3.358021999999999951e-01
5.500000000000000000e+03,3.365776999999999797e-01
6.000000000000000000e+03,3.366602000000000205e-01
6.500000000000000000e+03,3.367865999999999915e-01
7.000000000000000000e+03,3.368702000000000085e-01
7.500000000000000000e+03,3.370545999999999820e-01
8.000000000000000000e+03,3.371463000000000099e-01
8.500000000000000000e+03,3.372376000000000262e-01
9.000000000000000000e+03,3.374044999999999961e-01
9.500000000000000000e+03,3.380668000000000006e-01
1.000000000000000000e+04,3.387055999999999956e-01
1.050000000000000000e+04,3.387216000000000116e-01
1.100000000000000000e+04,3.387512999999999774e-01
1.150000000000000000e+04,3.388109999999999733e-01
1.200000000000000000e+04,3.391198000000000268e-01
1.250000000000000000e+04,3.391947000000000156e-01
1.300000000000000000e+04,3.393800000000000150e-01
1.350000000000000000e+04,3.398412000000000099e-01
1.400000000000000000e+04,3.398597999999999897e-01
1.450000000000000000e+04,3.399164000000000074e-01
1.500000000000000000e+04,3.399700999999999973e-01
1.550000000000000000e+04,3.400424000000000224e-01
1.600000000000000000e+04,3.400550999999999990e-01
1.650000000000000000e+04,3.400564999999999838e-01
1.700000000000000000e+04,3.400572000000000039e-01
1.750000000000000000e+04,3.404964999999999797e-01
1.800000000000000000e+04,3.405413999999999941e-01
1.850000000000000000e+04,3.405455000000000010e-01
1.900000000000000000e+04,3.405475000000000030e-01
1.950000000000000000e+04,3.405497000000000107e-01
2.000000000000000000e+04,3.405601999999999796e-01
2.050000000000000000e+04,3.405671000000000115e-01
2.100000000000000000e+04,3.405761999999999956e-01
2.150000000000000000e+04,3.405790000000000206e-01
2.200000000000000000e+04,3.405828000000000189e-01
2.250000000000000000e+04,3.405963000000000185e-01
2.300000000000000000e+04,3.405999000000000110e-01
2.350000000000000000e+04,3.406045999999999796e-01
2.400000000000000000e+04,3.406616000000000088e-01
2.450000000000000000e+04,3.406797999999999771e-01
2.500000000000000000e+04,3.406807000000000030e-01
2.550000000000000000e+04,3.406848000000000098e-01
2.600000000000000000e+04,3.406874999999999765e-01
2.650000000000000000e+04,3.406885000000000052e-01
2.700000000000000000e+04,3.407012999999999847e-01
2.750000000000000000e+04,3.407051999999999858e-01
2.800000000000000000e+04,3.407081000000000137e-01
2.850000000000000000e+04,3.407250000000000001e-01
2.900000000000000000e+04,3.407301999999999831e-01
2.950000000000000000e+04,3.407305999999999946e-01
3.000000000000000000e+04,3.407313000000000147e-01
3.050000000000000000e+04,3.407332000000000138e-01
3.100000000000000000e+04,3.407340999999999842e-01
3.150000000000000000e+04,3.407372000000000178e-01
3.200000000000000000e+04,3.407406000000000046e-01
3.250000000000000000e+04,3.407407000000000075e-01
3.300000000000000000e+04,3.407410000000000161e-01
3.350000000000000000e+04,3.407412000000000218e-01
3.400000000000000000e+04,3.407425000000000037e-01
3.450000000000000000e+04,3.407425000000000037e-01
3.500000000000000000e+04,3.407449000000000172e-01
3.550000000000000000e+04,3.407492999999999772e-01
3.600000000000000000e+04,3.407496999999999887e-01
3.650000000000000000e+04,3.407506000000000146e-01
3.700000000000000000e+04,3.407518999999999965e-01
3.750000000000000000e+04,3.407526000000000166e-01
3.800000000000000000e+04,3.407541000000000042e-01
3.850000000000000000e+04,3.407556999999999947e-01
3.900000000000000000e+04,3.407571999999999823e-01
3.950000000000000000e+04,3.407573999999999881e-01
4.000000000000000000e+04,3.407575999999999938e-01
4.050000000000000000e+04,3.407579000000000025e-01
4.100000000000000000e+04,3.407581000000000082e-01
4.150000000000000000e+04,3.407626000000000266e-01
4.200000000000000000e+04,3.407649999999999846e-01
4.250000000000000000e+04,3.407727999999999868e-01
4.300000000000000000e+04,3.407737000000000127e-01
4.350000000000000000e+04,3.407769999999999966e-01
4.400000000000000000e+04,3.407769999999999966e-01
4.450000000000000000e+04,3.407774000000000081e-01
4.500000000000000000e+04,3.407774000000000081e-01
4.550000000000000000e+04,3.407795000000000130e-01
4.600000000000000000e+04,3.407802999999999805e-01
4.650000000000000000e+04,3.407838000000000256e-01
4.700000000000000000e+04,3.407888000000000028e-01
4.750000000000000000e+04,3.407896999999999732e-01
4.800000000000000000e+04,3.407905999999999991e-01
4.850000000000000000e+04,3.407908000000000048e-01
4.900000000000000000e+04,3.407914000000000221e-01
4.950000000000000000e+04,3.407921999999999896e-01
5.000000000000000000e+04,3.407921999999999896e-01
5.050000000000000000e+04,3.407933000000000212e-01
5.100000000000000000e+04,3.407936999999999772e-01
5.150000000000000000e+04,3.408004000000000033e-01
5.200000000000000000e+04,3.408015999999999823e-01
5.250000000000000000e+04,3.408036999999999872e-01
5.300000000000000000e+04,3.408038999999999930e-01
5.350000000000000000e+04,3.408043000000000045e-01
5.400000000000000000e+04,3.408056999999999892e-01
5.450000000000000000e+04,3.408065000000000122e-01
5.500000000000000000e+04,3.408065000000000122e-01
5.550000000000000000e+04,3.408066000000000151e-01
5.600000000000000000e+04,3.408067000000000180e-01
5.650000000000000000e+04,3.408069000000000237e-01
5.700000000000000000e+04,3.408069000000000237e-01
5.750000000000000000e+04,3.408070000000000266e-01
5.800000000000000000e+04,3.408094999999999875e-01
5.850000000000000000e+04,3.408109999999999751e-01
5.900000000000000000e+04,3.408109999999999751e-01
5.950000000000000000e+04,3.408113999999999866e-01
6.000000000000000000e+04,3.408115999999999923e-01
