9.999999975674117580e-01,3.267244508333307929e-01,8.299537146613202854e-01,9.999933342549739423e-01,1.011763397124518555e-05,3.333333333333333148e-01,2.259589766314598347e-01,-6.156478301060984704e-01
1.000000000000000000e+00,3.526256375081406880e-01,9.605146442360508185e-01,3.819562792502564363e-01,7.666912470310694372e-04,3.333333333333333148e-01,2.435299816458428024e-01,-8.000625122541572543e-01
1.000000000000000000e+00,3.564136859861284923e-01,9.604265576588801867e-01,2.706896466557451308e-01,1.286932125440407197e-05,3.333333333333333148e-01,2.460849686320004670e-01,-8.208218275985239565e-01
9.999999996155209958e-01,3.370712276638144766e-01,9.670685966334886530e-01,8.544553848414190300e-01,1.282331234936650556e-05,3.333333333333333148e-01,2.337464541313919453e-01,-7.043358960639691801e-01
1.000000000000000000e+00,3.669453334935667832e-01,9.772300868646152106e-01,1.289437897903207564e-02,0.000000000000000000e+00,3.333333333333333148e-01,2.538720719183104046e-01,-9.076210774254018787e-01
1.000000000000000000e+00,3.453088195498326129e-01,9.099830031600351088e-01,5.653143891255401066e-01,0.000000000000000000e+00,3.333333333333333148e-01,2.371965251213235537e-01,-7.225492573890462955e-01
9.999999999999995559e-01,3.398967387746467117e-01,9.591713722458161673e-01,6.581324077258586813e-01,7.695061694382123227e-07,3.333333333333333148e-01,2.375128067949278943e-01,-7.527106912122994986e-01
1.000000000000000000e+00,3.480029698964731688e-01,9.188503249300770115e-01,4.174230446451627774e-01,1.184221561691616332e-05,3.333333333333333148e-01,2.405269252271588776e-01,-7.576136881071388052e-01
4.879000000000000004e-01,6.196538836122357230e-01,1.000000000000000000e+00,5.879142225228423246e-22,1.000000000000000000e+00,3.333333333333333148e-01,7.735571307672008956e-01,-9.076210774254018787e-01
4.879000000000000004e-01,6.196533646507882409e-01,1.000000000000000000e+00,9.947085672669485919e-24,1.000000000000000000e+00,3.333333333333333148e-01,7.735571307782469486e-01,-9.076210774254018787e-01
1.000000000000000000e+00,3.511469628079628702e-01,8.628468756859508648e-01,2.174748438451623023e-01,2.216243154517604411e-05,3.333333333333333148e-01,2.418798691750203567e-01,-8.000129836917684312e-01
1.000000000000000000e+00,3.595055932669191101e-01,9.660623863065221917e-01,1.403338760744931857e-01,2.312223804853220376e-05,3.333333333333333148e-01,2.496529658602252011e-01,-8.564989983914443883e-01
9.999999998520006095e-01,3.244588485877230588e-01,7.528939955552499397e-01,9.999935372457513516e-01,1.127497670754012659e-05,3.333333333333333148e-01,2.239629744862920990e-01,-5.836557347255381112e-01
9.999999998572357551e-01,3.467660018246341291e-01,9.481112863091467613e-01,5.354909097157796172e-01,1.128438419539848608e-05,3.333333333333333148e-01,2.394867963702569380e-01,-7.543954248504827209e-01
4.879000000000000004e-01,6.196533044712922988e-01,1.000000000000000000e+00,0.000000000000000000e+00,1.000000000000000000e+00,3.333333333333333148e-01,7.735571307780497730e-01,-9.076210774254018787e-01
9.999999999988486987e-01,3.467816886460700632e-01,9.611216910753431764e-01,4.629364746357823024e-01,0.000000000000000000e+00,3.333333333333333148e-01,2.417336783266300915e-01,-7.840154207357848959e-01
1.000000000000000000e+00,3.240718941586966939e-01,6.158489967305706969e-01,1.000000000000000000e+00,4.432068746654345881e-07,3.333333333333333148e-01,2.220911176741803550e-01,-5.364860352854223802e-01
9.999999999960894614e-01,3.482523459490535211e-01,9.645061904707481482e-01,5.382026079757054049e-01,1.267872374220540399e-05,3.333333333333333148e-01,2.402580930906643431e-01,-7.559237303487601478e-01
4.879000000000000004e-01,6.196533668843173803e-01,1.000000000000000000e+00,1.021010549062827028e-23,1.000000000000000000e+00,3.333333333333333148e-01,7.735571307782482808e-01,-9.076210774254018787e-01
1.000000000000000000e+00,3.332500724177707152e-01,9.556989759724376921e-01,1.000000000000000000e+00,0.000000000000000000e+00,3.333333333333333148e-01,2.303560227939353278e-01,-6.738995840334657261e-01
9.999999999998604450e-01,3.310191985865641451e-01,9.152111249472000276e-01,8.642519101027409389e-01,2.009481303873794563e-05,3.333333333333333148e-01,2.315849238104567831e-01,-6.812273452067629798e-01
1.000000000000000000e+00,3.240481883966798704e-01,5.892219838039134405e-01,1.000000000000000000e+00,0.000000000000000000e+00,3.333333333333333148e-01,2.220317231753533016e-01,-5.211868572552512680e-01
4.879000000000000004e-01,6.196496879380892775e-01,9.999999999999443778e-01,0.000000000000000000e+00,1.000000000000000000e+00,3.333333333333333148e-01,7.735571302023822593e-01,-9.076210774254018787e-01
1.000000000000000000e+00,3.282077426872191395e-01,8.555414099859504073e-01,1.000000000000000000e+00,2.043008937076573096e-05,3.333333333333333148e-01,2.267405373661677825e-01,-6.289567684026853289e-01
1.000000000000000000e+00,3.294321140918529678e-01,8.977711237837123770e-01,9.723334581055209647e-01,2.043008937076573096e-05,3.333333333333333148e-01,2.287221286800472653e-01,-6.568801300367743679e-01
1.000000000000000000e+00,3.595389160481637925e-01,9.660620845990934846e-01,1.004645443346046940e-01,2.274296226280868384e-05,3.333333333333333148e-01,2.507453517656362263e-01,-8.873478600204930400e-01
9.999999735250705291e-01,3.250528635400594668e-01,7.605946256996265475e-01,1.000000000000000000e+00,0.000000000000000000e+00,3.333333333333333148e-01,2.241297580005672530e-01,-5.937675254414734871e-01
1.000000000000000000e+00,3.308884844748095633e-01,9.327111887852703731e-01,1.000000000000000000e+00,0.000000000000000000e+00,3.333333333333333148e-01,2.294749942587668845e-01,-6.609354831168607891e-01
9.999999999877747792e-01,3.241239846314188378e-01,7.245766578527320645e-01,9.999936093837513695e-01,0.000000000000000000e+00,3.333333333333333148e-01,2.233817722751554880e-01,-5.805377724198789169e-01
1.000000000000000000e+00,3.396034256524841366e-01,9.389192252750383494e-01,6.411895794437693086e-01,0.000000000000000000e+00,3.333333333333333148e-01,2.368858405634730602e-01,-7.193693596422053860e-01
4.879000000000000004e-01,6.196531311246091800e-01,1.000000000000000000e+00,0.000000000000000000e+00,1.000000000000000000e+00,3.333333333333333148e-01,7.735571307757660442e-01,-9.076210774254018787e-01
9.999999999996482813e-01,3.565893883611602755e-01,9.808022834554463998e-01,3.104191499575209567e-01,7.145350101006650437e-07,3.333333333333333148e-01,2.463438959898339997e-01,-8.254703382393270283e-01
4.879000000000000004e-01,6.196528612083965770e-01,1.000000000000000000e+00,0.000000000000000000e+00,1.000000000000000000e+00,3.333333333333333148e-01,7.735571307671365027e-01,-9.076210774254018787e-01
4.879000000000002224e-01,6.196528500671101281e-01,1.000000000000000000e+00,0.000000000000000000e+00,1.000000000000000000e+00,3.333333333333333148e-01,7.735571307666473384e-01,-9.076210774254018787e-01
4.879000000000000004e-01,6.196531995264049630e-01,1.000000000000000000e+00,0.000000000000000000e+00,1.000000000000000000e+00,3.333333333333333148e-01,7.735571307769713023e-01,-9.076210774254018787e-01
4.879000000202234899e-01,6.196541036040194017e-01,9.999999999998857581e-01,0.000000000000000000e+00,1.000000000000000000e+00,3.333333333333333148e-01,7.735571307442394851e-01,-9.076210774254018787e-01
1.000000000000000000e+00,3.563627362935482545e-01,9.603833717701223405e-01,3.124704073867298759e-01,7.842736520956037423e-07,3.333333333333333148e-01,2.451577065925835686e-01,-8.177244820231895917e-01
4.879000000000000004e-01,6.196407993410307791e-01,1.000000000000000000e+00,0.000000000000000000e+00,1.000000000000000000e+00,3.333333333333333148e-01,7.735571240754990363e-01,-9.076210774254018787e-01
9.999999999999267253e-01,3.294613850731697990e-01,8.850930478427726511e-01,1.000000000000000000e+00,0.000000000000000000e+00,3.333333333333333148e-01,2.277210208514390821e-01,-6.410254417314656950e-01
1.000000000000000000e+00,3.357383816271496957e-01,9.565895936061958871e-01,9.111866940576575091e-01,2.171327821607073983e-05,3.333333333333333148e-01,2.321564931298036594e-01,-6.860193632167016498e-01
4.879000028235176423e-01,6.196534221315392887e-01,1.000000000000000000e+00,0.000000000000000000e+00,9.999999999999941158e-01,3.333333333333333148e-01,7.735571291962290985e-01,-9.076210774254018787e-01
1.000000000000000000e+00,3.564854885841888255e-01,8.995683425960869783e-01,2.003625428431068667e-01,2.167457037185239229e-05,3.333333333333333148e-01,2.443340689824999024e-01,-8.109774560691530576e-01
4.879000000000000004e-01,6.196340663597529330e-01,9.999999999999616973e-01,4.609136207914941390e-23,1.000000000000000000e+00,3.333333333333333148e-01,7.735571149768305510e-01,-9.076210774254018787e-01
9.999999999817041907e-01,3.239399758792418371e-01,5.924133175129082662e-01,1.000000000000000000e+00,0.000000000000000000e+00,3.333333333333333148e-01,2.220326163644809614e-01,-5.255151272079919833e-01
9.999999998572357551e-01,3.377192914040493266e-01,9.673806552187456109e-01,7.995140739244063210e-01,2.141497936829060987e-05,3.333333333333333148e-01,2.349031048698583257e-01,-7.149139878278172322e-01
9.999999999817041907e-01,3.239499442380740502e-01,6.051840086272440855e-01,1.000000000000000000e+00,0.000000000000000000e+00,3.333333333333333148e-01,2.220530497540140202e-01,-5.320678040189460445e-01
1.000000000000000000e+00,3.584082627893993012e-01,9.422074171848953128e-01,1.827979692595629868e-01,2.290958672322980196e-05,3.333333333333333148e-01,2.471006377390427000e-01,-8.293514205974868991e-01
4.879000000000002224e-01,6.196533970775875977e-01,1.000000000000000000e+00,0.000000000000000000e+00,1.000000000000000000e+00,3.333333333333333148e-01,7.735571307782256323e-01,-9.076210774254018787e-01
4.879000000000000004e-01,6.196533963143896484e-01,1.000000000000000000e+00,3.115461323667422824e-23,1.000000000000000000e+00,3.333333333333333148e-01,7.735571307782271866e-01,-9.076210774254018787e-01
1.000000000000000000e+00,3.588765141627009436e-01,9.579093428654917863e-01,1.397648636981954628e-01,0.000000000000000000e+00,3.333333333333333148e-01,2.491267592613996551e-01,-8.457929497068070734e-01
1.000000000000000000e+00,3.296021377005159403e-01,8.978314243567876440e-01,1.000000000000000000e+00,2.866467920458730270e-07,3.333333333333333148e-01,2.281729697506628962e-01,-6.505800244938108046e-01
4.879000000000000004e-01,6.196521815425015678e-01,1.000000000000000000e+00,0.000000000000000000e+00,9.999808237451168758e-01,3.333333333333333148e-01,7.735569805273763144e-01,-9.076210774254018787e-01
4.879000000000000004e-01,6.196570034747210798e-01,1.000000000000000000e+00,0.000000000000000000e+00,9.999995636688968625e-01,3.333333333333333148e-01,7.735571267994081346e-01,-9.076210774254018787e-01
4.879000000000000004e-01,6.196539302935271110e-01,1.000000000000000000e+00,5.843731524771327788e-22,1.000000000000000000e+00,3.333333333333333148e-01,7.735571307650876971e-01,-9.076210774254018787e-01
4.879000000000000004e-01,6.196533702580639957e-01,1.000000000000000000e+00,9.132455839463383041e-24,1.000000000000000000e+00,3.333333333333333148e-01,7.735571307782496131e-01,-9.076210774254018787e-01
1.000000000000000000e+00,3.245428197373869672e-01,6.868642831153941586e-01,1.000000000000000000e+00,0.000000000000000000e+00,3.333333333333333148e-01,2.227627067251767012e-01,-5.603241329348842559e-01
4.879000000000000004e-01,6.196520120759920758e-01,9.999999999654315408e-01,0.000000000000000000e+00,9.999808125804999781e-01,3.333333333333333148e-01,7.735569804096333879e-01,-9.076210774254018787e-01
4.879000028866288807e-01,6.196542533124492769e-01,1.000000000000000000e+00,5.874583088995956248e-22,9.999999999999991118e-01,3.333333333333333148e-01,7.735571291279139672e-01,-9.076210774254018787e-01
4.879000000206651921e-01,6.196399938058553269e-01,1.000000000000000000e+00,0.000000000000000000e+00,1.000000000000000000e+00,3.333333333333333148e-01,7.735571231777098600e-01,-9.076210774254018787e-01
4.879000000000000004e-01,6.196533472263915376e-01,1.000000000000000000e+00,0.000000000000000000e+00,1.000000000000000000e+00,3.333333333333333148e-01,7.735571307782214134e-01,-9.076210774254018787e-01
4.879000000000000004e-01,6.196533647351880614e-01,9.999999999999973355e-01,9.803477429727648771e-24,1.000000000000000000e+00,3.333333333333333148e-01,7.735571307782456163e-01,-9.076210774254018787e-01
4.879000000000000004e-01,6.196404119959406653e-01,9.999999999999867883e-01,4.079387232534776766e-26,9.999813915492657967e-01,3.333333333333333148e-01,7.735569782025344399e-01,-9.076210774254018787e-01
4.879000000000000004e-01,6.196534221315392887e-01,1.000000000000000000e+00,1.129400716743081066e-25,1.000000000000000000e+00,3.333333333333333148e-01,7.735571307781481387e-01,-9.076210774254018787e-01
4.879000028133400058e-01,6.196539071778927044e-01,1.000000000000000000e+00,5.844011137353228591e-22,1.000000000000000000e+00,3.333333333333333148e-01,7.735571291898217794e-01,-9.076210774254018787e-01
4.879000000000000004e-01,6.196555593782883120e-01,1.000000000000000000e+00,1.911309291345610774e-24,9.999999804010663018e-01,3.333333333333333148e-01,7.735571304219941435e-01,-9.076210774254018787e-01
4.879000000000000004e-01,6.196411983774671173e-01,9.999999999999862332e-01,3.360557769727889282e-26,9.999814514878432314e-01,3.333333333333333148e-01,7.735569794897201312e-01,-9.076210774254018787e-01
4.879000000015416005e-01,6.196576260030758343e-01,1.000000000000000000e+00,0.000000000000000000e+00,9.999999999971668219e-01,3.333333333333333148e-01,7.735571300103765147e-01,-9.076210774254018787e-01
1.000000000000000000e+00,3.240687034271620415e-01,6.961690106020652635e-01,1.000000000000000000e+00,2.287018947670196389e-07,3.333333333333333148e-01,2.228941955495730709e-01,-5.627093787687059701e-01
4.879000000000000004e-01,6.196494863658990049e-01,1.000000000000000000e+00,0.000000000000000000e+00,9.999999999999881206e-01,3.333333333333333148e-01,7.735571301376933384e-01,-9.076210774254018787e-01
4.879000000000000004e-01,6.196411991227254168e-01,9.999999999999862332e-01,4.155749477608668418e-26,1.000000000000000000e+00,3.333333333333333148e-01,7.735571244949039915e-01,-9.076210774254018787e-01
4.879000000000000004e-01,6.196357222724055980e-01,1.000000000000000000e+00,1.728643041232755898e-23,9.999995674106764154e-01,3.333333333333333148e-01,7.735571141923378580e-01,-9.076210774254018787e-01
1.000000000000000000e+00,3.396184143700885505e-01,9.389129240129586718e-01,6.212367171523747178e-01,1.249836289647581370e-05,3.333333333333333148e-01,2.373304799193245718e-01,-7.298959946562580958e-01
4.879000000000000004e-01,6.196566132551010186e-01,1.000000000000000000e+00,0.000000000000000000e+00,1.000000000000000000e+00,3.333333333333333148e-01,7.735571303330670556e-01,-9.076210774254018787e-01
9.999999999959574559e-01,3.668855012037700036e-01,9.783642599220596647e-01,6.403320952116781095e-02,2.008444778678828004e-05,3.333333333333333148e-01,2.525745856671395839e-01,-8.926073193274963735e-01
4.879000000000000004e-01,6.196538673108558104e-01,9.999999999999862332e-01,0.000000000000000000e+00,9.999803083281241234e-01,3.333333333333333148e-01,7.735569764962448858e-01,-9.076210774254018787e-01
4.879000000000000004e-01,6.196496457324256468e-01,1.000000000000000000e+00,5.488093404250406361e-22,9.999999999997867262e-01,3.333333333333333148e-01,7.735571301891415175e-01,-9.076210774254018787e-01
9.999999999962990715e-01,3.509253692913556488e-01,8.603167762187465817e-01,2.291089659244630872e-01,1.277192022185418364e-05,3.333333333333333148e-01,2.415316194615838852e-01,-7.799399932829831350e-01
4.879000000000000004e-01,6.196604014998676746e-01,9.999999999998848699e-01,4.660396377810640122e-23,9.999999998240264310e-01,3.333333333333333148e-01,7.735571286819677983e-01,-9.076210774254018787e-01
4.879000000000000004e-01,6.196568481046593746e-01,1.000000000000000000e+00,1.732221447830126294e-23,1.000000000000000000e+00,3.333333333333333148e-01,7.735571302661905513e-01,-9.076210774254018787e-01
4.879000000000000004e-01,6.196363151787578349e-01,9.999999999999922284e-01,2.155288504565963473e-25,9.999999851761216529e-01,3.333333333333333148e-01,7.735571183273002305e-01,-9.076210774254018787e-01
4.879000000000000004e-01,6.196537773425107032e-01,9.999999999999862332e-01,4.076398552957607287e-26,9.999805153577893124e-01,3.333333333333333148e-01,7.735569781240403398e-01,-9.076210774254018787e-01
4.879000000015227823e-01,6.196607080043293747e-01,1.000000000000000000e+00,0.000000000000000000e+00,1.000000000000000000e+00,3.333333333333333148e-01,7.735571284958415728e-01,-9.076210774254018787e-01
4.879000000015238925e-01,6.196607320162130783e-01,1.000000000000000000e+00,0.000000000000000000e+00,1.000000000000000000e+00,3.333333333333333148e-01,7.735571284808777648e-01,-9.076210774254018787e-01
9.999999999995727862e-01,3.268751622764971554e-01,8.163843771030790952e-01,1.000000000000000000e+00,2.085734779179143329e-05,3.333333333333333148e-01,2.255592863308746032e-01,-6.103581976516416763e-01
4.879000000000000004e-01,6.196534733924372595e-01,9.999999999999864553e-01,4.081136987598715771e-26,1.000000000000000000e+00,3.333333333333333148e-01,7.735571307778175143e-01,-9.076210774254018787e-01
4.879000000000000004e-01,6.196405990244671091e-01,1.000000000000000000e+00,8.877473238323312789e-27,9.999999996738601071e-01,3.333333333333333148e-01,7.735571238577028108e-01,-9.076210774254018787e-01
1.000000000000000000e+00,3.268718225079878525e-01,8.086204513007902994e-01,9.999935667563076835e-01,0.000000000000000000e+00,3.333333333333333148e-01,2.253424400808291261e-01,-6.075094832899836650e-01
4.879000000000000004e-01,6.196528500671101281e-01,9.999999999660733607e-01,0.000000000000000000e+00,9.999993744328705692e-01,3.333333333333333148e-01,7.735571258509286174e-01,-9.076210774254018787e-01
4.879000000000000004e-01,6.196559686759300911e-01,9.999999999999870104e-01,0.000000000000000000e+00,9.999802166346556387e-01,3.333333333333333148e-01,7.735569754475257742e-01,-9.076210774254018787e-01
4.879000000000000004e-01,6.196528884849002994e-01,1.000000000000000000e+00,0.000000000000000000e+00,9.999988947135899364e-01,3.333333333333333148e-01,7.735571221110408846e-01,-9.076210774254018787e-01
9.999999999999991118e-01,3.245673824138384234e-01,6.720672097249333898e-01,1.000000000000000000e+00,0.000000000000000000e+00,3.333333333333333148e-01,2.225699656937963067e-01,-5.532596926227958400e-01
4.879000000000000004e-01,6.196533472263915376e-01,9.999999999999866773e-01,4.158370696464146753e-26,1.000000000000000000e+00,3.333333333333333148e-01,7.735571307782151962e-01,-9.076210774254018787e-01
4.879000027843264919e-01,6.196410969855309370e-01,1.000000000000000000e+00,0.000000000000000000e+00,9.999999999974973353e-01,3.333333333333333148e-01,7.735571228320472503e-01,-9.076210774254018787e-01
4.879000000000000004e-01,6.196577398831452088e-01,1.000000000000000000e+00,1.015577752224296822e-23,1.000000000000000000e+00,3.333333333333333148e-01,7.735571299696357705e-01,-9.076210774254018787e-01
9.999999999999112932e-01,3.239188945577784473e-01,6.444622373484691913e-01,1.000000000000000000e+00,0.000000000000000000e+00,3.333333333333333148e-01,2.222737458489697782e-01,-5.440747756995797380e-01
9.999999999981249443e-01,3.250018335149456594e-01,7.853687063264790380e-01,9.999935376588198199e-01,2.222879111926246435e-05,3.333333333333333148e-01,2.247391477903315504e-01,-6.031536983985114064e-01
4.879000000000000004e-01,6.196609690129495362e-01,1.000000000000000000e+00,0.000000000000000000e+00,9.999999999999971134e-01,3.333333333333333148e-01,7.735571283314202073e-01,-9.076210774254018787e-01
9.807420038610394908e-01,3.609828517983989515e-01,1.000000000000000000e+00,8.928653490104521140e-04,1.206822065930124310e-02,3.333333333333333148e-01,2.620432606535987863e-01,-9.076210774254018787e-01
1.000000000000000000e+00,3.564021620521666267e-01,9.562769008325147091e-01,1.828053086453494125e-01,2.310230643979753831e-05,3.333333333333333148e-01,2.479628921739523151e-01,-8.417895622697193492e-01
4.879000000000000004e-01,6.196560050750673510e-01,9.999999999999868994e-01,0.000000000000000000e+00,9.999988948687833501e-01,3.333333333333333148e-01,7.735571218239147839e-01,-9.076210774254018787e-01
