5.000000000000000000e+02,1.354435999999999973e-01
1.000000000000000000e+03,3.972663000000000166e-01
1.500000000000000000e+03,4.437599999999999878e-01
2.000000000000000000e+03,4.674158999999999953e-01
2.500000000000000000e+03,4.675529999999999964e-01
3.000000000000000000e+03,4.676447000000000243e-01
3.500000000000000000e+03,4.703491000000000199e-01
4.000000000000000000e+03,4.815139999999999976e-01
4.500000000000000000e+03,4.815660999999999969e-01
5.000000000000000000e+03,4.936180000000000012e-01
5.500000000000000000e+03,5.053417999999999521e-01
6.000000000000000000e+03,5.055237999999999676e-01
6.500000000000000000e+03,5.055941999999999936e-01
7.000000000000000000e+03,5.058257999999999921e-01
7.500000000000000000e+03,5.058578999999999715e-01
8.000000000000000000e+03,5.173254999999999937e-01
8.500000000000000000e+03,5.173815999999999971e-01
9.000000000000000000e+03,5.192111000000000365e-01
9.500000000000000000e+03,5.232375999999999694e-01
1.000000000000000000e+04,5.233392999999999518e-01
1.050000000000000000e+04,5.226172999999999513e-01
1.100000000000000000e+04,5.292337999999999765e-01
1.150000000000000000e+04,5.307614000000000498e-01
1.200000000000000000e+04,5.358595999999999915e-01
1.250000000000000000e+04,5.447303999999999480e-01
1.300000000000000000e+04,5.448106000000000337e-01
1.350000000000000000e+04,5.528629999999999933e-01
1.400000000000000000e+04,5.529186999999999852e-01
1.450000000000000000e+04,5.529454999999999787e-01
1.500000000000000000e+04,5.585731000000000446e-01
1.550000000000000000e+04,5.585894999999999611e-01
1.600000000000000000e+04,5.587368000000000334e-01
1.650000000000000000e+04,5.587478999999999640e-01
1.700000000000000000e+04,5.587640000000000384e-01
1.750000000000000000e+04,5.587828999999999713e-01
1.800000000000000000e+04,5.596567000000000069e-01
1.850000000000000000e+04,5.596706999999999654e-01
1.900000000000000000e+04,5.597012999999999572e-01
1.950000000000000000e+04,5.597307000000000254e-01
2.000000000000000000e+04,5.597484999999999822e-01
2.050000000000000000e+04,5.597661000000000442e-01
2.100000000000000000e+04,5.597843999999999598e-01
2.150000000000000000e+04,5.598144000000000453e-01
2.200000000000000000e+04,5.598201000000000427e-01
2.250000000000000000e+04,5.598210999999999604e-01
2.300000000000000000e+04,5.598661999999999805e-01
2.350000000000000000e+04,5.598697999999999730e-01
2.400000000000000000e+04,5.598718000000000306e-01
2.450000000000000000e+04,5.599395000000000344e-01
2.500000000000000000e+04,5.599625999999999770e-01
2.550000000000000000e+04,5.599703000000000319e-01
2.600000000000000000e+04,5.599741999999999775e-01
2.650000000000000000e+04,5.599766999999999939e-01
2.700000000000000000e+04,5.599768999999999997e-01
2.750000000000000000e+04,5.599773999999999585e-01
2.800000000000000000e+04,5.599787000000000514e-01
2.850000000000000000e+04,5.605027999999999677e-01
2.900000000000000000e+04,5.605035999999999907e-01
2.950000000000000000e+04,5.605048000000000252e-01
3.000000000000000000e+04,5.605099999999999527e-01
3.050000000000000000e+04,5.605109000000000341e-01
3.100000000000000000e+04,5.605177000000000076e-01
3.150000000000000000e+04,5.605204999999999771e-01
3.200000000000000000e+04,5.605221999999999705e-01
3.250000000000000000e+04,5.605229999999999935e-01
3.300000000000000000e+04,5.605238999999999638e-01
3.350000000000000000e+04,5.605246999999999868e-01
3.400000000000000000e+04,5.605253999999999515e-01
3.450000000000000000e+04,5.605447000000000068e-01
3.500000000000000000e+04,5.605449000000000126e-01
3.550000000000000000e+04,5.605474999999999763e-01
3.600000000000000000e+04,5.605474999999999763e-01
3.650000000000000000e+04,5.605478999999999878e-01
3.700000000000000000e+04,5.605493000000000281e-01
3.750000000000000000e+04,5.605501000000000511e-01
3.800000000000000000e+04,5.605533000000000321e-01
3.850000000000000000e+04,5.605533000000000321e-01
3.900000000000000000e+04,5.605533999999999795e-01
3.950000000000000000e+04,5.605542000000000025e-01
4.000000000000000000e+04,5.605544000000000082e-01
4.050000000000000000e+04,5.605546999999999613e-01
4.100000000000000000e+04,5.605548999999999671e-01
4.150000000000000000e+04,5.605575000000000419e-01
4.200000000000000000e+04,5.605850999999999473e-01
4.250000000000000000e+04,5.619876000000000316e-01
4.300000000000000000e+04,5.619882000000000488e-01
4.350000000000000000e+04,5.619916000000000356e-01
4.400000000000000000e+04,5.619952000000000281e-01
4.450000000000000000e+04,5.619952000000000281e-01
4.500000000000000000e+04,5.619969999999999688e-01
4.550000000000000000e+04,5.619982999999999507e-01
4.600000000000000000e+04,5.619990000000000263e-01
4.650000000000000000e+04,5.619990999999999737e-01
4.700000000000000000e+04,5.619990999999999737e-01
4.750000000000000000e+04,5.620121000000000144e-01
4.800000000000000000e+04,5.621884999999999799e-01
4.850000000000000000e+04,5.621893000000000029e-01
4.900000000000000000e+04,5.621901000000000259e-01
4.950000000000000000e+04,5.621901000000000259e-01
5.000000000000000000e+04,5.628520999999999663e-01
5.050000000000000000e+04,5.628822999999999466e-01
5.100000000000000000e+04,5.631966999999999945e-01
5.150000000000000000e+04,5.631988999999999468e-01
5.200000000000000000e+04,5.632000000000000339e-01
5.250000000000000000e+04,5.632011000000000100e-01
5.300000000000000000e+04,5.632013000000000158e-01
5.350000000000000000e+04,5.632103000000000526e-01
5.400000000000000000e+04,5.632108000000000114e-01
5.450000000000000000e+04,5.634308000000000094e-01
5.500000000000000000e+04,5.634333000000000258e-01
5.550000000000000000e+04,5.634360999999999953e-01
5.600000000000000000e+04,5.634371000000000240e-01
5.650000000000000000e+04,5.634401999999999466e-01
5.700000000000000000e+04,5.634409999999999696e-01
5.750000000000000000e+04,5.634417000000000453e-01
5.800000000000000000e+04,5.634605000000000308e-01
5.850000000000000000e+04,5.634696000000000149e-01
5.900000000000000000e+04,5.634696999999999623e-01
5.950000000000000000e+04,5.634730000000000016e-01
6.000000000000000000e+04,5.634730000000000016e-01
