9.999999999999954481e-01,2.649315690207271267e-13,1.235665153531684268e-09,9.999999958497762798e-01,9.999999999999906741e-01,0.000000000000000000e+00,4.429759400992699936e-01,-2.533156219799165276e-01
9.999999999999954481e-01,1.757773990834236480e-13,9.999999999999363842e-01,4.103495321317041089e-12,9.999999999999997780e-01,0.000000000000000000e+00,4.429759585057806426e-01,-7.562297218510539709e-01
9.999999999989371835e-01,1.520952947292371430e-14,9.999999999999978906e-01,8.175863541234322796e-01,9.999999999999993339e-01,0.000000000000000000e+00,4.429759523722442416e-01,-6.927374047770366028e-01
9.999999999999867883e-01,3.022459580646440667e-13,9.999999999999805711e-01,5.063580439360200469e-02,9.999999999999930056e-01,0.000000000000000000e+00,4.429759581259106183e-01,-7.522974344154685911e-01
9.999999999999725775e-01,1.107747356423487693e-12,9.999999999999972244e-01,4.852630103947379037e-01,9.999999999999752420e-01,0.000000000000000000e+00,4.429759548653354195e-01,-7.185450506664771142e-01
9.999999999997992717e-01,7.320547963123242098e-14,5.057166571776345876e-01,9.999999982524905295e-01,1.000000000000000000e+00,0.000000000000000000e+00,4.429759456138604445e-01,-4.683745937411386562e-01
9.999999999998370193e-01,9.999958948238651946e-01,9.999999999866888700e-01,3.932568822123736502e-12,9.999999999999975575e-01,0.000000000000000000e+00,4.429759664311457845e-01,-7.563768074333639957e-01
9.999999999999881206e-01,2.629586180990474126e-15,9.999999999999991118e-01,2.173805159969532941e-01,9.999999999999873435e-01,0.000000000000000000e+00,4.429759568749910836e-01,-7.393483336312639542e-01
9.999999999955899721e-01,5.720083032632440574e-14,7.145890847941565038e-01,9.999999959103903491e-01,9.999999999998513411e-01,0.000000000000000000e+00,4.429759478915111792e-01,-5.571988179696317767e-01
9.999999999445784438e-01,7.541248993958665626e-13,4.264039098208248779e-01,9.999999983717228202e-01,9.999999999999955591e-01,0.000000000000000000e+00,4.429759447489940993e-01,-4.346463830654546667e-01
9.999999999999009681e-01,3.987393440531304936e-13,9.999998780847508817e-01,2.857102247938882456e-01,9.999999999999991118e-01,0.000000000000000000e+00,4.429759563623799634e-01,-7.340419168800985661e-01
9.999999999776280069e-01,5.229900097988066925e-14,1.047211628864676558e-01,9.999999982683469568e-01,9.999999999999943379e-01,0.000000000000000000e+00,4.429759412412025421e-01,-2.978489095548054744e-01
9.999999999998195888e-01,3.991158540478380111e-13,6.014034007972257623e-01,9.999999952576481554e-01,9.999999999999974465e-01,0.000000000000000000e+00,4.429759466572771864e-01,-5.090659425183442499e-01
9.999999999998233635e-01,3.509875775488140938e-14,9.999999999999845679e-01,4.606941805498830367e-01,9.999999999999991118e-01,0.000000000000000000e+00,4.429759550496508713e-01,-7.204530227434383649e-01
9.999999999956097341e-01,4.336452585523482466e-13,9.999999999999998890e-01,3.337955644126060495e-01,9.999999999999552580e-01,0.000000000000000000e+00,4.429759560016448550e-01,-7.303077458951799938e-01
9.999999999989885868e-01,1.244209388515518106e-14,9.999999999999978906e-01,6.393996490470983396e-01,9.999999999999680256e-01,0.000000000000000000e+00,4.429759537090016686e-01,-7.065750706330643505e-01
9.999999999998673283e-01,3.321305490986007220e-12,3.148651087302705709e-01,9.999999950341740274e-01,9.999999999999990008e-01,0.000000000000000000e+00,4.429759435327185746e-01,-3.872138544314186470e-01
9.999999999995721200e-01,2.271953192690216697e-12,9.999999999999739098e-01,4.139061496070544077e-01,9.999999999999998890e-01,0.000000000000000000e+00,4.429759554006549305e-01,-7.240864988661824819e-01
9.999999999998587796e-01,6.506660247833894893e-12,9.999999999999722444e-01,7.565410665764369380e-01,9.999999999999696909e-01,0.000000000000000000e+00,4.429759528302062432e-01,-6.974780743505636371e-01
9.999999999989850341e-01,7.603272730328315149e-13,9.999999999999978906e-01,5.860660632748456722e-01,9.999999999999680256e-01,0.000000000000000000e+00,4.429759541091105035e-01,-7.107168630220946914e-01
9.999999999997898348e-01,1.678029243543167928e-13,5.312627005811657588e-01,9.999999952602277586e-01,9.999999999999975575e-01,0.000000000000000000e+00,4.429759458924274473e-01,-4.792381986563093443e-01
9.999999999987693178e-01,2.706577096071137969e-13,9.999999999999985567e-01,8.763862078211342999e-02,9.999999999998636646e-01,0.000000000000000000e+00,4.429759578483153382e-01,-7.494238608299216287e-01
9.999999999985468291e-01,7.483172122662660346e-13,3.102293407424657756e-01,9.999999999121392813e-01,9.999999999999953371e-01,0.000000000000000000e+00,4.429759434821677888e-01,-3.852424665455417285e-01
9.999999999969620967e-01,1.492157213586337317e-14,5.614520725380076627e-01,9.999999997684730912e-01,9.999999999999749090e-01,0.000000000000000000e+00,4.429759462216276145e-01,-4.920764056708809564e-01
9.999999999997071232e-01,5.502273152625100427e-12,7.280105168702525331e-01,9.999999993655237507e-01,9.999999999999980016e-01,0.000000000000000000e+00,4.429759480378652192e-01,-5.629063603547869166e-01
9.999999999988891108e-01,3.414751321517974046e-13,7.235258557020678438e-01,9.999999962727547098e-01,9.999999999999997780e-01,0.000000000000000000e+00,4.429759479889622265e-01,-5.609992321481055422e-01
9.999999999998949729e-01,7.395008212280631731e-13,9.999999999999973355e-01,4.473972141095671207e-01,9.999999999999992228e-01,0.000000000000000000e+00,4.429759551494047987e-01,-7.214856417509317721e-01
9.999999999984859889e-01,2.016410867621489147e-12,9.999999988713850207e-01,8.323137852873762066e-01,9.999999999999935607e-01,0.000000000000000000e+00,4.429759522617589540e-01,-6.915936979165627774e-01
9.999999999983346655e-01,4.494454422576308327e-13,5.099351759655752492e-01,9.999999963302719230e-01,9.999999999999946709e-01,0.000000000000000000e+00,4.429759456598613143e-01,-4.701685437295698433e-01
9.999999999991826538e-01,1.901530740434525710e-14,9.999999999999806821e-01,4.024752895776672057e-01,9.999999999999950040e-01,0.000000000000000000e+00,4.429759554864092785e-01,-7.249741993345143465e-01
9.999999999988137267e-01,2.037557073858640986e-12,9.999999999870029521e-01,3.507173982989756356e-01,9.999999999999935607e-01,0.000000000000000000e+00,4.429759558746971804e-01,-7.289936260565458293e-01
9.999999999999965583e-01,3.106366277640805600e-13,6.488362127324309725e-01,9.999999983729451758e-01,9.999999999999998890e-01,0.000000000000000000e+00,4.429759471745085553e-01,-5.292370235559075153e-01
9.999999999440567500e-01,3.222316186722117834e-15,4.126282807128339725e-01,9.999999982668610343e-01,9.999999999999946709e-01,0.000000000000000000e+00,4.429759445987776489e-01,-4.287882160565262835e-01
9.999999999998353539e-01,1.969636783435239155e-16,9.999999999999235056e-01,1.656744920988975633e-01,9.999999999999968914e-01,0.000000000000000000e+00,4.429759572628899078e-01,-7.433637324296756832e-01
9.999999999991509014e-01,3.200038167891648065e-14,6.444717970390099193e-01,9.999999963146724014e-01,9.999999999999997780e-01,0.000000000000000000e+00,4.429759471269167914e-01,-5.273810303620346529e-01
9.999999999999367173e-01,9.407813681228006135e-14,5.567694460611897211e-01,9.999999967555299740e-01,9.999999999999991118e-01,0.000000000000000000e+00,4.429759461705659040e-01,-4.900850915503661698e-01
9.999999999990042410e-01,4.604323038630988593e-13,8.320651612363272331e-02,9.999999954237518418e-01,9.999999999999864553e-01,0.000000000000000000e+00,4.429759410065959857e-01,-2.886996801429263515e-01
9.999999999999298339e-01,6.821900423035133616e-14,2.446593605240014457e-01,9.999999963287702354e-01,9.999999999996257438e-01,0.000000000000000000e+00,4.429759427671595140e-01,-3.573584484296804531e-01
9.999999999955899721e-01,1.404492369099603524e-12,6.619658192611740377e-01,9.999999959103903491e-01,9.999999999999819034e-01,0.000000000000000000e+00,4.429759473176804740e-01,-5.348204658764131869e-01
9.999999999689104246e-01,9.284006421345952561e-14,6.939772196143284555e-01,9.999999956771697951e-01,9.999999999999887867e-01,0.000000000000000000e+00,4.429759476667489704e-01,-5.484335015131910351e-01
9.999999999735685874e-01,1.182015151090558194e-13,7.595422308174981652e-01,9.999999961092360667e-01,9.999999999999849010e-01,0.000000000000000000e+00,4.429759483817030663e-01,-5.763154067705648087e-01
9.999999999999814593e-01,6.310245068543744329e-13,9.999999999999976685e-01,4.979006709978214817e-01,9.999999999999756861e-01,0.000000000000000000e+00,4.429759547705276468e-01,-7.175636321894808267e-01
9.999999999988137267e-01,2.037557073858640986e-12,9.999999999870029521e-01,3.640993773342291462e-01,9.999999999999935607e-01,0.000000000000000000e+00,4.429759557743055409e-01,-7.279544051210361522e-01
9.999999999982689403e-01,2.310863521124088768e-14,9.073290487388838699e-01,9.999999964729702207e-01,9.999999999999971134e-01,0.000000000000000000e+00,4.429759499932452993e-01,-6.391626172433103603e-01
9.999999999999736877e-01,2.559613246592127042e-13,9.999999999999998890e-01,2.441197693284355985e-01,9.999999999999712452e-01,0.000000000000000000e+00,4.429759566743931010e-01,-7.372718102856422595e-01
9.999999999991957544e-01,3.929841471917451254e-13,4.645003766887345620e-02,9.999999975304370015e-01,9.999999999999997780e-01,0.000000000000000000e+00,4.429759406057847126e-01,-2.730687720854391154e-01
9.999999999999601430e-01,1.402405334079752946e-14,1.228828647137108487e-01,9.999999963700542116e-01,9.999999999999943379e-01,0.000000000000000000e+00,4.429759414392469563e-01,-3.055722798501315784e-01
9.999999999995747846e-01,5.915049300756951771e-12,9.999999999999739098e-01,1.915213369326565496e-01,1.000000000000000000e+00,0.000000000000000000e+00,4.429759570689867365e-01,-7.413565119575827866e-01
9.999999999992343902e-01,6.033264514637267754e-12,9.999999999999783507e-01,2.514321049268780639e-02,9.999999999999997780e-01,0.000000000000000000e+00,4.429759583171561932e-01,-7.542771443830803557e-01
9.999999999996559419e-01,7.865289648083229157e-13,8.286366124559655377e-01,9.999999957047220889e-01,9.999999999999987788e-01,0.000000000000000000e+00,4.429759491351431544e-01,-6.056981975564014187e-01
9.999999999999755751e-01,3.022459580646440667e-13,9.999999999999800160e-01,1.157895854819386838e-01,9.999999999996059818e-01,0.000000000000000000e+00,4.429759576371266605e-01,-7.472377064651617440e-01
9.999999999995373701e-01,3.731173994445014101e-13,9.999999998427445691e-01,5.446635189040563985e-01,9.999999999998726574e-01,0.000000000000000000e+00,4.429759544197125476e-01,-7.139321116702420644e-01
9.999999999985516030e-01,2.594175755064148575e-13,4.668929945298878614e-01,9.999999986473386837e-01,9.999999999999936717e-01,0.000000000000000000e+00,4.429759451905075918e-01,-4.518646036235222097e-01
9.999999999999871214e-01,3.499541231089507629e-14,2.400280160132787222e-01,9.999999995748513060e-01,9.999999999999993339e-01,0.000000000000000000e+00,4.429759427166569674e-01,-3.553889417805341511e-01
9.999999999999320544e-01,1.829036225147615279e-12,9.999999999999807931e-01,5.085785682785193274e-01,9.999999999999942268e-01,0.000000000000000000e+00,4.429759546904220024e-01,-7.167344054831003008e-01
9.999999999995582423e-01,7.759336692647310884e-14,9.999999999999965583e-01,8.981341375908364899e-01,9.999999999999688027e-01,0.000000000000000000e+00,4.429759517679744407e-01,-6.864822056994189792e-01
9.999999999984314769e-01,1.012016281871849648e-13,1.735687375457842796e-01,9.999999965553361125e-01,9.999999999997516431e-01,0.000000000000000000e+00,4.429759419919513941e-01,-3.271267443278794707e-01
9.999999999758574232e-01,9.368069358556746739e-15,9.999999999999976685e-01,6.998363080435352490e-01,9.999999999999931166e-01,0.000000000000000000e+00,4.429759532556056256e-01,-7.018816660810703878e-01
9.999999999967849051e-01,5.437451524596748105e-14,9.999998736441767511e-01,2.997893585032142538e-01,9.999999999999990008e-01,0.000000000000000000e+00,4.429759562567581743e-01,-7.329485542513655139e-01
9.999999999999675815e-01,6.310313437524150062e-14,7.097761094024203077e-01,9.999999964258255991e-01,9.999999999999912292e-01,0.000000000000000000e+00,4.429759478390280503e-01,-5.551520719353676414e-01
9.999999999999358291e-01,5.037632619859760191e-14,5.442927834416996236e-01,9.999999967553176994e-01,9.999999999999944489e-01,0.000000000000000000e+00,4.429759460345140676e-01,-4.847793176454778807e-01
9.999999999727493538e-01,1.182015151090558194e-13,7.548568752832394146e-01,9.999999961092360667e-01,9.999999999999849010e-01,0.000000000000000000e+00,4.429759483306115464e-01,-5.743229318691497332e-01
9.999999999999534817e-01,1.220937329463814559e-13,4.440209032906569098e-01,9.999999987954318881e-01,9.999999999999765743e-01,0.000000000000000000e+00,4.429759449410987093e-01,-4.421381127589113502e-01
9.999999999994602096e-01,8.839714021479175223e-15,9.999999948631536073e-01,7.111613724431837813e-01,9.999999999999353850e-01,0.000000000000000000e+00,4.429759531706448650e-01,-7.010021793309156868e-01
9.999999999965837327e-01,2.439551511508046569e-13,9.999999999999801270e-01,6.397610593612590435e-02,9.999999999999924505e-01,0.000000000000000000e+00,4.429759580258316176e-01,-7.512614500803832529e-01
9.999999999999290567e-01,7.865289648083229157e-13,8.650730384950272578e-01,9.999999995402965025e-01,9.999999999999987788e-01,0.000000000000000000e+00,4.429759495324643859e-01,-6.211930009861060809e-01
9.999999999988085086e-01,4.168820707243447355e-13,9.999999999999986677e-01,5.718652564767122692e-01,9.999999999999902300e-01,0.000000000000000000e+00,4.429759542156450070e-01,-7.118196726807389796e-01
9.999999999998077094e-01,4.246401015413438402e-13,9.999999999999142908e-01,1.407360165298471300e-02,9.999999999999574785e-01,0.000000000000000000e+00,4.429759584002004313e-01,-7.551367907199019180e-01
9.999999999977172704e-01,1.338325739273684024e-14,5.803959670699774254e-01,9.999999965383346012e-01,9.999999999999968914e-01,0.000000000000000000e+00,4.429759464282014836e-01,-5.001324081019643542e-01
9.999999999999987788e-01,2.681960414164000222e-14,8.945835740550670545e-01,9.999999961765138057e-01,9.999999999999971134e-01,0.000000000000000000e+00,4.429759498542621965e-01,-6.337425294556199296e-01
9.999999999652275928e-01,3.312298318973041500e-01,9.999999999999996669e-01,1.471045507628332416e-12,9.999999999999970024e-01,0.000000000000000000e+00,4.429759611309088130e-01,-7.562784411859267975e-01
9.999999999999177325e-01,5.807854282286463552e-15,6.359000865771031741e-01,9.999999999161830466e-01,9.999999999999995559e-01,0.000000000000000000e+00,4.429759470334464488e-01,-5.237358599694924566e-01
9.999999999999961142e-01,4.798811250601255031e-13,5.183521485866843248e-01,9.999999993471708759e-01,9.999999999999932276e-01,0.000000000000000000e+00,4.429759457516442289e-01,-4.737479104338552238e-01
9.999999999999799050e-01,2.205062446992907766e-12,6.979242265872245277e-01,9.999999983729451758e-01,9.999999999999998890e-01,0.000000000000000000e+00,4.429759477097890974e-01,-5.501119891525004801e-01
9.999999999999492628e-01,3.230084298867529928e-13,3.739676077282220179e-01,9.999999985197718377e-01,9.999999999999994449e-01,0.000000000000000000e+00,4.429759441772020967e-01,-4.123475382595062078e-01
9.999999999979317655e-01,4.019564059886222166e-13,7.186244311456704281e-01,9.999999963729061525e-01,9.999999999999932276e-01,0.000000000000000000e+00,4.429759479355146468e-01,-5.589148726206424334e-01
9.999999999995619060e-01,6.557029744737516985e-01,9.999999999999974465e-01,4.969358258222200675e-13,9.999999999999689138e-01,0.000000000000000000e+00,4.429759637024874852e-01,-7.563261667045620973e-01
9.999999999988773425e-01,1.341022759345802052e-13,9.681429770452638639e-01,9.999999968915717075e-01,9.999999999999545919e-01,0.000000000000000000e+00,4.429759506563911708e-01,-6.650240966537931397e-01
9.999999999950068830e-01,2.823350670115055652e-14,6.447477761639863747e-02,9.999999966180866950e-01,9.999999999999994449e-01,0.000000000000000000e+00,4.429759408023355993e-01,-2.807338984630124434e-01
9.999999999968258724e-01,7.975336206760477525e-14,2.354226601394546203e-02,9.999999994267478876e-01,9.999999999999898970e-01,0.000000000000000000e+00,4.429759403559867526e-01,-2.633271077797677551e-01
9.999999999658440997e-01,7.545937085086760733e-14,5.529278318559138761e-01,9.999999953216817117e-01,9.999999999999920064e-01,0.000000000000000000e+00,4.429759461286750244e-01,-4.884514227052517699e-01
9.999999999977147169e-01,8.516404891369398168e-14,5.138470339759935168e-01,9.999999982524905295e-01,1.000000000000000000e+00,0.000000000000000000e+00,4.429759457025181923e-01,-4.718320841263138332e-01
9.999999999995561328e-01,7.596053378423458076e-14,7.993489444482403394e-01,9.999999986809298136e-01,9.999999999999992228e-01,0.000000000000000000e+00,4.429759488157755665e-01,-5.932434448505509161e-01
9.999999999965261122e-01,5.934339933239552032e-12,3.450262273665024582e-01,9.999999957111783688e-01,9.999999999995933253e-01,0.000000000000000000e+00,4.429759438616106548e-01,-4.000400468534933696e-01
9.999999999986293187e-01,4.124327388335726728e-13,9.254065089918102061e-01,9.999999961204457666e-01,9.999999999999970024e-01,0.000000000000000000e+00,4.429759501903711150e-01,-6.468501631953346154e-01
9.999999999999223954e-01,3.501162579950864252e-13,1.275376287886241244e-01,9.999999967624592090e-01,9.999999999999613642e-01,0.000000000000000000e+00,4.429759414900048542e-01,-3.075517455242521292e-01
9.999999999994487743e-01,1.111898170758998849e-13,4.584278425909287802e-01,9.999999974140293402e-01,9.999999999999964473e-01,0.000000000000000000e+00,4.429759450981992641e-01,-4.482647482427387642e-01
9.999999999969315656e-01,2.123039110710847969e-14,4.034918791073672240e-01,9.999999953166451849e-01,9.999999999999935607e-01,0.000000000000000000e+00,4.429759444991497319e-01,-4.249029079542944176e-01
9.999999999992215116e-01,2.724488803272295655e-15,8.986112664165961661e-01,9.999999985978912376e-01,9.999999999999981126e-01,0.000000000000000000e+00,4.429759498981821753e-01,-6.354553290503232033e-01
9.999999999998719913e-01,5.473600837489168196e-13,4.759955928851035689e-01,9.999999976715417960e-01,9.999999999999997780e-01,0.000000000000000000e+00,4.429759452897669147e-01,-4.557355369999552819e-01
9.999999999999228395e-01,2.831974941090388830e-14,9.858084484500728717e-01,9.999992319427452037e-01,9.999999999999735767e-01,0.000000000000000000e+00,4.429759508490301867e-01,-6.725365013098706379e-01
9.999999999783227844e-01,1.119552166462218910e-14,8.455866587679993218e-01,9.999999960146470634e-01,9.999999999999923395e-01,0.000000000000000000e+00,4.429759493199750264e-01,-6.129063040712564581e-01
9.999999999999826805e-01,6.396979696410158825e-12,9.999999999999964473e-01,7.463931037259147194e-01,9.999999999999927836e-01,0.000000000000000000e+00,4.429759529063363455e-01,-6.982661472817327519e-01
9.999999999969315656e-01,5.801870326783011823e-14,5.913728022651966176e-01,9.999999953902876104e-01,9.999999999999851230e-01,0.000000000000000000e+00,4.429759465478984581e-01,-5.048003716928487483e-01
9.999999999998608891e-01,3.578388766225616486e-14,9.999999999999992228e-01,6.880892704319487851e-01,9.999999999999971134e-01,0.000000000000000000e+00,4.429759533437319097e-01,-7.027939203435981108e-01
9.999999999994947375e-01,4.233144022837927165e-16,3.737918716444166289e-02,9.999999970064399335e-01,1.000000000000000000e+00,0.000000000000000000e+00,4.429759405068715572e-01,-2.692113397858993951e-01
9.999999999987982946e-01,1.501392279203865086e-13,1.313107018009328497e-01,9.999999994602001285e-01,9.999999999999991118e-01,0.000000000000000000e+00,4.429759415311483317e-01,-3.091562667274655452e-01
9.999999999998545608e-01,6.054091080449429848e-14,5.238947985555759690e-01,9.999999985966232519e-01,9.999999999999995559e-01,0.000000000000000000e+00,4.429759458120841042e-01,-4.761049548762602557e-01
9.999999999999367173e-01,9.407813681228006135e-14,2.138066136580724086e-01,9.999999968447579324e-01,9.999999999999991118e-01,0.000000000000000000e+00,4.429759424307255777e-01,-3.442381369567549809e-01
9.999999999947093432e-01,1.721951005556524292e-14,1.090236230855073651e-01,9.999999956995216932e-01,9.999999999999987788e-01,0.000000000000000000e+00,4.429759412881187908e-01,-2.996785561708571466e-01
9.999999999814226381e-01,1.354517721212977165e-14,4.486619990378742928e-01,9.999999977648131866e-01,9.999999999996220801e-01,0.000000000000000000e+00,4.429759449917075598e-01,-4.441117660069192619e-01
9.999999999999601430e-01,1.402405334079752946e-14,1.186420280462908428e-01,9.999999963700542116e-01,9.999999999999975575e-01,0.000000000000000000e+00,4.429759413930027256e-01,-3.037688392014944450e-01
9.999999999999648059e-01,3.392343254117870203e-12,8.250391419513412039e-01,9.999999999288116115e-01,9.999999999999994449e-01,0.000000000000000000e+00,4.429759490959144785e-01,-6.041683518115658069e-01
9.999999999942201789e-01,7.478106713695531703e-14,7.896279178255704023e-01,9.999999952955095361e-01,9.999999999999997780e-01,0.000000000000000000e+00,4.429759487097725823e-01,-5.891095215671099394e-01
9.999999999997011280e-01,1.452738898228686320e-13,2.810286503420868498e-01,9.999999962442066570e-01,9.999999999999997780e-01,0.000000000000000000e+00,4.429759431637486644e-01,-3.728247020920486543e-01
9.999999999999799050e-01,2.202056629408913135e-12,7.020168631756558142e-01,9.999999983729451758e-01,9.999999999999998890e-01,0.000000000000000000e+00,4.429759477544172874e-01,-5.518524068492186574e-01
9.999999999763300451e-01,7.242246501431632104e-13,7.764530816943887581e-01,9.999999989341991080e-01,9.999999999999996669e-01,0.000000000000000000e+00,4.429759485661075025e-01,-5.835068450011692276e-01
9.999999999997497557e-01,2.172699738437478939e-14,3.939722706573238198e-01,9.999999985356596843e-01,9.999999999999937828e-01,0.000000000000000000e+00,4.429759443953431020e-01,-4.208546384163932563e-01
9.999999999989885868e-01,2.161826003787905394e-14,9.999999999999978906e-01,9.215618547318674691e-01,9.999999999999680256e-01,0.000000000000000000e+00,4.429759515922195856e-01,-6.846628504260915404e-01
9.999999999994314548e-01,3.472187132346938761e-13,9.999999999252615623e-01,6.028457148308798974e-01,9.999999999999774625e-01,0.000000000000000000e+00,4.429759539832294757e-01,-7.094137847865890079e-01
9.999999999965214492e-01,4.642212283458047343e-13,2.643956927893790221e-01,9.999999985916905310e-01,9.999999999999998890e-01,0.000000000000000000e+00,4.429759429823744710e-01,-3.657514392246944412e-01
9.999999999754892732e-01,4.985744032921188396e-14,6.665261517169464023e-01,9.999999982643690277e-01,1.000000000000000000e+00,0.000000000000000000e+00,4.429759473674085846e-01,-5.367597737978141437e-01
9.999999999991876498e-01,7.233266038273346947e-14,2.088156997093865153e-01,9.999999968089680058e-01,9.999999999999827915e-01,0.000000000000000000e+00,4.429759423763021120e-01,-3.421157215509055272e-01
9.999999999993474109e-01,7.300428865150893511e-13,2.870889430611852158e-02,9.999999966335505475e-01,9.999999999999951150e-01,0.000000000000000000e+00,4.429759404123262967e-01,-2.655242469599689015e-01
9.999999999999699130e-01,1.445805943488068853e-14,9.162486017668469707e-01,9.999999994598197661e-01,9.999999999999988898e-01,0.000000000000000000e+00,4.429759500905086078e-01,-6.429557092136638508e-01
9.999999999998603339e-01,9.017315833301275449e-14,4.717640714938214908e-01,9.999999996293197357e-01,9.999999999999945599e-01,0.000000000000000000e+00,4.429759452436242695e-01,-4.539360575751277826e-01
9.999999999997792877e-01,1.979839573510187466e-12,9.999999999999998890e-01,2.578717932003918856e-01,9.999999999999990008e-01,0.000000000000000000e+00,4.429759565712253488e-01,-7.362038523191080097e-01
9.999999999996460609e-01,1.420565734778142946e-13,2.041819701198790415e-01,9.999999993663404307e-01,9.999999999999961142e-01,0.000000000000000000e+00,4.429759423257735862e-01,-3.401452006860802291e-01
9.999999999994846345e-01,2.049428640103164490e-14,7.367501237497195987e-01,9.999999995748513060e-01,9.999999999999994449e-01,0.000000000000000000e+00,4.429759481331663196e-01,-5.666229293863064287e-01
9.999999999993123279e-01,3.242816674604452277e-14,8.125120497976283662e-01,9.999999963143052506e-01,1.000000000000000000e+00,0.000000000000000000e+00,4.429759489593127486e-01,-5.988411327326462752e-01
9.999999999947741802e-01,1.709642581538694161e-13,9.585309585588902559e-02,9.999999956995216932e-01,9.999999999999987788e-01,0.000000000000000000e+00,4.429759411445006734e-01,-2.940777122740166893e-01
9.999999999995523581e-01,3.628445648579257992e-13,9.999999998427445691e-01,5.575557931281296398e-01,9.999999999998702149e-01,0.000000000000000000e+00,4.429759543229946361e-01,-7.129309203483636947e-01
9.999999999994340083e-01,1.441434260940052662e-15,8.774461707430658564e-02,9.999999994575815565e-01,9.999999999999988898e-01,0.000000000000000000e+00,4.429759410560817345e-01,-2.906295338562377983e-01
9.999999999999519273e-01,4.243593559242326854e-14,3.650619114020120515e-01,9.999999984371493733e-01,9.999999999999995559e-01,0.000000000000000000e+00,4.429759440800898895e-01,-4.085603387067368031e-01
9.999999999999640288e-01,5.473600837489168196e-13,4.851044124716905603e-01,9.999999976715417960e-01,9.999999999999997780e-01,0.000000000000000000e+00,4.429759453890941279e-01,-4.596091159162399853e-01
9.999999999998826494e-01,1.765730142140660010e-13,1.526061090293681088e-01,9.999999989794865485e-01,9.999999999999644729e-01,0.000000000000000000e+00,4.429759417633642449e-01,-3.182122635012994971e-01
9.999999999970446973e-01,2.297622545401028786e-14,3.502950242575419426e-01,9.999999956646885568e-01,9.999999999999941158e-01,0.000000000000000000e+00,4.429759439190643078e-01,-4.022806336154564066e-01
9.999999999999917843e-01,2.202056629408913135e-12,9.421398234227336133e-01,9.999999983729451758e-01,9.999999999999998890e-01,0.000000000000000000e+00,4.429759503728395997e-01,-6.539661030560018906e-01
9.999999999998608891e-01,2.393790629604172157e-16,9.999999999999990008e-01,6.141085287470958720e-01,9.999999999999971134e-01,0.000000000000000000e+00,4.429759538987357859e-01,-7.085391345156651921e-01
9.999999999999281686e-01,3.081862978819842579e-13,9.500739086163865199e-01,9.999999983137279891e-01,9.999999999999990008e-01,0.000000000000000000e+00,4.429759504593568931e-01,-6.573401192912827762e-01
9.999999999770867731e-01,8.566671967471795133e-15,6.710322923682697782e-01,9.999999982652169050e-01,9.999999999999032996e-01,0.000000000000000000e+00,4.429759474165458344e-01,-5.386760365205270906e-01
9.999999999997923883e-01,1.632723931193565099e-13,1.621154051577939348e-01,9.999980687492387998e-01,9.999999999999995559e-01,0.000000000000000000e+00,4.429759418670728977e-01,-3.222562973121566587e-01
9.999999999999868994e-01,4.814950361286835632e-14,9.999999999999991118e-01,7.925775357601495541e-01,9.999999999999997780e-01,0.000000000000000000e+00,4.429759525598604974e-01,-6.946795455877404768e-01
9.999999999440567500e-01,3.222316186722117834e-15,3.201460500612306470e-01,9.999999982668610343e-01,9.999999999999946709e-01,0.000000000000000000e+00,4.429759435903046216e-01,-3.894596054323219425e-01
9.999999999995375921e-01,3.573594421833285516e-14,5.963507872990211345e-01,9.999999968455375310e-01,9.999999999999998890e-01,0.000000000000000000e+00,4.429759466021809255e-01,-5.069172888918415110e-01
9.999999999984722221e-01,3.022459580646440667e-13,9.999999999999800160e-01,1.329073994870388908e-01,9.999999999999930056e-01,0.000000000000000000e+00,4.429759575087087731e-01,-7.459083671616654199e-01
9.999999999991012745e-01,4.365218672556492613e-13,4.988386314208037575e-01,9.999999997918145311e-01,9.999999999999852340e-01,0.000000000000000000e+00,4.429759455388589950e-01,-4.654496728563969343e-01
9.999999999986131094e-01,1.402405334079752946e-14,1.007585206624280749e-01,9.999999986208499836e-01,9.999999999999943379e-01,0.000000000000000000e+00,4.429759411979918848e-01,-2.961637726962870198e-01
9.999999999966309172e-01,6.395248131770355745e-12,3.277395570714739526e-01,9.998790461940941787e-01,9.999999999995993205e-01,0.000000000000000000e+00,4.429759436740154377e-01,-3.926981817193068158e-01
9.999999999981905585e-01,7.975336206760477525e-14,8.691766029976237817e-01,9.999999998293285230e-01,9.999999999999898970e-01,0.000000000000000000e+00,4.429759495772117028e-01,-6.229380658188904407e-01
9.999999999999608091e-01,6.475521488294918053e-13,9.231923553584042708e-03,9.999999994585033747e-01,9.999999999999997780e-01,0.000000000000000000e+00,4.429759401999395219e-01,-2.572415507739486129e-01
9.999999999973876452e-01,2.913363563088663057e-14,4.804817897662060910e-01,9.999999769603418187e-01,9.999999999999733546e-01,0.000000000000000000e+00,4.429759453386868384e-01,-4.576433201255266647e-01
9.999999999999177325e-01,6.603958895932477304e-15,6.400584580328245732e-01,9.999999998211057672e-01,9.999999999999995559e-01,0.000000000000000000e+00,4.429759470787914544e-01,-5.255042318104173882e-01
9.999999999996440625e-01,1.994053926708584585e-12,9.999999999999977796e-01,8.030862025481457778e-01,9.999999999999996669e-01,0.000000000000000000e+00,4.429759524810244486e-01,-6.938634610235446809e-01
9.999999999769220160e-01,6.054091080449429848e-14,5.360772648156651998e-01,9.999999994047369389e-01,9.999999999999635847e-01,0.000000000000000000e+00,4.429759459449278958e-01,-4.812856199930234391e-01
9.999999999725849298e-01,3.628445648579257992e-13,9.999999998787882927e-01,5.228328744765076141e-01,9.999999999998742117e-01,0.000000000000000000e+00,4.429759545834861534e-01,-7.156274411025381754e-01
9.999999999966794340e-01,1.456996515637551557e-12,2.197600440155973722e-01,9.999999959103903491e-01,9.999999999999825695e-01,0.000000000000000000e+00,4.429759424956448144e-01,-3.467698681817631412e-01
9.999999999979605203e-01,4.658553499866002574e-13,3.885862201222355372e-01,9.999999963632890676e-01,9.999999999999630296e-01,0.000000000000000000e+00,4.429759443366108607e-01,-4.185641890274739430e-01
9.999999999981905585e-01,7.975336206760477525e-14,8.854573894489503605e-01,9.999999998293285230e-01,9.999999999999898970e-01,0.000000000000000000e+00,4.429759497547456348e-01,-6.298615656788618677e-01
9.999999999995686784e-01,5.690018974984386801e-12,9.999999999999880096e-01,3.768191421156937837e-01,9.999999999999998890e-01,0.000000000000000000e+00,4.429759556788818164e-01,-7.269666105845552506e-01
9.999999999992192912e-01,2.418532194397892799e-14,3.982119526645890861e-01,9.999999989348280494e-01,9.999999999999635847e-01,0.000000000000000000e+00,4.429759444415747316e-01,-4.226575880075694736e-01
9.999999999998262501e-01,1.336343460075668747e-14,9.999999999999803491e-01,7.806582809455189231e-01,9.999999999999764633e-01,0.000000000000000000e+00,4.429759526492788035e-01,-6.956051739351688523e-01
9.999999999868124378e-01,3.220791468853046077e-13,6.311345422531072780e-01,9.999999982965519507e-01,9.999999999999898970e-01,0.000000000000000000e+00,4.429759469814805728e-01,-5.217092844403220520e-01
9.999999999968207653e-01,3.566795341775130366e-13,2.969947850481698959e-01,9.999999952651141832e-01,9.999999999999562572e-01,0.000000000000000000e+00,4.429759433378515077e-01,-3.796143945301685418e-01
9.999999999763300451e-01,7.347021452675749304e-13,6.171181682633204435e-01,9.999999988191984324e-01,9.999999999999986677e-01,0.000000000000000000e+00,4.429759468286389446e-01,-5.157487392107397151e-01
9.999999999987062571e-01,6.448252491832660508e-14,3.395181906512320102e-01,9.999999999957606134e-01,9.999999999999990008e-01,0.000000000000000000e+00,4.429759438015481998e-01,-3.976977216246783131e-01
9.999999999996460609e-01,1.003121877519084087e-13,1.983868668196033247e-01,9.999999993663404307e-01,9.999999999999961142e-01,0.000000000000000000e+00,4.429759422625808019e-01,-3.376807990422591166e-01
9.999999999999086286e-01,9.972221153113016737e-14,9.999999999999986677e-01,2.069821474030097974e-01,9.999999999999996669e-01,0.000000000000000000e+00,4.429759569529996832e-01,-7.401558526311732278e-01
9.999999999994444444e-01,3.235509359800288719e-13,2.306635900703940534e-01,9.999989939831881447e-01,9.999999999999966693e-01,0.000000000000000000e+00,4.429759426145500889e-01,-3.514067428548383054e-01
9.999999999996254108e-01,4.191543180848149205e-13,7.417226040272282273e-01,9.999999987752025143e-01,9.999999999999983347e-01,0.000000000000000000e+00,4.429759481873887794e-01,-5.687375058308951070e-01
9.999999999988137267e-01,2.037557073858640986e-12,9.999999999870029521e-01,9.721343293766685489e-01,9.999999999999935607e-01,0.000000000000000000e+00,4.429759512128246257e-01,-6.807354810620428465e-01
9.999999999998233635e-01,3.509875775488140938e-14,9.999999999999845679e-01,4.727189399279609350e-01,9.999999999999991118e-01,0.000000000000000000e+00,4.429759549594410872e-01,-7.195192010972449870e-01
9.999999999969620967e-01,1.520834423857149336e-14,2.580465958168896012e-01,9.999999997684730912e-01,9.999999999999934497e-01,0.000000000000000000e+00,4.429759429131406856e-01,-3.630514484333126068e-01
9.999999999444456611e-01,1.415191115815320545e-14,8.899181385974818115e-01,9.999999994598197661e-01,9.999999999999988898e-01,0.000000000000000000e+00,4.429759498033879472e-01,-6.317585254281029572e-01
9.999999999999901190e-01,2.283000041336252329e-13,4.565592208243318684e-03,9.999999958799616895e-01,1.000000000000000000e+00,0.000000000000000000e+00,4.429759401490555581e-01,-2.552571662971901967e-01
9.999999999904874981e-01,1.314364652527427970e-13,2.861369132778394664e-01,9.999999962024319622e-01,9.999999999999535927e-01,0.000000000000000000e+00,4.429759432194517732e-01,-3.749970208480414291e-01
9.999999999998548939e-01,3.975459617954369470e-13,9.634997518819866658e-01,9.999999963848505979e-01,9.999999999999993339e-01,0.000000000000000000e+00,4.429759506057591167e-01,-6.630495379788007293e-01
9.999999999997041256e-01,2.565187980600933067e-13,8.566078377938698418e-01,9.999999988082042268e-01,9.999999999999983347e-01,0.000000000000000000e+00,4.429759494401555586e-01,-6.175931248295837284e-01
9.999999999999995559e-01,7.858985378161634121e-13,9.999999999999998890e-01,7.351926390508084497e-01,9.999999999999997780e-01,0.000000000000000000e+00,4.429759529903622428e-01,-6.991359556527386721e-01
9.999999999999960032e-01,6.795702385568689757e-16,9.999999998708795079e-01,2.714846377666186306e-01,9.999999999999983347e-01,0.000000000000000000e+00,4.429759564691017060e-01,-7.351467027178290037e-01
9.999999999988403721e-01,6.382709955656927806e-15,1.481547351130804990e-01,9.999999955863972945e-01,9.999999999999638067e-01,0.000000000000000000e+00,4.429759417148242395e-01,-3.163192909171604894e-01
9.999999999984400256e-01,3.528581932269316843e-15,4.168411949166462849e-01,9.999999982668610343e-01,9.999999999999946709e-01,0.000000000000000000e+00,4.429759446447174009e-01,-4.305797825128786505e-01
9.999999999991702193e-01,4.710072119454624752e-13,2.700694146052168843e-01,9.999999993234061080e-01,9.999999999999988898e-01,0.000000000000000000e+00,4.429759430442435919e-01,-3.681642226234099757e-01
9.999999999981428189e-01,4.487303988996331715e-15,9.541608001401802319e-01,9.999999985743107667e-01,9.999999999999833467e-01,0.000000000000000000e+00,4.429759505039224110e-01,-6.590780938443810966e-01
9.999999999991792121e-01,3.593579521009871819e-13,3.697601532141430170e-01,9.999933924379477146e-01,9.999999999999625855e-01,0.000000000000000000e+00,4.429759441313714796e-01,-4.105588065843933654e-01
9.999999999998574474e-01,5.735819180189595320e-14,9.999999999999992228e-01,4.262056740297318624e-01,9.999999999999996669e-01,0.000000000000000000e+00,4.429759553083838508e-01,-7.231313394503297021e-01
9.999999999997497557e-01,4.653481301761579056e-15,4.347546448473448844e-01,9.999999985312509887e-01,9.999999999999982236e-01,0.000000000000000000e+00,4.429759448400547583e-01,-4.381975820667135535e-01
9.999999999999317213e-01,6.175099714803544977e-12,6.921516891436879648e-02,9.999999997886155345e-01,9.999999999999985567e-01,0.000000000000000000e+00,4.429759408540272503e-01,-2.827497773989361418e-01
9.999999999997759570e-01,7.119683092632431515e-14,9.824166033764814010e-01,9.999999992847817820e-01,9.999999999999983347e-01,0.000000000000000000e+00,4.429759508120379996e-01,-6.710940397230950039e-01
9.999999999999827915e-01,1.490377509587450385e-14,6.063928462005939712e-01,9.999999998157409475e-01,9.999999999999995559e-01,0.000000000000000000e+00,4.429759467116846094e-01,-5.111877330645416828e-01
9.999999999985367261e-01,4.168820707243447355e-13,9.999999999999986677e-01,5.329791526197447116e-01,9.999999999999789058e-01,0.000000000000000000e+00,4.429759545073687077e-01,-7.148394990548015970e-01
9.999999999998623323e-01,8.516404891369398168e-14,9.777447559533676280e-01,9.999999982524905295e-01,1.000000000000000000e+00,0.000000000000000000e+00,4.429759507610938063e-01,-6.691073093055387444e-01
9.999999999993429700e-01,9.806930376588433871e-14,1.926245557267797226e-01,9.999999965553361125e-01,9.999999999997516431e-01,0.000000000000000000e+00,4.429759421997456759e-01,-3.352303426956760868e-01
9.999999999998852029e-01,5.447676396961398881e-12,8.409432620881325260e-01,9.999999523336886575e-01,9.999999999999995559e-01,0.000000000000000000e+00,4.429759492693414180e-01,-6.109316758104262890e-01
9.999999999754892732e-01,4.989061677549498765e-14,2.259085494700483476e-01,9.999999982373176666e-01,9.999999999999996669e-01,0.000000000000000000e+00,4.429759425626911828e-01,-3.493845559820462077e-01
9.999999999989415134e-01,2.273834279772095689e-14,5.277429833291956696e-01,9.999999961616768962e-01,9.999999999999612532e-01,0.000000000000000000e+00,4.429759458540467043e-01,-4.777414181952367445e-01
9.999999999982495114e-01,4.909687612443372752e-15,9.999999999999991118e-01,3.168101014123221315e-01,9.999999999999978906e-01,0.000000000000000000e+00,4.429759561290698699e-01,-7.316268070521191325e-01
9.999999999999680256e-01,4.680303586755406193e-14,4.938654858535383996e-01,9.999999435112504331e-01,9.999999999999730216e-01,0.000000000000000000e+00,4.429759454846297073e-01,-4.633348179262631872e-01
9.999999999997629674e-01,8.285716626886793453e-15,7.728229941160207339e-01,9.999999999767885672e-01,9.999999999999990008e-01,0.000000000000000000e+00,4.429759485265231667e-01,-5.819631289014731701e-01
9.999999999990015764e-01,4.022297978875589141e-13,6.264774460806386003e-01,9.999999999528653705e-01,9.999999999999835687e-01,0.000000000000000000e+00,4.429759469306972508e-01,-5.197288268695384739e-01
9.999999999996460609e-01,1.003121877519084087e-13,9.934046209871811861e-01,9.999999993663404307e-01,9.999999999999961142e-01,0.000000000000000000e+00,4.429759509318569322e-01,-6.757667586062302556e-01
9.999999999997016831e-01,5.693729061086766041e-14,9.999999999249821192e-01,8.857863399492788004e-01,9.999999999999874545e-01,0.000000000000000000e+00,4.429759518606076196e-01,-6.874411138972617019e-01
9.999999999950068830e-01,2.823350670115055652e-14,7.795298997230704074e-02,9.999992506976215223e-01,9.999999999999995559e-01,0.000000000000000000e+00,4.429759409493144728e-01,-2.864656451890984501e-01
9.999999999985634824e-01,4.262430725684335910e-13,4.942303479475265715e-02,9.999999966951198527e-01,9.999999999999934497e-01,0.000000000000000000e+00,4.429759406382037801e-01,-2.743330566033587159e-01
9.999999999455867483e-01,5.437451524596748105e-14,9.999998736441767511e-01,2.289521696283800534e-01,9.999999999999990008e-01,0.000000000000000000e+00,4.429759567881790816e-01,-7.384496456451837831e-01
9.999999999762462233e-01,3.038226123423632309e-13,1.835231182028565222e-01,9.999999995721891022e-01,9.999999999999670264e-01,0.000000000000000000e+00,4.429759421004989539e-01,-3.313599028112071965e-01
9.999999999988122834e-01,2.206333943299009463e-14,6.120479639378204606e-01,9.999999990012052864e-01,9.999999999999987788e-01,0.000000000000000000e+00,4.429759467733508371e-01,-5.135926050907576590e-01
9.999999999989401811e-01,1.723916913769688804e-14,1.876714072481024675e-01,9.999999978257732014e-01,9.999999999999893419e-01,0.000000000000000000e+00,4.429759421457340474e-01,-3.331239871757533111e-01
9.999999999970633491e-01,2.589230462166111988e-13,5.661696397043005646e-01,9.999999995209145620e-01,9.999999999999905631e-01,0.000000000000000000e+00,4.429759462730703534e-01,-4.940825787770547484e-01
9.999999999998826494e-01,1.786349960666950229e-13,1.569891355343299155e-01,9.999999989794865485e-01,9.999999999999646949e-01,0.000000000000000000e+00,4.429759418111590130e-01,-3.200761712115495206e-01
9.999999999992343902e-01,6.033264514637267754e-12,9.999999999999783507e-01,1.510499793281228631e-01,9.999999999999997780e-01,0.000000000000000000e+00,4.429759573726030353e-01,-7.444994463472961455e-01
9.999999999997041256e-01,2.565187980600933067e-13,9.126617012608660984e-01,9.999999997453177247e-01,9.999999999999983347e-01,0.000000000000000000e+00,4.429759500513952286e-01,-6.414303587278772367e-01
9.999999999976442178e-01,1.402405334079752946e-14,1.141057317952759720e-01,9.999999963700542116e-01,9.999999999999986677e-01,0.000000000000000000e+00,4.429759413435366833e-01,-3.018397526338906234e-01
9.999999999995976552e-01,2.691984234924574302e-13,8.607098496281730959e-01,9.999999964729702207e-01,9.999999999998656630e-01,0.000000000000000000e+00,4.429759494848860002e-01,-6.193375295858937202e-01
9.999999999991715516e-01,6.932162035028214879e-14,7.061320475984267375e-01,9.999999985712487716e-01,9.999999999999824585e-01,0.000000000000000000e+00,4.429759477992913363e-01,-5.536024131277094140e-01
9.999999999994314548e-01,3.472187132346938761e-13,9.999999999252615623e-01,6.274912034099240365e-01,9.999999999999992228e-01,0.000000000000000000e+00,4.429759537983388729e-01,-7.074998595269373913e-01
9.999999999985385024e-01,3.230084298867529928e-13,3.782072245616205919e-01,9.999999985197718377e-01,9.999999999999994449e-01,0.000000000000000000e+00,4.429759442234330602e-01,-4.141504601663353879e-01
9.999999999983183452e-01,1.960863336475284068e-14,6.575073724074437242e-01,9.999999991331660620e-01,9.999999999999942268e-01,0.000000000000000000e+00,4.429759472690632527e-01,-5.329244849703190789e-01
9.999999999998233635e-01,3.509875775488140938e-14,9.999999999999845679e-01,9.574963225466894823e-01,9.999999999999991118e-01,0.000000000000000000e+00,4.429759513226390610e-01,-6.818722429106510718e-01
9.999999999999281686e-01,2.907025134331202142e-13,9.343917574506247492e-01,9.999999983137279891e-01,9.999999999999996669e-01,0.000000000000000000e+00,4.429759502883507949e-01,-6.506711925946854214e-01
9.999999999982666088e-01,2.310863521124088768e-14,9.027908887117696013e-01,9.999999999596582700e-01,9.999999999999943379e-01,0.000000000000000000e+00,4.429759499437588843e-01,-6.372327378220891125e-01
9.999999999987130295e-01,6.448252491832660508e-14,5.488589915335817526e-01,9.999999996862070084e-01,9.999999999999990008e-01,0.000000000000000000e+00,4.429759460843062935e-01,-4.867211241718943926e-01
9.999999999969620967e-01,1.520834423857149336e-14,2.534549282577487905e-01,9.999999997137684060e-01,9.999999999999934497e-01,0.000000000000000000e+00,4.429759428630708484e-01,-3.610988148960930788e-01
9.999999999998152589e-01,1.372048362463991752e-14,9.999999999999995559e-01,9.803130031733742200e-01,9.999999999999971134e-01,0.000000000000000000e+00,4.429759511514682058e-01,-6.801003396562389502e-01
9.999999999996356248e-01,6.445316533827725880e-12,9.999999999999783507e-01,3.710849671694255170e-02,9.999999999999996669e-01,0.000000000000000000e+00,4.429759582273925522e-01,-7.533479413173557182e-01
9.999999999992249533e-01,6.416911607209097630e-12,3.058943427441184748e-01,9.999999985633544197e-01,9.999999999999988898e-01,0.000000000000000000e+00,4.429759434348967684e-01,-3.833989833437926320e-01
9.999999999919201299e-01,7.531983663520895645e-14,7.945568023384832479e-01,9.999999994993740149e-01,9.999999999999987788e-01,0.000000000000000000e+00,4.429759487635196447e-01,-5.912055582675793675e-01
9.999999999998610001e-01,1.866138578149691675e-12,3.556819307517235518e-01,9.999999990952757045e-01,9.999999999999997780e-01,0.000000000000000000e+00,4.429759439778058194e-01,-4.045714469082045683e-01
9.999999999999884537e-01,2.461251578933029358e-14,7.404805865624858319e-02,9.999999993850643421e-01,9.999999999999994449e-01,0.000000000000000000e+00,4.429759409067274833e-01,-2.848049921191121436e-01
9.999999999981890042e-01,3.666656796901038941e-13,9.999999998789398381e-01,4.361468288793142745e-01,9.999999999999831246e-01,0.000000000000000000e+00,4.429759552338052297e-01,-7.223593268119256061e-01
9.999999999997992717e-01,7.320547963123242098e-14,5.401724769890411393e-01,9.999999958189571547e-01,9.999999999998446798e-01,0.000000000000000000e+00,4.429759459895841744e-01,-4.830271332504197934e-01
9.999999999722071209e-01,6.795702385568689757e-16,9.999999998708795079e-01,9.319070485244921320e-01,9.999999999999851230e-01,0.000000000000000000e+00,4.429759515146098892e-01,-6.838594608313376400e-01
9.999999999996763700e-01,6.038622332883381518e-12,9.999999999983374410e-01,8.634989720134640390e-01,9.999999999999992228e-01,0.000000000000000000e+00,4.429759520278075957e-01,-6.891719116891120711e-01
9.999999999999007461e-01,2.352546562332363188e-12,7.633961666535409307e-01,9.999999968089680058e-01,9.999999999999997780e-01,0.000000000000000000e+00,4.429759484237282829e-01,-5.779543155186103176e-01
9.999999999826719721e-01,8.403129035169341086e-13,9.460877531681473052e-01,9.999999983376999246e-01,9.999999999999833467e-01,0.000000000000000000e+00,4.429759504158898298e-01,-6.556449833217138368e-01
9.999999999998610001e-01,1.070518924082554062e-15,3.611132816237747623e-01,9.999999990952757045e-01,9.999999999999997780e-01,0.000000000000000000e+00,4.429759440370320545e-01,-4.068811606996795005e-01
9.999999999999228395e-01,2.654339257150363783e-14,8.513803257074150643e-01,9.999992142534951389e-01,9.999999999999735767e-01,0.000000000000000000e+00,4.429759493831579853e-01,-6.153701556038274623e-01
9.999999999658641947e-01,3.573594421833285516e-14,4.389702619827510199e-01,9.999999953001155184e-01,9.999999999999998890e-01,0.000000000000000000e+00,4.429759448860239868e-01,-4.399902982125470929e-01
9.999999999955303531e-01,1.656672384765131286e-13,5.857451320586894994e-01,9.999999989651324750e-01,1.000000000000000000e+00,0.000000000000000000e+00,4.429759464865314356e-01,-5.024071716757495532e-01
9.999999999947657425e-01,9.132091694254161974e-14,8.324990878260760674e-01,9.999999954362271959e-01,9.999999999999998890e-01,0.000000000000000000e+00,4.429759491772615743e-01,-6.073407378660488076e-01
9.999999999994120259e-01,1.337089982073565433e-12,9.999999999987094768e-01,6.782166333653325552e-01,9.999999999999981126e-01,0.000000000000000000e+00,4.429759534177964975e-01,-7.035606119593597052e-01
9.999999999991012745e-01,1.867720956265817698e-14,4.161526147500710371e-02,9.999999969556075952e-01,9.999999999999852340e-01,0.000000000000000000e+00,4.429759405530638849e-01,-2.710127552169515619e-01
9.999999999989885868e-01,1.244209388515518106e-14,9.999999999999978906e-01,6.529893452759801820e-01,9.999999999999680256e-01,0.000000000000000000e+00,4.429759536070517201e-01,-7.055197187457883379e-01
9.999999999999894529e-01,3.798006490224096176e-14,9.999999999999997780e-01,8.454865657945731527e-01,9.999999999999985567e-01,0.000000000000000000e+00,4.429759521629367258e-01,-6.905707234494061764e-01
9.999999999998390177e-01,3.929841471917451254e-13,5.956163021174937233e-02,9.999999975711384437e-01,9.999999999999997780e-01,0.000000000000000000e+00,4.429759407487601774e-01,-2.786445536589737815e-01
9.999999999999250599e-01,7.318360630053728096e-13,2.912569964331832018e-01,9.999999982899313578e-01,9.999999999999905631e-01,0.000000000000000000e+00,4.429759432752837234e-01,-3.771743660567429268e-01
9.999999999999652500e-01,2.271196540801422863e-14,3.352493051458776963e-02,9.999999971073409988e-01,9.999999999999945599e-01,0.000000000000000000e+00,4.429759404648427878e-01,-2.675722945471715741e-01
9.999999999835298414e-01,6.260950874606762249e-15,8.043412889289740519e-01,9.999999973629437600e-01,9.999999999999791278e-01,0.000000000000000000e+00,4.429759488702146308e-01,-5.953664687029381897e-01
9.999999999964174213e-01,7.664946315104175464e-14,9.999999999999147349e-01,9.103424730524976027e-01,9.999999999999487077e-01,0.000000000000000000e+00,4.429759516763874250e-01,-6.855341278579204500e-01
9.999999999996398437e-01,4.059162488594988883e-13,9.735622552460030388e-01,9.999999993697785694e-01,9.999999999999835687e-01,0.000000000000000000e+00,4.429759507154857334e-01,-6.673286762786000414e-01
9.999999999990042410e-01,4.604323038630988593e-13,1.399744578606355178e-02,9.999999980391042209e-01,9.999999999999863443e-01,0.000000000000000000e+00,4.429759402519052314e-01,-2.592681171433158793e-01
9.999999999990635269e-01,1.744146328254548475e-13,3.241721663404494302e-01,9.999999989845826942e-01,9.999999999999937828e-01,0.000000000000000000e+00,4.429759436342073919e-01,-3.911717349214162143e-01
9.999999999686466357e-01,4.505078228701396972e-14,4.082156630548893217e-01,9.999999958126503108e-01,9.999999999999936717e-01,0.000000000000000000e+00,4.429759445506602500e-01,-4.269117247250563407e-01
9.999999999789545013e-01,9.163676123479601463e-14,9.384278498767469889e-01,9.999999982683469568e-01,9.999999999999963363e-01,0.000000000000000000e+00,4.429759503323623671e-01,-6.523875645581268534e-01
9.999999999995473621e-01,2.227511795043072213e-14,3.838103735848226727e-01,9.999999951311105972e-01,9.999999999999974465e-01,0.000000000000000000e+00,4.429759442845326300e-01,-4.165332323914984203e-01
9.999999999999763522e-01,8.464653391316393668e-15,6.864325887409437055e-01,9.999999987037231364e-01,9.999999999999660272e-01,0.000000000000000000e+00,4.429759475844784467e-01,-5.452251027805233852e-01
9.999999999970633491e-01,1.870718329778249776e-13,5.710887628733133381e-01,9.999999996105510824e-01,9.999999999999905631e-01,0.000000000000000000e+00,4.429759463267110009e-01,-4.961744647285860621e-01
9.999999999997195577e-01,1.042426197948140988e-15,8.166918144728473328e-01,9.999999993538878362e-01,9.999999999999971134e-01,0.000000000000000000e+00,4.429759490048910120e-01,-6.006186019226139594e-01
9.999999999991847632e-01,4.565479788310068847e-13,1.351121185843762174e-01,9.999999815315764318e-01,9.999999999999997780e-01,0.000000000000000000e+00,4.429759415726010618e-01,-3.107728428869892534e-01
9.999999999963341546e-01,1.415191115815320545e-14,9.998363157360072861e-01,9.999999994598197661e-01,9.999999999999988898e-01,0.000000000000000000e+00,4.429759510019913860e-01,-6.785018744879113273e-01
9.999999999903030901e-01,1.323362666288258650e-13,7.320137461352254071e-01,9.999999966171446708e-01,9.999999999999991118e-01,0.000000000000000000e+00,4.429759480815185224e-01,-5.646087572755070783e-01
9.999999999998828715e-01,5.515689104368688956e-14,6.906279094469773838e-01,9.999999989711260140e-01,9.999999999999660272e-01,0.000000000000000000e+00,4.429759476302263521e-01,-5.470091874781449759e-01
9.999999999999824585e-01,3.022459580646440667e-13,9.999999999999805711e-01,7.564284962590679673e-02,9.999999999999930056e-01,0.000000000000000000e+00,4.429759579383076851e-01,-7.503554313017560817e-01
9.999999999989226396e-01,9.186028532818867128e-14,7.673549113604858363e-01,9.999999987859161665e-01,9.999999999999821254e-01,0.000000000000000000e+00,4.429759484668964187e-01,-5.796377947536527353e-01
9.999999999990976107e-01,2.957308820904284239e-13,6.749179890551715300e-01,9.999999967393378153e-01,9.999999999999950040e-01,0.000000000000000000e+00,4.429759474589174406e-01,-5.403284519291952082e-01
9.999999999985416110e-01,4.835043174606445175e-15,9.999999999999195088e-01,8.744795731631158642e-01,9.999999999998658851e-01,0.000000000000000000e+00,4.429759519454310457e-01,-6.883191775344531527e-01
9.999999999827297037e-01,1.256098551317781555e-14,1.385114733445936552e-01,9.999999983384123547e-01,9.999999999999867883e-01,0.000000000000000000e+00,4.429759416096692437e-01,-3.122184371171775608e-01
9.999999999994487743e-01,1.126701079372373245e-13,4.622282257446843623e-01,9.999999974140293402e-01,9.999999999999990008e-01,0.000000000000000000e+00,4.429759451396406145e-01,-4.498808834535886758e-01
9.999999999970038411e-01,1.338325739273684024e-14,5.744484967462550884e-01,9.999999962910813833e-01,9.999999999999968914e-01,0.000000000000000000e+00,4.429759463633472505e-01,-4.976032115074683349e-01
9.999999999988276045e-01,8.174127059733860319e-15,1.786998190819525101e-01,9.999999955765227488e-01,9.999999999997178923e-01,0.000000000000000000e+00,4.429759420479033039e-01,-3.293087669008697427e-01
9.999999999989437338e-01,3.996466032241824356e-13,6.228857411563867297e-01,9.999999999405752016e-01,9.999999999999795719e-01,0.000000000000000000e+00,4.429759468915314691e-01,-5.182014333004906215e-01
9.999999999997986055e-01,5.866642037663845068e-15,6.818684736140349090e-01,9.999999987243027855e-01,9.999999999999645839e-01,0.000000000000000000e+00,4.429759475347090358e-01,-5.432841860698903735e-01
9.999999999997160050e-01,3.601311629414034121e-14,4.215728538520691071e-01,9.999999985197718377e-01,9.999999999999995559e-01,0.000000000000000000e+00,4.429759446963138503e-01,-4.325919481880805550e-01
9.999999999713083954e-01,4.710072119454624752e-13,8.806209154877309153e-01,9.999999993261230458e-01,9.999999999999988898e-01,0.000000000000000000e+00,4.429759497020063219e-01,-6.278048268198767046e-01
9.999999999957156493e-01,4.796129476533060955e-14,2.491981036715585074e-01,9.999999975611377767e-01,9.999999999996257438e-01,0.000000000000000000e+00,4.429759428166522572e-01,-3.592885754591138570e-01
9.999999999371835813e-01,3.746123189202347513e-14,3.323438720745423014e-01,9.999999982668610343e-01,9.999999999999946709e-01,0.000000000000000000e+00,4.429759437233158348e-01,-3.946468007351023877e-01
9.999999999998862021e-01,7.507127267507178679e-13,9.207866073912077676e-01,9.999999996086520460e-01,9.999999999999988898e-01,0.000000000000000000e+00,4.429759501399933574e-01,-6.448855226911484051e-01
9.999999999998250289e-01,3.517509665828400408e-14,4.307818428247421338e-01,9.999999985356596843e-01,9.999999999999937828e-01,0.000000000000000000e+00,4.429759447967333008e-01,-4.365081247217149629e-01
9.999999999997642997e-01,4.207625701385943496e-13,2.356403891972783105e-01,9.999999987859161665e-01,9.999999999999983347e-01,0.000000000000000000e+00,4.429759426688120727e-01,-3.535230778214867309e-01
9.999999999928406158e-01,1.126554342546327621e-13,6.531881133934627215e-01,9.999999973197155612e-01,9.999999999999725775e-01,0.000000000000000000e+00,4.429759472219638727e-01,-5.310876949003769942e-01
9.999999999753451663e-01,4.115642341417363153e-13,8.733420958675415235e-01,9.999999993206661886e-01,9.999999999999983347e-01,0.000000000000000000e+00,4.429759496226343685e-01,-6.247094661155535578e-01
9.999999999992995603e-01,1.915315369835393380e-14,2.755570236100254311e-01,9.999999951647949858e-01,9.999999999999998890e-01,0.000000000000000000e+00,4.429759431040833362e-01,-3.704978608383177052e-01
9.999999999998424594e-01,4.023556918838122818e-13,3.369604059906106119e-01,9.999999917549395878e-01,9.999999999999997780e-01,0.000000000000000000e+00,4.429759437736568994e-01,-3.966100093471812693e-01
9.999999999996359579e-01,2.085196249202246193e-14,9.999999999999845679e-01,3.901062352052458992e-01,9.999999999999980016e-01,0.000000000000000000e+00,4.429759555792019965e-01,-7.259347583238452417e-01
9.999999999951314500e-01,2.123039110710847969e-14,9.203905535477255317e-02,9.999993052778228808e-01,9.999999999999935607e-01,0.000000000000000000e+00,4.429759411029156602e-01,-2.924558228130064164e-01
9.999999999998719913e-01,5.559020166309428414e-13,4.544385206158620405e-01,9.999999977532271211e-01,9.999999999999997780e-01,0.000000000000000000e+00,4.429759450546976729e-01,-4.465682656651938087e-01
9.999999999999601430e-01,1.402405334079752946e-14,1.432889846810874168e-01,9.999999963700542116e-01,9.999999999999943379e-01,0.000000000000000000e+00,4.429759416617656265e-01,-3.142501019664262207e-01
9.999999999998320233e-01,7.602989651563452439e-14,9.999999999999983347e-01,1.020128836561296493e-01,1.000000000000000000e+00,0.000000000000000000e+00,4.429759577404795423e-01,-7.483075808777525095e-01
9.999999999989371835e-01,1.520952947292371430e-14,9.999999999999978906e-01,9.917352709112481346e-01,9.999999999999993339e-01,0.000000000000000000e+00,4.429759510657783061e-01,-6.792133064510071927e-01
9.999999999998534506e-01,6.149930249110741635e-15,7.843056029734419843e-01,9.999999962215763150e-01,9.999999999999995559e-01,0.000000000000000000e+00,4.429759486517353961e-01,-5.868461759102067132e-01
9.999999999999837907e-01,5.747327952682057139e-13,9.999999999999956701e-01,7.687905166893270748e-01,9.999999999999985567e-01,0.000000000000000000e+00,4.429759527383108075e-01,-6.965268036172796995e-01
9.999999999827339225e-01,1.393476253292426280e-14,4.892725516666400765e-01,9.999999977997777734e-01,9.999999999999756861e-01,0.000000000000000000e+00,4.429759454345456038e-01,-4.613816415285626471e-01
9.999999999998534506e-01,6.149930249110741635e-15,9.598644762555651466e-01,9.999999985991081530e-01,9.999999999999994449e-01,0.000000000000000000e+00,4.429759505661182151e-01,-6.615036155398720252e-01
9.999999999978660403e-01,4.058391933060255025e-13,8.374080982427188902e-01,9.999999963488217514e-01,9.999999999999996669e-01,0.000000000000000000e+00,4.429759492307918656e-01,-6.094283232472054168e-01
9.999999999999641398e-01,8.538366558345414825e-14,3.015761762905170840e-01,9.999999985402675540e-01,9.999999999999990008e-01,0.000000000000000000e+00,4.429759433878093233e-01,-3.815626577525782492e-01
9.999999999999371614e-01,1.544204296723415094e-14,5.018509725462078075e-01,9.999999982511785790e-01,1.000000000000000000e+00,0.000000000000000000e+00,4.429759455717070527e-01,-4.667306886944816435e-01
9.999999999998834266e-01,2.305374657218174479e-12,9.999999999999990008e-01,1.793560354511098964e-01,9.999999999999996669e-01,0.000000000000000000e+00,4.429759571602508994e-01,-7.423012478558349558e-01
9.999999999996447286e-01,1.288824668779147842e-12,9.999999999789932481e-01,6.667512243389724924e-01,9.999999999999992228e-01,0.000000000000000000e+00,4.429759535038100271e-01,-7.044509954334404744e-01
9.999999999982707166e-01,1.573184519370036695e-14,7.477605324367820883e-01,9.999999966218342529e-01,9.999999999999971134e-01,0.000000000000000000e+00,4.429759482532294457e-01,-5.713051704419470633e-01
9.999999999999699130e-01,2.004064517020488354e-12,9.898527752891315146e-01,9.999999994662238656e-01,9.999999999999686917e-01,0.000000000000000000e+00,4.429759508931258027e-01,-6.742563153979622692e-01
9.999999999773816484e-01,6.394823146342616286e-15,9.999999999999976685e-01,7.243191615231466818e-01,9.999999999998490097e-01,0.000000000000000000e+00,4.429759530719351579e-01,-6.999803707764261640e-01
9.999999999997851718e-01,5.207892957148014845e-13,8.206126374156974546e-01,9.999999992454926545e-01,9.999999999999994449e-01,0.000000000000000000e+00,4.429759490476456452e-01,-6.022859548672548913e-01
9.999999999981905585e-01,7.975336206760477525e-14,8.769818885413780407e-01,9.999999998293285230e-01,9.999999999999898970e-01,0.000000000000000000e+00,4.429759496623245085e-01,-6.262573092435016475e-01
9.999999999995976552e-01,2.691984234924574302e-13,9.302360377231971844e-01,9.999999964729702207e-01,9.999999999998656630e-01,0.000000000000000000e+00,4.429759502430347107e-01,-6.489039485668702811e-01
9.999999999995982103e-01,6.005884194832692634e-12,1.685233189430498379e-01,9.999999997731469081e-01,9.999999999999995559e-01,0.000000000000000000e+00,4.429759419369335705e-01,-3.249811502456253498e-01
9.999999999976442178e-01,2.699778489620932748e-15,5.504103727324530237e-02,9.999999963726291519e-01,9.999999999999986677e-01,0.000000000000000000e+00,4.429759406994653315e-01,-2.767221451095110973e-01
9.999999999998868683e-01,1.765730142140660010e-13,1.939885718270265014e-02,9.999999966936203855e-01,9.999999999999682476e-01,0.000000000000000000e+00,4.429759403108049498e-01,-2.615650991017480775e-01
9.999999999956320496e-01,7.267438818109942904e-14,8.086656844559185764e-01,9.999999963271337666e-01,9.999999999996257438e-01,0.000000000000000000e+00,4.429759489173700215e-01,-5.972054433262486972e-01
9.999999999997011280e-01,1.979839573510187466e-12,9.999999999976297849e-01,9.452484017750516498e-01,9.999999999999990008e-01,0.000000000000000000e+00,4.429759514145230059e-01,-6.828233948772334250e-01
9.999999999955401231e-01,4.152713163962371303e-13,7.803708146886355612e-01,9.999999999738103940e-01,9.999999999999983347e-01,0.000000000000000000e+00,4.429759486088284404e-01,-5.851728838382440623e-01
