9.999999999999963363e-01,1.762079730616565793e-13,9.999999999999363842e-01,4.103495321317041089e-12,9.999999999999972244e-01,0.000000000000000000e+00,4.429759585057806426e-01,-7.562297218509018704e-01
9.999999999999978906e-01,2.655616194762008195e-13,1.235665153531684268e-09,9.999999958586803794e-01,9.999999999994692024e-01,0.000000000000000000e+00,4.429759400992699936e-01,-2.533156219791582453e-01
9.999999999999625855e-01,9.310801125039490718e-14,9.999999999999363842e-01,7.239912185976998815e-02,9.999999999999853451e-01,0.000000000000000000e+00,4.429759579626421084e-01,-7.506073334909885153e-01
9.999999999999299449e-01,1.061357117592691157e-14,9.999999999999688027e-01,2.855424945253929314e-01,9.999999999994636513e-01,0.000000000000000000e+00,4.429759563636396225e-01,-7.340549943634672170e-01
9.999999999999934497e-01,3.257505021537515131e-12,4.319002001367451826e-01,9.999999983251535163e-01,9.999999999999773515e-01,0.000000000000000000e+00,4.429759448089284346e-01,-4.369837127398549237e-01
9.999999999999831246e-01,3.316586521634477667e-12,6.390051506356677624e-01,9.999999996936284052e-01,9.999999999999987788e-01,0.000000000000000000e+00,4.429759470673056421e-01,-5.250563066765224773e-01
9.999999999998689937e-01,2.769887281976766086e-12,7.831033713454561562e-01,9.999999984951210008e-01,9.999999999999750200e-01,0.000000000000000000e+00,4.429759486386256051e-01,-5.863349196870845104e-01
9.999999999999985567e-01,3.191042016552284817e-10,9.999999999999925615e-01,2.180622200352612117e-01,9.999999999999876765e-01,0.000000000000000000e+00,4.429759568698769523e-01,-7.392953936954190786e-01
9.999999999998873124e-01,1.072474927770530969e-10,2.604970584052222482e-01,9.999999963205196130e-01,9.999999999999968914e-01,0.000000000000000000e+00,4.429759429398618109e-01,-3.640935222794717818e-01
9.999999999999694689e-01,3.922577526021962581e-13,1.000000000000000000e+00,5.130275031210279613e-01,9.999999999998461231e-01,0.000000000000000000e+00,4.429759546570460893e-01,-7.163889090344405242e-01
9.999999999997686295e-01,3.186871732732640994e-12,9.999999999999925615e-01,2.616754632891840071e-01,9.999999999999876765e-01,0.000000000000000000e+00,4.429759565426901746e-01,-7.359084659959015395e-01
9.999999999999767963e-01,2.703434597786028626e-13,9.999999999999688027e-01,1.356411695672092854e-01,9.999999999999148459e-01,0.000000000000000000e+00,4.429759574882000117e-01,-7.456960673895073333e-01
9.999999999999115152e-01,6.892064987202518780e-12,9.999999999999882316e-01,3.944364941867858909e-01,9.999999999999452660e-01,0.000000000000000000e+00,4.429759555467163712e-01,-7.255984780341914187e-01
9.999999999999454880e-01,2.342687790476501919e-12,4.555549722774398513e-01,9.999999963180480345e-01,9.999999999999876765e-01,0.000000000000000000e+00,4.429759450668720455e-01,-4.470430433893689548e-01
9.999999999999900080e-01,3.777145580124823926e-12,3.293383552077502330e-01,9.999999962467489567e-01,9.999999999999724665e-01,0.000000000000000000e+00,4.429759436905421621e-01,-3.933686872293932213e-01
9.999999999999857891e-01,3.237450622120631039e-11,9.999999999999829026e-01,7.730969341531866990e-01,9.999999999999948930e-01,0.000000000000000000e+00,4.429759527060040392e-01,-6.961923748178012739e-01
9.999999999999352740e-01,7.513665317964865604e-13,9.999999999999885647e-01,4.509226856412986151e-01,9.999999999999660272e-01,0.000000000000000000e+00,4.429759551229566772e-01,-7.212118598370901301e-01
9.999999999999401590e-01,7.251819743569400527e-13,8.796867965694481484e-01,9.999999982382843378e-01,9.999999999999947820e-01,0.000000000000000000e+00,4.429759496918201922e-01,-6.274075873599801456e-01
9.999999999999759082e-01,2.771845052428884318e-13,9.999999999999688027e-01,1.624290054699283337e-01,9.999999999993194333e-01,0.000000000000000000e+00,4.429759572872375428e-01,-7.436157712083416582e-01
9.999999999999586997e-01,2.165131086481667547e-11,9.999999999999925615e-01,2.461331845756683512e-01,9.999999999998240297e-01,0.000000000000000000e+00,4.429759566592884057e-01,-7.371154520020443135e-01
9.999999999981901144e-01,3.016728940665986703e-10,9.999999999999925615e-01,5.861718984374074681e-01,9.999999999999876765e-01,0.000000000000000000e+00,4.429759541083165275e-01,-7.107086440494315704e-01
9.999999999999023004e-01,2.403291966216244281e-13,9.286638855480792154e-01,9.999999988602594758e-01,9.999999999999865663e-01,0.000000000000000000e+00,4.429759502258911463e-01,-6.482353814550193549e-01
9.999999999999615863e-01,2.224422243672405379e-13,7.002568361608078051e-01,9.999999998669137913e-01,9.999999999999849010e-01,0.000000000000000000e+00,4.429759477352250285e-01,-5.511039449297666648e-01
9.999999999999977796e-01,4.753110544784171494e-13,9.999999999999990008e-01,4.361292302963786227e-01,9.999999999998900879e-01,0.000000000000000000e+00,4.429759552339372353e-01,-7.223606935388541261e-01
9.999999999999055200e-01,7.114734184191093283e-13,9.999999999999767963e-01,9.144000233479028239e-01,9.999999999999985567e-01,0.000000000000000000e+00,4.429759516459476631e-01,-6.852190256447999728e-01
9.999999999999586997e-01,2.165131086481667547e-11,9.999999999999925615e-01,2.340415465319646837e-01,9.999999999998240297e-01,0.000000000000000000e+00,4.429759567499999551e-01,-7.380544673275136747e-01
9.999999999999976685e-01,1.389425371753315271e-10,9.999999999999931166e-01,3.673965314411066219e-01,9.999999999999996669e-01,0.000000000000000000e+00,4.429759557495702715e-01,-7.276983539433633519e-01
9.999999999999686917e-01,4.317827800434302227e-11,1.185144512824914120e-01,9.999999963102494949e-01,9.999999999999165112e-01,0.000000000000000000e+00,4.429759413916115607e-01,-3.037145864400622175e-01
9.999999999999341638e-01,1.567939783358273392e-11,5.982098111983393807e-01,9.999999990107866221e-01,9.999999999999994449e-01,0.000000000000000000e+00,4.429759466224526543e-01,-5.077078495321166729e-01
9.999999999999312772e-01,2.846915858925774974e-12,3.846829712504596377e-01,9.999999988980354804e-01,9.999999999999936717e-01,0.000000000000000000e+00,4.429759442940478520e-01,-4.169043093712841985e-01
9.999999999999645839e-01,3.102777952954705567e-13,6.961304910582084560e-01,9.999999995591064561e-01,9.999999999999945599e-01,0.000000000000000000e+00,4.429759476902292992e-01,-5.493491925146175570e-01
9.999999999997041256e-01,1.558734882387003730e-12,9.999999999999824585e-01,7.580409373289050956e-01,9.999999999366282477e-01,0.000000000000000000e+00,4.429759528189542439e-01,-6.973615970270125031e-01
9.999999999999713562e-01,1.192313821242389070e-13,9.999999999999882316e-01,4.084644695704206518e-01,9.999999999999461542e-01,0.000000000000000000e+00,4.429759554414784417e-01,-7.245090901592429189e-01
9.999999999999744649e-01,1.164965471366143513e-12,3.420474532124860856e-01,9.999999988673681228e-01,9.999999999997710720e-01,0.000000000000000000e+00,4.429759438291285822e-01,-3.987733054405083744e-01
9.999999999997556399e-01,1.903944900776508191e-13,9.999999999999971134e-01,6.366601271035322585e-01,9.999999999999924505e-01,0.000000000000000000e+00,4.429759537295536176e-01,-7.067878170855647069e-01
9.999999999999150679e-01,2.310088029595193054e-13,6.609334262324395581e-01,9.999999989936358968e-01,9.999999999998770983e-01,0.000000000000000000e+00,4.429759473064227016e-01,-5.343814344509157932e-01
9.999999998617420394e-01,3.248075535254284496e-01,9.999999999999841238e-01,1.552868944543206453e-12,9.999999999999955591e-01,0.000000000000000000e+00,4.429759610800096947e-01,-7.562774965568653807e-01
9.999999999992968958e-01,3.212117743290660684e-10,9.999999999999996669e-01,7.313418820171158075e-01,9.999999999999883427e-01,0.000000000000000000e+00,4.429759530192506345e-01,-6.994349986655833407e-01
9.999999999988732347e-01,1.055310127864999016e-13,7.980194348452390729e-01,9.999999965142228886e-01,9.999999999999642508e-01,0.000000000000000000e+00,4.429759488012779411e-01,-5.926780632675044957e-01
9.999999999996639355e-01,3.586130880154504384e-13,3.102558449366101812e-01,9.999999994965705907e-01,9.999999999999875655e-01,0.000000000000000000e+00,4.429759434824567799e-01,-3.852537376408849967e-01
9.999999999997146727e-01,9.272478978334989777e-13,6.312626011759693290e-01,9.999999998437532067e-01,9.999999999999997780e-01,0.000000000000000000e+00,4.429759469828769558e-01,-5.217637421277595555e-01
9.999999999996009858e-01,3.348821235183618999e-14,1.000000000000000000e+00,8.617804452039434793e-01,9.999999999998675504e-01,0.000000000000000000e+00,4.429759520406999496e-01,-6.893053694581477986e-01
9.999999999999844569e-01,3.255826948343914265e-12,5.647250695882710669e-01,9.999999950701529139e-01,9.999999999999927836e-01,0.000000000000000000e+00,4.429759462573180651e-01,-4.934682672139759640e-01
9.999999999999769074e-01,5.288859941107537314e-13,5.323379064935318539e-01,9.999999963080360432e-01,9.999999999999842348e-01,0.000000000000000000e+00,4.429759459041520686e-01,-4.796954361908180031e-01
9.999999999989044319e-01,8.444919884775805722e-16,9.999999999999761302e-01,5.409045159281238302e-01,9.999999999999907851e-01,0.000000000000000000e+00,4.429759544479126010e-01,-7.142240292909592947e-01
9.999999999999588107e-01,4.785390588486213360e-12,2.992974482948563830e-01,9.999999996586730333e-01,9.999999999999662492e-01,0.000000000000000000e+00,4.429759433629608667e-01,-3.805936152298018404e-01
9.999999999995696776e-01,3.144644203134432243e-11,9.999999999999824585e-01,4.977458879347343990e-01,9.999999999999775735e-01,0.000000000000000000e+00,4.429759547716888290e-01,-7.175756523698096911e-01
9.999999999994396704e-01,4.225580961277376491e-11,7.863381033259687625e-01,9.999999984645453477e-01,9.999999999363643477e-01,0.000000000000000000e+00,4.429759486738987784e-01,-5.877105084220614062e-01
9.999999999999489297e-01,2.480809839203553546e-13,3.888122092207823566e-01,9.999999990771060165e-01,9.999999999999527045e-01,0.000000000000000000e+00,4.429759443390751672e-01,-4.186602920055207955e-01
9.999999999999436007e-01,1.732998936971422480e-13,8.113711197677182518e-01,9.999999981486128453e-01,9.999999999999982236e-01,0.000000000000000000e+00,4.429759489468714784e-01,-5.983559454082877371e-01
9.999999999999383826e-01,5.481964783964872133e-13,4.280353309147013063e-01,9.999999982236597029e-01,9.999999999999947820e-01,0.000000000000000000e+00,4.429759447667839245e-01,-4.353401544589566852e-01
9.999999999995661248e-01,6.324840146598885780e-16,8.155872195548705683e-01,9.999999949055801141e-01,9.999999999999477085e-01,0.000000000000000000e+00,4.429759489928459804e-01,-6.001488668055837694e-01
9.999999999999876765e-01,8.100731301357667029e-12,9.999999999999934497e-01,3.811614705448841400e-01,9.999999999995331512e-01,0.000000000000000000e+00,4.429759556463056525e-01,-7.266293930021620051e-01
9.999999999999771294e-01,6.062774210729677815e-01,9.999999999999802380e-01,2.629074735693848197e-11,9.999999999999963363e-01,0.000000000000000000e+00,4.429759633107703265e-01,-7.563188968856872085e-01
9.999999999129877137e-01,1.718744277048060068e-12,5.759483665601874414e-01,9.999999964841943534e-01,9.999999999998211431e-01,0.000000000000000000e+00,4.429759463797026120e-01,-4.982410399212912067e-01
9.999999999999580336e-01,3.901643117065420335e-16,2.363252833235860439e-01,9.999999950073724664e-01,9.999999999998830935e-01,0.000000000000000000e+00,4.429759426762805430e-01,-3.538143333567950188e-01
9.999999999999552580e-01,4.704869903416615264e-12,3.468261728085637041e-01,9.999999963146055659e-01,9.999999999999925615e-01,0.000000000000000000e+00,4.429759438812381767e-01,-4.008054841549822944e-01
9.999999999995692335e-01,5.382529862471228421e-13,9.999999999999842348e-01,2.618707717849569350e-02,9.999999999999814593e-01,0.000000000000000000e+00,4.429759583093251241e-01,-7.541960795342613766e-01
9.999999999999250599e-01,7.070536589134522956e-13,6.351097923108798282e-01,9.999999968086971114e-01,9.999999999999947820e-01,0.000000000000000000e+00,4.429759470248287312e-01,-5.233997829426669801e-01
9.999999999999980016e-01,2.228225391611126167e-13,6.791255232443736967e-01,9.999999937168870812e-01,9.999999999999464873e-01,0.000000000000000000e+00,4.429759475047985728e-01,-5.421177307382106791e-01
9.999999999999936717e-01,2.336458461813358346e-12,1.655435220534588192e-01,9.999999982880698468e-01,9.999999999999688027e-01,0.000000000000000000e+00,4.429759419044403401e-01,-3.237139742698368350e-01
9.999999999999685807e-01,3.783901506312305929e-11,9.999999999999882316e-01,5.619111954656270669e-01,9.999999999993881561e-01,0.000000000000000000e+00,4.429759542903203839e-01,-7.125926875368507885e-01
9.999999999999179545e-01,1.819619575999816632e-12,9.999999999999992228e-01,7.185880257646561908e-01,9.999999999982730481e-01,0.000000000000000000e+00,4.429759531149301544e-01,-7.004254406915334519e-01
9.999999999995127231e-01,2.615124781262890820e-10,2.731246200757443399e-01,9.999999994837670547e-01,9.999999999999505951e-01,0.000000000000000000e+00,4.429759430775591089e-01,-3.694634666437847104e-01
9.999999999997354339e-01,2.035402627991169965e-11,1.043453856788159606e-02,9.999999980448410764e-01,9.999999999999844569e-01,0.000000000000000000e+00,4.429759402130534762e-01,-2.577529699664106166e-01
9.999999999997229994e-01,1.545881821709132126e-12,9.999999999999044098e-01,3.360754376932945653e-01,9.999999999999980016e-01,0.000000000000000000e+00,4.429759559845412586e-01,-7.301306949488232112e-01
9.999999999999856781e-01,1.742603820809200148e-13,9.999999999999686917e-01,3.116395385384381767e-01,9.999999999999937828e-01,0.000000000000000000e+00,4.429759561678594526e-01,-7.320283438632569917e-01
9.999999999999555911e-01,1.312716725618799426e-10,9.999999999999802380e-01,7.442057279518213830e-01,9.999999999999967804e-01,0.000000000000000000e+00,4.429759529227459969e-01,-6.984360150341463180e-01
9.999999999999645839e-01,8.702072670560995248e-13,9.239695872030156965e-01,9.999999961553825978e-01,9.999999999999863443e-01,0.000000000000000000e+00,4.429759501747022044e-01,-6.462391037802658333e-01
9.999999999999493738e-01,1.775596963454760389e-12,8.420890734538735156e-01,9.999999960251882980e-01,9.999999999999676925e-01,0.000000000000000000e+00,4.429759492818355904e-01,-6.114189354150482147e-01
9.999999999999160671e-01,2.948866533886861913e-13,8.103491535761248032e-02,9.999999989936358968e-01,9.999999999998774314e-01,0.000000000000000000e+00,4.429759409829157057e-01,-2.877761939114554801e-01
9.999999999999887867e-01,3.281388283540367426e-12,9.808304581400482114e-01,9.999999985006045033e-01,9.999999999994862998e-01,0.000000000000000000e+00,4.429759507947418906e-01,-6.704195222255858733e-01
9.999999999999992228e-01,4.008966223500617316e-11,9.999999999999938938e-01,6.246225117598617205e-01,9.999999999999996669e-01,0.000000000000000000e+00,4.429759538198598245e-01,-7.077226371027028895e-01
9.999999999999704681e-01,1.645816753326525959e-14,9.999999596623867504e-01,8.456815733153194570e-01,9.999999999995232702e-01,0.000000000000000000e+00,4.429759521614733409e-01,-6.905555623559370693e-01
9.999999999996933564e-01,7.091384056676281288e-13,9.005018035890016703e-01,9.999999999806287176e-01,9.999999999998673283e-01,0.000000000000000000e+00,4.429759499187975735e-01,-6.362592909565120136e-01
9.999999999999565903e-01,6.402261968557787086e-12,2.864939389436546580e-01,9.999999964790728946e-01,9.999999999999544809e-01,0.000000000000000000e+00,4.429759432233449368e-01,-3.751488480835886152e-01
9.999999999984360288e-01,4.444004311285973058e-11,3.543810769318190834e-01,9.999999962736925152e-01,9.999999999999990008e-01,0.000000000000000000e+00,4.429759439636206664e-01,-4.040182514161078098e-01
9.999999999999594769e-01,5.420710572763983948e-13,2.678426082992256818e-01,9.999999969089409246e-01,9.999999999999503730e-01,0.000000000000000000e+00,4.429759430199614045e-01,-3.672172603784956690e-01
9.999999999999936717e-01,3.435307520944355283e-13,9.999999999999649170e-01,6.478957786011636522e-01,9.999999999999933387e-01,0.000000000000000000e+00,4.429759536452637092e-01,-7.059152761674675203e-01
9.999999999999870104e-01,2.442829297235732032e-13,9.438397131816844698e-01,9.999999996451096607e-01,9.999999999999937828e-01,0.000000000000000000e+00,4.429759503913760499e-01,-6.546889910407033275e-01
9.999999999998502309e-01,5.417083836594828100e-14,5.799639168041442749e-02,9.999999967076308449e-01,9.999999999998672173e-01,0.000000000000000000e+00,4.429759407316919972e-01,-2.779789268668019231e-01
9.999999999999270583e-01,5.994101149244242003e-13,9.142825257446161036e-01,9.999999965233626886e-01,9.999999999999972244e-01,0.000000000000000000e+00,4.429759500690695351e-01,-6.421196240899599283e-01
9.999999999999474865e-01,3.341934357793950192e-11,4.000751476608081503e-01,9.999999980222530338e-01,9.999999999999680256e-01,0.000000000000000000e+00,4.429759444618919795e-01,-4.234499226708315911e-01
9.999999999999716893e-01,1.605110659974972405e-13,4.235931031046156758e-01,9.999999926909822756e-01,9.999999999999947820e-01,0.000000000000000000e+00,4.429759447183436727e-01,-4.334510714763560868e-01
9.999999999999596989e-01,4.157911977281692185e-11,2.953840588439896608e-01,9.999999996855346573e-01,9.999999999999898970e-01,0.000000000000000000e+00,4.429759433202872798e-01,-3.789294234273682394e-01
9.999999999999090727e-01,1.618596096945497213e-12,4.593990690981153424e-01,9.999999983228403666e-01,9.999999999996580513e-01,0.000000000000000000e+00,4.429759451087900146e-01,-4.486777679370049787e-01
9.999999999998758771e-01,1.951816489553460572e-11,6.544132528111729075e-02,9.999999963205196130e-01,9.999999999999957812e-01,0.000000000000000000e+00,4.429759408128753351e-01,-2.811449285452801705e-01
9.999999999995565769e-01,2.310142207306070889e-13,1.602186575855541473e-01,9.999999948926919791e-01,9.999999999999671374e-01,0.000000000000000000e+00,4.429759418463753984e-01,-3.214495447089423807e-01
9.999999999999584777e-01,4.894792678200714308e-12,4.636638927711485003e-01,9.999999996586730333e-01,9.999999999999563682e-01,0.000000000000000000e+00,4.429759451552958138e-01,-4.504914090967241380e-01
9.999999999998790967e-01,4.988167955363040615e-13,9.999999999999994449e-01,4.654391610971169158e-01,9.999999999998900879e-01,0.000000000000000000e+00,4.429759550140540125e-01,-7.200845359067943319e-01
9.999999999984380272e-01,1.821839120546736392e-12,2.480080911537613231e-02,9.999999964450220213e-01,9.999999999999943379e-01,0.000000000000000000e+00,4.429759403697106079e-01,-2.638623108415495411e-01
9.999999999999868994e-01,1.608268884244502448e-13,5.054161326610748795e-01,9.999999996262369795e-01,9.999999999999928946e-01,0.000000000000000000e+00,4.429759456105833992e-01,-4.682467938214448511e-01
9.999999999999865663e-01,5.159114129056873967e-12,9.999999999999998890e-01,4.813581279839077021e-01,9.999999999998800959e-01,0.000000000000000000e+00,4.429759548946298753e-01,-7.188482969605652917e-01
9.999999999999331646e-01,2.263131175048203508e-13,5.185638464693491656e-01,9.999999963074627241e-01,9.999999999999957812e-01,0.000000000000000000e+00,4.429759457539527157e-01,-4.738379364353259016e-01
9.999999999994310107e-01,5.940119775501424335e-13,9.047477550364217969e-01,9.999999979961677887e-01,9.999999999999809042e-01,0.000000000000000000e+00,4.429759499650975929e-01,-6.380649068491636156e-01
9.999999999999970024e-01,1.336133210463706827e-13,5.413379373490134761e-01,9.999999999438289322e-01,9.999999999999639178e-01,0.000000000000000000e+00,4.429759460022928974e-01,-4.835227517787731299e-01
9.999999999999784617e-01,4.492689040100140720e-11,1.965775620290649561e-02,9.999999963403062297e-01,9.999999999997671862e-01,0.000000000000000000e+00,4.429759403136281359e-01,-2.616751974553731541e-01
9.999999999991965316e-01,1.628587050195933908e-11,8.188326917007524575e-01,9.999999991932805310e-01,9.999999999999583666e-01,0.000000000000000000e+00,4.429759490282362266e-01,-6.015290225243966615e-01
9.999999999994436672e-01,3.312926230799328481e-14,8.592197791758837688e-01,9.999999997295428988e-01,9.999999999999600320e-01,0.000000000000000000e+00,4.429759494686374421e-01,-6.187038681396875850e-01
9.999999947953838175e-01,3.364911380529437472e-13,3.807172452608387214e-01,9.999999991967790658e-01,9.999999999997783995e-01,0.000000000000000000e+00,4.429759442508036660e-01,-4.152178611252087537e-01
9.999999999999797939e-01,3.216137371386013820e-11,9.999999999999968914e-01,5.516887672252257513e-01,9.999999999999992228e-01,0.000000000000000000e+00,4.429759543670090949e-01,-7.133865433192271288e-01
9.999999999999935607e-01,4.617691574715372308e-13,4.728085630211915080e-01,9.999999981100480273e-01,9.999999999999945599e-01,0.000000000000000000e+00,4.429759452550139365e-01,-4.543802338369632432e-01
9.999999999995723421e-01,2.967320570353227334e-13,4.197768554545682207e-01,9.999999989655388166e-01,9.999999999999756861e-01,0.000000000000000000e+00,4.429759446767293496e-01,-4.318281893088261603e-01
9.999999999999980016e-01,2.060077542817160230e-13,7.368238279857557416e-01,9.999999937168870812e-01,9.999999999999450440e-01,0.000000000000000000e+00,4.429759481339700655e-01,-5.666542729998352845e-01
9.999999999999052980e-01,2.893217326758019553e-14,1.026503105045737385e-01,9.999999966360195724e-01,9.999999999999972244e-01,0.000000000000000000e+00,4.429759412186209389e-01,-2.969682675687125295e-01
9.999999999999933387e-01,3.257505021537515131e-12,3.942625662474134596e-01,9.999999983251535163e-01,9.999999999999773515e-01,0.000000000000000000e+00,4.429759443985086254e-01,-4.209780883338786195e-01
9.999999999984138244e-01,5.554561373386375096e-13,1.570361282021593696e-01,9.999999963396797309e-01,1.000000000000000000e+00,0.000000000000000000e+00,4.429759418116714365e-01,-3.200961553236697510e-01
9.999999999999910072e-01,4.078989034855676227e-11,8.285787698356881226e-01,9.999999994490806898e-01,9.999999999999906741e-01,0.000000000000000000e+00,4.429759491345123812e-01,-6.056735993525020900e-01
9.999999999998613331e-01,3.183076647872399958e-10,6.224889129410595690e-01,9.999999988978361953e-01,9.999999999999601430e-01,0.000000000000000000e+00,4.429759468872042638e-01,-5.180326798572542080e-01
9.999999999999085176e-01,1.498979920634263610e-12,9.999999999999985567e-01,6.707375908805650599e-01,9.999999999971775910e-01,0.000000000000000000e+00,4.429759534739042826e-01,-7.041414212342925749e-01
9.999999999999292788e-01,3.206647414698391607e-13,3.503967848934730345e-01,9.999999988810879259e-01,9.999999999994875211e-01,0.000000000000000000e+00,4.429759439201739202e-01,-4.023239076718464480e-01
9.999999999999621414e-01,3.401728423786492301e-12,7.538786116492227629e-01,9.999999985006045033e-01,9.999999999999726885e-01,0.000000000000000000e+00,4.429759483199440240e-01,-5.739069193399602975e-01
9.999999999994436672e-01,3.312926230799328481e-14,8.546355203227222752e-01,9.999999997327606582e-01,9.999999999999600320e-01,0.000000000000000000e+00,4.429759494186483737e-01,-6.167543851933868782e-01
9.999999999999759082e-01,1.072749871154680010e-11,9.959360665754225517e-01,9.999999985611557340e-01,9.999999999999925615e-01,0.000000000000000000e+00,4.429759509594610734e-01,-6.768432707425665606e-01
9.999999999999988898e-01,1.109894643162189810e-14,5.462387004254735112e-01,9.999999985872118913e-01,9.999999999999985567e-01,0.000000000000000000e+00,4.429759460557333162e-01,-4.856068301053174663e-01
9.999999999999115152e-01,6.892064987202518780e-12,9.999999999999882316e-01,2.980107670142491672e-01,9.999999999999452660e-01,0.000000000000000000e+00,4.429759562701025555e-01,-7.330867302688898191e-01
9.999999999984561239e-01,1.821839120546736392e-12,1.527205421963578891e-02,9.999999955021375841e-01,9.999999999999684697e-01,0.000000000000000000e+00,4.429759402658042244e-01,-2.598101520470733616e-01
9.999999999999835687e-01,3.004367828193355949e-10,9.335192248308845642e-01,9.999999966645215510e-01,9.999999999999739098e-01,0.000000000000000000e+00,4.429759502788362391e-01,-6.503001431128533349e-01
9.999999999994310107e-01,1.056709352679305936e-13,8.628377700902926106e-01,9.999999966117486538e-01,9.999999999997755129e-01,0.000000000000000000e+00,4.429759495080898835e-01,-6.202424402232146194e-01
9.999999999999338307e-01,2.196690143265042531e-13,8.456468238257192072e-01,9.999999939120631787e-01,9.999999999999407141e-01,0.000000000000000000e+00,4.429759493206311127e-01,-6.129318897778753827e-01
9.999999999999402700e-01,2.349441972350522790e-13,4.358132534660714708e-01,9.999999982792486808e-01,9.999999999999907851e-01,0.000000000000000000e+00,4.429759448515983578e-01,-4.386477616061627005e-01
9.999999999999588107e-01,1.751660616259151152e-12,1.354593260916144293e-01,9.999999984027649891e-01,9.999999999996725952e-01,0.000000000000000000e+00,4.429759415763870889e-01,-3.109204936046273682e-01
9.999999999999615863e-01,2.224422243672405379e-13,5.110564340798625649e-01,9.999999995059910551e-01,9.999999999999578115e-01,0.000000000000000000e+00,4.429759456720880895e-01,-4.706453650668437350e-01
9.999999999999270583e-01,1.309506154999444019e-12,5.893365716301475210e-01,9.999999963215668863e-01,9.999999999999992228e-01,0.000000000000000000e+00,4.429759465256943307e-01,-5.039344526091625864e-01
9.999999999998336886e-01,2.967320570353227334e-13,1.828907850530503976e-01,9.999999960835083135e-01,9.999999999999756861e-01,0.000000000000000000e+00,4.429759420936037473e-01,-3.310909997035947905e-01
9.999999999999161782e-01,3.919667683970357597e-14,9.999999999999995559e-01,7.058886958691731328e-01,9.999999999972593034e-01,0.000000000000000000e+00,4.429759532102005570e-01,-7.014116482972249100e-01
9.999999999999625855e-01,6.045001094040873757e-12,9.999999999999990008e-01,1.487065623796329228e-01,9.999999999999853451e-01,0.000000000000000000e+00,4.429759573901833614e-01,-7.446814319831306372e-01
9.999999999999261702e-01,1.826431492115417477e-13,6.032530919748921860e-01,9.999999998437532067e-01,9.999999999999997780e-01,0.000000000000000000e+00,4.429759466774471077e-01,-5.098525341759926333e-01
9.999999999999237277e-01,4.306062931102389667e-12,4.925341226052477595e-01,9.999999982784115726e-01,9.999999999999978906e-01,0.000000000000000000e+00,4.429759454701114318e-01,-4.627686436489534261e-01
9.999999999998935296e-01,5.994764643664271948e-13,1.078674281862804230e-01,9.999999999437059195e-01,9.999999999999213962e-01,0.000000000000000000e+00,4.429759412755110426e-01,-2.991868771836440066e-01
9.999999999999746869e-01,8.884218956814338608e-13,5.156295242997461781e-01,9.999999983140577253e-01,9.999999999999988898e-01,0.000000000000000000e+00,4.429759457219553664e-01,-4.725900985791234854e-01
9.999999999993293143e-01,3.163032141495740504e-13,6.531055262995751898e-01,9.999999980748071060e-01,9.999999999999772404e-01,0.000000000000000000e+00,4.429759472210633153e-01,-5.310525741961350521e-01
9.999999999999598099e-01,2.165131086481667547e-11,9.999999999999946709e-01,2.037581733023662300e-01,9.999999999998240297e-01,0.000000000000000000e+00,4.429759569771859473e-01,-7.404062207851985766e-01
9.999999999091186975e-01,1.709316276169738905e-12,5.705584024969085899e-01,9.999999988848525811e-01,9.999999999999990008e-01,0.000000000000000000e+00,4.429759463209276826e-01,-4.959489259262922500e-01
9.999999999949722440e-01,2.310088029595193054e-13,5.230136393246050952e-01,9.999999981728755483e-01,9.999999999999772404e-01,0.000000000000000000e+00,4.429759458024755125e-01,-4.757302367821437672e-01
9.999999999999931166e-01,3.061247093378964264e-11,9.999999999999922284e-01,5.745275033505518048e-01,9.999999999999773515e-01,0.000000000000000000e+00,4.429759541956728164e-01,-7.116129272740704392e-01
9.999999999999786837e-01,8.116233493720600998e-14,9.999999999999688027e-01,9.915456825158126819e-02,9.999999999999151790e-01,0.000000000000000000e+00,4.429759577619226674e-01,-7.485295526209444494e-01
9.999999999998835376e-01,2.286173026276924397e-13,7.724262685750851176e-01,9.999999976602369500e-01,9.999999999999675815e-01,0.000000000000000000e+00,4.429759485221970716e-01,-5.817944192204799192e-01
9.999999999999399369e-01,2.379577952523258996e-12,9.092102155810150022e-01,9.999999982592590042e-01,9.999999999999954481e-01,0.000000000000000000e+00,4.429759500137585015e-01,-6.399625943290115915e-01
9.999999999990102362e-01,1.526955644504636608e-12,7.287426310481832648e-01,9.999999961285704897e-01,9.999999999999649170e-01,0.000000000000000000e+00,4.429759480458486109e-01,-5.632176964514613582e-01
9.999999999996403988e-01,2.228206744229555166e-11,1.971301144582621179e-01,9.999999992708065166e-01,9.999999999999996669e-01,0.000000000000000000e+00,4.429759422488765419e-01,-3.371463577419594460e-01
9.999999999994787503e-01,2.695435828129203746e-11,2.783486960335815330e-01,9.999999965990251649e-01,9.999999999999528155e-01,0.000000000000000000e+00,4.429759431345250964e-01,-3.716850357878215272e-01
9.999999999999256151e-01,6.045001094040873757e-12,9.999999999999993339e-01,9.527750505294716454e-01,9.999999999999841238e-01,0.000000000000000000e+00,4.429759513580580621e-01,-6.822388885843250206e-01
9.999999999999685807e-01,4.474011448805037788e-11,9.999999999999994449e-01,5.995793451293650600e-01,9.999999999993719468e-01,0.000000000000000000e+00,4.429759540077337632e-01,-7.096674453408228223e-01
9.999999999999578115e-01,3.233048635614083601e-14,8.696505489249489740e-01,9.999999966717838529e-01,9.999999999999281686e-01,0.000000000000000000e+00,4.429759495823799020e-01,-6.231396143477109240e-01
9.999999999994325650e-01,1.567864233822054061e-13,3.145959615688713740e-01,9.999999981594543952e-01,9.999999999999760192e-01,0.000000000000000000e+00,4.429759435297836445e-01,-3.870993977809210618e-01
9.999999999999791278e-01,1.488726951994311570e-13,6.568577876535777182e-01,9.999999983134920667e-01,9.999999999999987788e-01,0.000000000000000000e+00,4.429759472619798633e-01,-5.326482453101794023e-01
9.999999999695544650e-01,3.257505021537515131e-12,1.782168711349508272e-01,9.999999980629368235e-01,9.999999999999795719e-01,0.000000000000000000e+00,4.429759420426369609e-01,-3.291033902616681273e-01
9.999999999989032107e-01,2.667410228107340743e-10,9.999999999999761302e-01,4.221712538880288967e-01,9.999999999999905631e-01,0.000000000000000000e+00,4.429759553386500848e-01,-7.234446454164596974e-01
9.999999999999839018e-01,6.619089169425115438e-14,9.999999999990564215e-01,1.232947677822643917e-01,9.999999999999148459e-01,0.000000000000000000e+00,4.429759575808227545e-01,-7.466548672187577340e-01
9.999999999999973355e-01,1.305833382396477210e-12,9.824951344816135190e-02,9.999999980222460394e-01,9.999999999999646949e-01,0.000000000000000000e+00,4.429759411706324368e-01,-2.950968027197485855e-01
9.999999999996924682e-01,3.216033556587741468e-10,2.408379256667678159e-01,9.999999988530149375e-01,9.999999999997711830e-01,0.000000000000000000e+00,4.429759427254886806e-01,-3.557333606631131184e-01
9.999999999996550537e-01,2.121720228515862480e-13,1.881678773205778810e-01,9.999999981916948277e-01,9.999999999993199884e-01,0.000000000000000000e+00,4.429759421511477724e-01,-3.333351139554229237e-01
9.999999999995565769e-01,2.310142207306070889e-13,1.444677828743310410e-01,9.999999948923733450e-01,9.999999999999671374e-01,0.000000000000000000e+00,4.429759416746198442e-01,-3.147513929222688356e-01
9.999999999999615863e-01,2.224422243672405379e-13,7.156755303009532110e-01,9.999999997985313804e-01,9.999999999999849010e-01,0.000000000000000000e+00,4.429759479033583136e-01,-5.576608349870143533e-01
9.999999999999952260e-01,3.360014759253782860e-12,1.394834994646130255e-01,9.999999960989366388e-01,9.999999999999640288e-01,0.000000000000000000e+00,4.429759416202687095e-01,-3.126317970953148562e-01
9.999999999996757039e-01,2.402260059385349894e-14,9.999999999999671374e-01,9.416884988885887431e-01,9.999999999999380496e-01,0.000000000000000000e+00,4.429759514412294208e-01,-6.830998506693540806e-01
9.999999999999968914e-01,8.434793180276890336e-15,8.383383200144252090e-01,9.999999949674304167e-01,9.999999999999784617e-01,0.000000000000000000e+00,4.429759492409354737e-01,-6.098239056150652759e-01
9.999999999999403810e-01,1.033460582643898744e-13,5.016079723801342150e-01,9.999999982382843378e-01,9.999999999999756861e-01,0.000000000000000000e+00,4.429759455690572834e-01,-4.666273514503939124e-01
9.999999999996351807e-01,3.459674636514395510e-12,9.999999999999814593e-01,8.174646188890692944e-01,9.999999999999775735e-01,0.000000000000000000e+00,4.429759523731575110e-01,-6.927468585207522400e-01
9.999999999999557021e-01,4.091844137588806428e-13,5.799887429935162153e-01,9.999999979511431381e-01,9.999999999990535349e-01,0.000000000000000000e+00,4.429759464237608690e-01,-4.999592335666825926e-01
9.999999999995514699e-01,1.851211023370709386e-12,9.999999999998828715e-01,9.302621913550437327e-01,9.999999999999740208e-01,0.000000000000000000e+00,4.429759515269496295e-01,-6.839871975996231201e-01
9.999999999999397149e-01,2.195279758292818299e-11,2.219047305614958443e-01,9.999999990867899369e-01,9.999999999999996669e-01,0.000000000000000000e+00,4.429759425190314959e-01,-3.476819084586079134e-01
9.999999999999039657e-01,2.800176430148526265e-13,9.375272708159504420e-01,9.999999965351615838e-01,9.999999999999967804e-01,0.000000000000000000e+00,4.429759503225420003e-01,-6.520045881684807254e-01
9.999999999999292788e-01,3.186937263083950117e-13,7.459718174606907448e-01,9.999999988810879259e-01,9.999999999998876454e-01,0.000000000000000000e+00,4.429759482337243814e-01,-5.705445087394233061e-01
9.999999999999658051e-01,4.885566395079819952e-12,4.839823685996370584e-01,9.999999967970399917e-01,9.999999999999696909e-01,0.000000000000000000e+00,4.429759453768588040e-01,-4.591319602510469666e-01
9.999999999999845679e-01,6.924326875489398152e-13,1.527915938550651886e-01,9.999999999662305683e-01,9.999999999999698019e-01,0.000000000000000000e+00,4.429759417653868492e-01,-3.182911419335975323e-01
9.999999999999953371e-01,4.701454315335889766e-12,6.168687076983454531e-01,9.999999985621181864e-01,9.999999999999732436e-01,0.000000000000000000e+00,4.429759468259186761e-01,-5.156426546631672769e-01
9.999999999999701350e-01,6.101194772185459912e-14,9.999999999999995559e-01,1.113915976763951987e-01,9.999999999999962252e-01,0.000000000000000000e+00,4.429759576701204349e-01,-7.475792464564451345e-01
9.999999999999753530e-01,4.065379676737011032e-12,6.078009810887735620e-01,9.999999965458791218e-01,9.999999999999974465e-01,0.000000000000000000e+00,4.429759467270396045e-01,-5.117865509335620677e-01
9.999999977047163702e-01,2.310088029595193054e-13,6.269468553725798809e-01,9.999999981249320102e-01,9.999999999999941158e-01,0.000000000000000000e+00,4.429759469358159341e-01,-5.199284460630989591e-01
9.999999999999938938e-01,4.826858130878899862e-13,9.295854940648680398e-02,9.999999956169697279e-01,9.999999999997685185e-01,0.000000000000000000e+00,4.429759411129370883e-01,-2.928467894378169456e-01
9.999999999999661382e-01,2.379577952523258996e-12,4.496917969144360039e-01,9.999999982416621913e-01,9.999999999999970024e-01,0.000000000000000000e+00,4.429759450029370216e-01,-4.445496935524323456e-01
9.999999999999746869e-01,2.546984497422096761e-13,8.920083717315107075e-01,9.999999967635859743e-01,9.999999999999809042e-01,0.000000000000000000e+00,4.429759498261808814e-01,-6.326474095282234034e-01
9.999999999999401590e-01,2.427473382940349023e-13,6.894669070060698290e-01,9.999999982382843378e-01,9.999999999999947820e-01,0.000000000000000000e+00,4.429759476175662014e-01,-5.465154644421926777e-01
9.999999999999297229e-01,1.471831617954763711e-13,9.662723455845972920e-01,9.998428268961856435e-01,9.999999999999971134e-01,0.000000000000000000e+00,4.429759506371719335e-01,-6.642408052067586555e-01
9.999999999999913403e-01,3.257505021537515131e-12,4.404529822300124464e-01,9.999999983251535163e-01,9.999999999999773515e-01,0.000000000000000000e+00,4.429759449021923312e-01,-4.406208334529940762e-01
9.999999999999555911e-01,6.339280654209532635e-14,9.999999999999802380e-01,8.027563574873483043e-01,9.999999999998866462e-01,0.000000000000000000e+00,4.429759524834989137e-01,-6.938890762099571008e-01
9.999999999999423794e-01,2.072337803184198220e-14,8.879816111613620944e-01,9.999999985584691053e-01,9.999999999999936717e-01,0.000000000000000000e+00,4.429759497822710612e-01,-6.309350058562533947e-01
9.999999999994787503e-01,2.695435828129203746e-11,4.050866080974599437e-01,9.999999956648668586e-01,9.999999999999528155e-01,0.000000000000000000e+00,4.429759445165394882e-01,-4.255810757768833108e-01
9.999999999999300559e-01,4.866679116195499979e-12,2.023652248733030234e-01,9.999999963398462643e-01,9.999999999999518163e-01,0.000000000000000000e+00,4.429759423059628776e-01,-3.393726193568350480e-01
9.999999853307462994e-01,1.877265045386529489e-12,2.142080190672802087e-01,9.999999955222745873e-01,9.999999999999757971e-01,0.000000000000000000e+00,4.429759424351029651e-01,-3.444088370569214907e-01
9.999999999999398259e-01,3.740332088322141264e-13,9.999999999999891198e-01,7.878045135842760560e-01,9.999999999999046318e-01,0.000000000000000000e+00,4.429759525956677435e-01,-6.950502100884020651e-01
9.999999999999115152e-01,2.836202221996512086e-13,9.999999999999882316e-01,3.521084013699104509e-01,9.999999999999507061e-01,0.000000000000000000e+00,4.429759558642619166e-01,-7.288856032119802597e-01
9.999999999984322541e-01,4.444004311285973058e-11,2.825648624675454190e-01,9.999999962736925152e-01,9.999999999999990008e-01,0.000000000000000000e+00,4.429759431805003200e-01,-3.734779853000674832e-01
9.999999999999930056e-01,4.111429875486300926e-13,6.713732249156288967e-01,9.999999981100480273e-01,9.999999999999945599e-01,0.000000000000000000e+00,4.429759474202635272e-01,-5.388210200965758423e-01
9.999999999999973355e-01,7.341676057719524345e-14,9.632127909586720715e-01,9.999999962126889796e-01,9.999999999999715783e-01,0.000000000000000000e+00,4.429759506026299531e-01,-6.629275061774956290e-01
9.999999999984630072e-01,3.258454004481713836e-13,2.555696725632436994e-01,9.999999963396797309e-01,1.000000000000000000e+00,0.000000000000000000e+00,4.429759428861311243e-01,-3.619981225686933479e-01
9.999999999999881206e-01,3.734526208753991908e-12,9.531498747070197286e-01,9.999999965186967543e-01,9.999999999999624745e-01,0.000000000000000000e+00,4.429759504928987845e-01,-6.586481920386358935e-01
9.999999999999871214e-01,3.964881588327668108e-11,8.338898587918840422e-01,9.999999999157226371e-01,9.999999999999430456e-01,0.000000000000000000e+00,4.429759491924271653e-01,-6.079321710236037513e-01
9.999999999999549249e-01,1.710728216143938302e-12,3.592833368210882616e-01,9.999999967090016373e-01,9.999999999999981126e-01,0.000000000000000000e+00,4.429759440170774054e-01,-4.061029661326674978e-01
9.999999999999935607e-01,1.918437816936495975e-13,7.079213315803424278e-01,9.999999967318357053e-01,9.999999999999822364e-01,0.000000000000000000e+00,4.429759478188026178e-01,-5.543633167713118981e-01
9.999999999648016002e-01,1.631419143537953270e-13,4.102711079984444620e-01,9.999999943076592901e-01,9.999999999994009237e-01,0.000000000000000000e+00,4.429759445730738765e-01,-4.277858148514591674e-01
9.999999999999985567e-01,1.531994868706660261e-12,1.000000000000000000e+00,5.266510338077385889e-01,9.999999999998461231e-01,0.000000000000000000e+00,4.429759545548422883e-01,-7.153309296224831249e-01
9.999999999999342748e-01,3.259149470873804396e-14,6.662945215879121363e-01,9.999999990348028556e-01,9.999999999999990008e-01,0.000000000000000000e+00,4.429759473648827717e-01,-5.366612716684434625e-01
9.999999999999159561e-01,1.936576724566149364e-11,9.570567586695273299e-01,9.999999964918843132e-01,9.999999999999920064e-01,0.000000000000000000e+00,4.429759505355014282e-01,-6.603096173437400518e-01
9.999999999999594769e-01,5.445244247776615011e-13,3.687842171025378091e-02,9.999999969089409246e-01,9.999999999999515943e-01,0.000000000000000000e+00,4.429759405014109808e-01,-2.689983863481734128e-01
9.999999999999988898e-01,3.344702286951609327e-12,7.571751830912051284e-01,9.999999966595101153e-01,9.999999999999450440e-01,0.000000000000000000e+00,4.429759483558915467e-01,-5.753088058090919388e-01
9.999999999999963363e-01,2.208707114112476054e-13,9.999999999999363842e-01,5.767675828846560715e-02,9.999999999999973355e-01,0.000000000000000000e+00,4.429759580730893709e-01,-7.517506463298789798e-01
9.999999999999144018e-01,7.209576234476261780e-14,4.764227087359712565e-02,9.999999965265761181e-01,9.999999999998183675e-01,0.000000000000000000e+00,4.429759406187854243e-01,-2.735757763223721772e-01
9.999999999993594013e-01,1.288741919466929025e-12,9.999999999990564215e-01,8.604820448680516876e-02,9.999999999999977796e-01,0.000000000000000000e+00,4.429759578602466830e-01,-7.495473697596967133e-01
9.999999999999578115e-01,4.577104339803011820e-14,6.487705728876843603e-01,9.999999967328228045e-01,9.999999999996856959e-01,0.000000000000000000e+00,4.429759471737927945e-01,-5.292091099536403442e-01
9.999999999998873124e-01,1.274634123877488192e-12,3.678428052101382351e-01,9.999999963205196130e-01,9.999999999999968914e-01,0.000000000000000000e+00,4.429759441104141882e-01,-4.097429302619438607e-01
9.999999999999340528e-01,1.999275385311576178e-11,7.670057306091823124e-01,9.999999997487569736e-01,9.999999999999781286e-01,0.000000000000000000e+00,4.429759484630887978e-01,-5.794893035177702822e-01
9.999999999999070743e-01,1.434487335721330005e-14,7.039180107193750979e-01,9.999999966715539257e-01,9.999999999999263922e-01,0.000000000000000000e+00,4.429759477751483709e-01,-5.526608811160892420e-01
9.999999999999844569e-01,2.438696750417335077e-13,5.599615249538976158e-01,9.999999996334292263e-01,9.999999999999927836e-01,0.000000000000000000e+00,4.429759462053739494e-01,-4.914425415850119938e-01
9.999999999999936717e-01,5.628345156816824883e-14,7.124043945893058227e-01,9.999999982841080159e-01,9.999999999999975575e-01,0.000000000000000000e+00,4.429759478676881801e-01,-5.562697654706517669e-01
9.999999999999769074e-01,6.191151834925889644e-13,5.358294297327018674e-01,9.999999962502378326e-01,9.999999999999681366e-01,0.000000000000000000e+00,4.429759459422253909e-01,-4.811802269167729795e-01
9.999999999999835687e-01,3.004367828193355949e-10,5.551641222271899156e-01,9.999999966392671968e-01,9.999999999999736877e-01,0.000000000000000000e+00,4.429759461530606846e-01,-4.894024181905157755e-01
9.999999999999414912e-01,2.406509263584597351e-12,4.884385234422184974e-01,9.999999956683031099e-01,9.999999999999996669e-01,0.000000000000000000e+00,4.429759454254509343e-01,-4.610269663030196474e-01
9.999999999999810152e-01,1.262281283143399339e-13,8.663420921002348285e-01,9.999999996796723467e-01,9.999999999999628075e-01,0.000000000000000000e+00,4.429759495463027608e-01,-6.217326734584823766e-01
9.999999999999069633e-01,1.857189513622553872e-13,1.234256913592197691e-01,9.999999967970399917e-01,9.999999999999650280e-01,0.000000000000000000e+00,4.429759414451662214e-01,-3.058031200296590368e-01
9.999999999999730216e-01,7.114734184191093283e-13,9.999999999999767963e-01,8.744848675684882000e-01,9.999999999995454747e-01,0.000000000000000000e+00,4.429759519453913552e-01,-6.883187663801199063e-01
9.999999999999757971e-01,9.793426515746744701e-13,9.999999999999686917e-01,2.744692822758282302e-01,9.999999999999718003e-01,0.000000000000000000e+00,4.429759564467108945e-01,-7.349149205340322899e-01
9.999999999999656941e-01,6.047635304356091817e-12,9.999999999999649170e-01,9.006732724431485426e-01,9.999999999999943379e-01,0.000000000000000000e+00,4.429759517489257892e-01,-6.862850209565941606e-01
9.999999999999981126e-01,7.251819743569400527e-13,7.492559626973710474e-01,9.999999966359590653e-01,9.999999999999942268e-01,0.000000000000000000e+00,4.429759482695363459e-01,-5.719411109240061242e-01
9.999999999987163601e-01,2.174568493528279176e-13,9.913656844675710067e-01,9.999999966987153099e-01,9.999999999999620304e-01,0.000000000000000000e+00,4.429759509096233283e-01,-6.748996891081061600e-01
9.999999999997858380e-01,2.210470591180191529e-13,9.999999999999961142e-01,6.817075658685237682e-01,9.999999999999482636e-01,0.000000000000000000e+00,4.429759533916075021e-01,-7.032895122866801296e-01
9.999999999999962252e-01,7.878860292052354198e-14,7.613070349208429510e-01,9.999999996985561301e-01,9.999999999999991118e-01,0.000000000000000000e+00,4.429759484009473391e-01,-5.770658997802323720e-01
9.999999999999784617e-01,4.492689040100140720e-11,3.261609222690733945e-02,9.999999963403062297e-01,9.999999999997671862e-01,0.000000000000000000e+00,4.429759404549323820e-01,-2.671858057986330470e-01
9.999999999999686917e-01,1.410950518068678570e-11,8.495312481462000687e-01,9.999999939553062545e-01,9.999999999999916733e-01,0.000000000000000000e+00,4.429759493629888412e-01,-6.145837639839107913e-01
9.999999999998494538e-01,4.304912655761366519e-11,6.960432260745724742e-02,9.999999982279633715e-01,9.999999999999860112e-01,0.000000000000000000e+00,4.429759408582707447e-01,-2.829152674093854403e-01
9.999999999999573674e-01,7.437586608261438977e-12,1.309326579375002519e-01,9.999999980394296273e-01,9.999999999999829026e-01,0.000000000000000000e+00,4.429759415270259626e-01,-3.089955014688127166e-01
9.999999999979971577e-01,4.565651167108351534e-13,9.999999999999925615e-01,6.938773209152909738e-01,9.999999999999876765e-01,0.000000000000000000e+00,4.429759533003099770e-01,-7.023444305313845115e-01
9.999999999999845679e-01,6.924326875489398152e-13,1.126512682958493716e-01,9.999999999662305683e-01,9.999999999999282796e-01,0.000000000000000000e+00,4.429759413276764257e-01,-3.012212332265619130e-01
9.999999999999622524e-01,1.305833382396477210e-12,8.856922799541433466e-02,9.999999980222460394e-01,9.999999999999646949e-01,0.000000000000000000e+00,4.429759410650737084e-01,-2.909802045950778959e-01
9.999999999999154010e-01,2.453720960657260426e-13,4.152214185850542361e-01,9.999999981226865842e-01,9.999999999999256151e-01,0.000000000000000000e+00,4.429759446270545853e-01,-4.298909631459834069e-01
9.999999999996898037e-01,3.230322942364822042e-12,1.923107204209939525e-01,9.999999999510746918e-01,9.999999999999261702e-01,0.000000000000000000e+00,4.429759421963234134e-01,-3.350968821282743759e-01
9.999999999999280575e-01,4.888776023923562387e-13,2.318215925105651110e-01,9.999999999278238461e-01,9.999999999999729106e-01,0.000000000000000000e+00,4.429759426271699940e-01,-3.518991120597053657e-01
9.999999999999070743e-01,1.434487335721330005e-14,5.272007685072355176e-02,9.999999966715539257e-01,9.999999999999263922e-01,0.000000000000000000e+00,4.429759406741564098e-01,-2.757351430635609502e-01
9.999999999990286659e-01,6.750661360191872270e-14,2.844443785597022822e-02,9.999999961298026152e-01,9.999999999998245848e-01,0.000000000000000000e+00,4.429759404094425479e-01,-2.654117853436618324e-01
9.999999999997769562e-01,8.322585427626453306e-14,9.999999928770970659e-01,8.874775210253276203e-01,9.999999999999773515e-01,0.000000000000000000e+00,4.429759518479203240e-01,-6.873097767545292003e-01
9.999999999989032107e-01,2.667410228107340743e-10,9.999999999999761302e-01,9.886979219549769660e-01,9.999999999999905631e-01,0.000000000000000000e+00,4.429759510885645235e-01,-6.794491816243356519e-01
9.999999999998917533e-01,2.438696750417335077e-13,3.643369919475612506e-01,9.999999996334292263e-01,9.999999999999927836e-01,0.000000000000000000e+00,4.429759440721849906e-01,-4.082520623668915993e-01
9.999999999999621414e-01,2.480809839203553546e-13,3.767925283359056521e-01,9.999999990771060165e-01,9.999999999999527045e-01,0.000000000000000000e+00,4.429759442080064558e-01,-4.135488522608362638e-01
9.999999999996633804e-01,2.998575869761402550e-12,6.698096082133370155e-03,9.999999992756558598e-01,9.999999999999844569e-01,0.000000000000000000e+00,4.429759401723094014e-01,-2.561640258042577889e-01
9.999999999999520384e-01,3.543024197715541197e-12,6.132138166413358960e-01,9.999999914069119811e-01,9.999999999999987788e-01,0.000000000000000000e+00,4.429759467860639455e-01,-5.140883913761723489e-01
9.999999999998997469e-01,2.183732135278497057e-13,6.189893762270182176e-02,9.999999950758331480e-01,9.999999999999378275e-01,0.000000000000000000e+00,4.429759407742473454e-01,-2.796385075276081045e-01
9.999999999996760369e-01,1.463245722475892496e-12,9.999999999999854561e-01,9.648160497106698097e-01,9.999999999999380496e-01,0.000000000000000000e+00,4.429759512677264310e-01,-6.813038057835739680e-01
9.999999999985332844e-01,9.990185067152055343e-01,9.999999999999816813e-01,6.736437070814569345e-12,9.999999999999547029e-01,0.000000000000000000e+00,4.429759664233995919e-01,-7.563766636792302878e-01
9.999999999999310552e-01,1.954086254516623101e-13,3.250986163188893108e-01,9.999999991475070349e-01,9.999999999996501687e-01,0.000000000000000000e+00,4.429759436443098664e-01,-3.915657131922284373e-01
9.999999999984273691e-01,3.407863706307978071e-13,2.076409657690879706e-01,9.999999963396797309e-01,1.000000000000000000e+00,0.000000000000000000e+00,4.429759423634922477e-01,-3.416161590944654103e-01
9.999999999994699795e-01,3.238485155987235656e-14,3.380488717589213987e-01,9.999999980444916892e-01,9.999999999994308997e-01,0.000000000000000000e+00,4.429759437855260162e-01,-3.970728853059833918e-01
9.999999999999035216e-01,3.558619944514879337e-14,2.178135124595842465e-01,9.999999965961325898e-01,9.999999999999948930e-01,0.000000000000000000e+00,4.429759424744187934e-01,-3.459420941762899604e-01
9.999999976770967969e-01,1.177223628546603296e-13,3.040120151431390250e-01,9.999999967308392801e-01,9.999999999999740208e-01,0.000000000000000000e+00,4.429759434143709651e-01,-3.825985126411041159e-01
9.999999999999493738e-01,7.063583156366422927e-13,8.011413516027658943e-01,9.999999959924761317e-01,9.999999999999749090e-01,0.000000000000000000e+00,4.429759488353209318e-01,-5.940056767069400445e-01
9.999999999995451416e-01,2.431053115537064710e-13,2.456206134878139991e-01,9.999999980022449275e-01,9.999999999999927836e-01,0.000000000000000000e+00,4.429759427776415182e-01,-3.577672267559429686e-01
9.999999999999357181e-01,1.851489072201955930e-11,9.999999999999973355e-01,6.111805763873592312e-01,9.999999999999965583e-01,0.000000000000000000e+00,4.429759539207012708e-01,-7.087665141420097514e-01
9.999999999999424904e-01,2.193322340995164684e-11,5.838738305161351727e-01,9.999999990867899369e-01,9.999999999999987788e-01,0.000000000000000000e+00,4.429759464661258139e-01,-5.016113897178074987e-01
9.999999999998588907e-01,7.730052689130334416e-14,4.969150457124962283e-01,9.999999966218198200e-01,9.999999999999843459e-01,0.000000000000000000e+00,4.429759455178832184e-01,-4.646316570051610695e-01
9.999999999999804601e-01,3.732842371374801310e-11,2.270138451834729232e-01,9.999999995308889167e-01,9.999999999999906741e-01,0.000000000000000000e+00,4.429759425747438750e-01,-3.498545893620380598e-01
9.999999999993858246e-01,7.154986884412647732e-13,9.494055877141422961e-01,9.999999966987153099e-01,9.999999999999620304e-01,0.000000000000000000e+00,4.429759504520692226e-01,-6.570559120362472472e-01
9.999999999999641398e-01,2.178531762557915280e-13,6.839698664365307934e-01,9.999999997999992063e-01,9.999999999999849010e-01,0.000000000000000000e+00,4.429759475576237060e-01,-5.441778156007966993e-01
9.999999999997359890e-01,1.412314197938447878e-13,4.684441970644067643e-01,9.999999994965705907e-01,9.999999999999875655e-01,0.000000000000000000e+00,4.429759452074226722e-01,-4.525242615269889912e-01
9.999999999999706901e-01,3.183076647872399958e-10,6.440711313932141469e-01,9.999999988148946528e-01,9.999999999999601430e-01,0.000000000000000000e+00,4.429759471225476752e-01,-5.272106447540371166e-01
9.999999999999686917e-01,1.560686889406716448e-12,4.186463023902131653e-02,9.999999995501843708e-01,9.999999999999669154e-01,0.000000000000000000e+00,4.429759405557830987e-01,-2.711188005444541416e-01
9.999999999190545275e-01,3.277036113221322665e-14,6.753846053249593639e-01,9.999999996586730333e-01,9.999999999999938938e-01,0.000000000000000000e+00,4.429759474640056482e-01,-5.405268830060264706e-01
9.999999999998987477e-01,4.707173886228321776e-11,9.704362319481552035e-01,9.999999973230334627e-01,9.999999999999987788e-01,0.000000000000000000e+00,4.429759506813980008e-01,-6.659993167088796850e-01
9.999999999999574785e-01,2.365022765543044329e-12,8.744707181527590079e-01,9.999999982606896376e-01,9.999999999999936717e-01,0.000000000000000000e+00,4.429759496349414127e-01,-6.251894194396497850e-01
9.999999999999991118e-01,7.231699774483249855e-13,9.766979952072991633e-01,9.999999967685890834e-01,9.999999999998897549e-01,0.000000000000000000e+00,4.429759507496794368e-01,-6.686621682780963249e-01
9.999999999999281686e-01,2.699224048434713565e-15,5.937906733481836952e-01,9.999999995028455713e-01,9.999999999999792388e-01,0.000000000000000000e+00,4.429759465742640900e-01,-5.058285852223612933e-01
9.999999999999935607e-01,1.670228935846538693e-12,4.761800539913721431e-01,9.999999991940856647e-01,9.999999999999945599e-01,0.000000000000000000e+00,4.429759452917783613e-01,-4.558139800479100723e-01
9.999999999999312772e-01,4.710385862279399776e-13,4.799689290001514230e-01,9.999999989447257986e-01,9.999999999999668043e-01,0.000000000000000000e+00,4.429759453330942010e-01,-4.574252213727237892e-01
9.999999999999784617e-01,4.612990221874419866e-11,3.196164457572850393e-01,9.999999963403062297e-01,9.999999999999376055e-01,0.000000000000000000e+00,4.429759435845295745e-01,-3.892343882479428752e-01
9.999999999648016002e-01,1.631419143537953270e-13,7.326271556077313951e-01,9.999999943076592901e-01,9.999999999994009237e-01,0.000000000000000000e+00,4.429759480882074496e-01,-5.648696134280789538e-01
9.999999999988569144e-01,4.219576083515440135e-13,7.248676423953315240e-01,9.999999990115743254e-01,9.999999999999986677e-01,0.000000000000000000e+00,4.429759480035937447e-01,-5.615698345905538735e-01
9.999999999996620481e-01,2.263131175048203508e-13,9.861812158241708426e-01,9.999999966513096750e-01,9.999999999999940048e-01,0.000000000000000000e+00,4.429759508530892731e-01,-6.726949634352773488e-01
9.999999999999628075e-01,9.162159568385873683e-14,9.999999941566376505e-01,1.893000405361021099e-01,9.999999999999347189e-01,0.000000000000000000e+00,4.429759570856508510e-01,-7.415290114399902821e-01
9.999999999999297229e-01,1.560837859166224407e-13,8.490110584954552175e-02,9.998428268961856435e-01,9.999999999999509281e-01,0.000000000000000000e+00,4.429759410262537056e-01,-2.894325197865853516e-01
9.999999999998758771e-01,8.755489317627730475e-13,7.599286831016338617e-02,9.999999963205196130e-01,9.999999999999971134e-01,0.000000000000000000e+00,4.429759409279347415e-01,-2.856320340609047603e-01
9.999999999999951150e-01,1.109894643162189810e-14,5.507816301024579531e-01,9.999999962423790079e-01,9.999999999999993339e-01,0.000000000000000000e+00,4.429759461052717451e-01,-4.875387377587493409e-01
9.999999999999871214e-01,7.066885064296270328e-12,8.951451098617511093e-01,9.999999999403295092e-01,9.999999999999691358e-01,0.000000000000000000e+00,4.429759498603854651e-01,-6.339813255560245997e-01
9.999999998808675183e-01,4.487240639924447126e-14,4.454528119167815992e-01,9.999999989708026060e-01,9.999999999996006528e-01,0.000000000000000000e+00,4.429759449567129970e-01,-4.427470402806813476e-01
9.999999999999870104e-01,1.854788446731604553e-12,8.058710414642477060e-01,9.999999966645215510e-01,9.999999999998360201e-01,0.000000000000000000e+00,4.429759488868958428e-01,-5.960170049883278809e-01
9.999999999999326095e-01,2.110068426490648545e-12,2.914527987513876872e-01,9.999999993845577473e-01,9.999999999999972244e-01,0.000000000000000000e+00,4.429759432774188488e-01,-3.772576320554269502e-01
9.999999999999846789e-01,1.471208369285561396e-13,1.266920377208515247e-01,9.999705821545317175e-01,9.999999999999971134e-01,0.000000000000000000e+00,4.429759414810047757e-01,-3.071944372529963330e-01
9.999999999988588018e-01,1.410950518068678570e-11,7.943759355796700117e-01,9.999999939553062545e-01,9.999999999999682476e-01,0.000000000000000000e+00,4.429759487615473890e-01,-5.911286440482558247e-01
9.999999999999583666e-01,4.872885268756300128e-12,3.335942338941567109e-01,9.999999997348378855e-01,9.999999999999662492e-01,0.000000000000000000e+00,4.429759437369504282e-01,-3.951785243138988823e-01
9.999999999999615863e-01,1.203017061017261362e-13,6.927460265643441417e-01,9.999999964206625069e-01,9.999999999999862332e-01,0.000000000000000000e+00,4.429759476533234319e-01,-5.479099293948815896e-01
9.999999999995996536e-01,1.061530683832708703e-12,2.507534203038860876e-01,9.999999943002814140e-01,9.999999999990535349e-01,0.000000000000000000e+00,4.429759428336122462e-01,-3.599499832260283361e-01
9.999999999995692335e-01,1.208149196125892128e-13,9.999999999999842348e-01,4.258242310398119290e-02,9.999999999999841238e-01,0.000000000000000000e+00,4.429759581863271234e-01,-7.529228458298479199e-01
9.999999999999669154e-01,5.356246342453207014e-13,9.177681438506926082e-01,9.999999969089409246e-01,9.999999999999975575e-01,0.000000000000000000e+00,4.429759501070785199e-01,-6.436019035888221884e-01
9.999999999990071275e-01,1.500727039826022103e-12,1.000000000000000000e+00,9.749679534533046699e-01,9.999999999998826494e-01,0.000000000000000000e+00,4.429759511915667969e-01,-6.805154268095990888e-01
9.999999999999649170e-01,1.634382627424806184e-11,7.776649780876793150e-01,9.999999984676940512e-01,9.999999999999834577e-01,0.000000000000000000e+00,4.429759485793226537e-01,-5.840222110816389867e-01
9.999999999999881206e-01,3.434057738600843622e-13,3.721709615789350334e-01,9.999999963164003525e-01,9.999999999999763522e-01,0.000000000000000000e+00,4.429759441576106016e-01,-4.115835041258132376e-01
9.999999999999987788e-01,7.231699774483249855e-13,8.841897505105679178e-01,9.999999967395740708e-01,9.999999999998897549e-01,0.000000000000000000e+00,4.429759497409226920e-01,-6.293224950318075939e-01
9.999999999999606981e-01,7.619957312844634866e-12,7.422675147432843401e-01,9.999999998043702654e-01,9.999999999999975575e-01,0.000000000000000000e+00,4.429759481933307486e-01,-5.689692322257965396e-01
9.999999999999357181e-01,1.851489072201955930e-11,9.999999999999973355e-01,1.763735071854398151e-01,9.999999999999964473e-01,0.000000000000000000e+00,4.429759571826258346e-01,-7.425328657508137864e-01
9.999999999959702235e-01,2.310088029595193054e-13,7.193466413157365569e-01,9.999999981324961817e-01,9.999999999999700240e-01,0.000000000000000000e+00,4.429759479433899583e-01,-5.592219965912185176e-01
9.999999999999997780e-01,3.016708663082477949e-10,9.999999999999686917e-01,3.257161428960311245e-01,9.999999999999901190e-01,0.000000000000000000e+00,4.429759560622567038e-01,-7.309351795474295921e-01
9.999999999999626965e-01,1.125131397545278308e-10,1.485877171288479126e-01,9.999999962671687337e-01,9.999999999999968914e-01,0.000000000000000000e+00,4.429759417195456850e-01,-3.165034190042365081e-01
9.999999999736282064e-01,2.798480617184257526e-13,2.642644465703470336e-01,9.999999986454892742e-01,9.999999999999940048e-01,0.000000000000000000e+00,4.429759429809432825e-01,-3.656956259966576139e-01
9.999999999999980016e-01,2.060077542817160230e-13,8.226409128822388395e-01,9.999999937168870812e-01,9.999999999999579225e-01,0.000000000000000000e+00,4.429759490697630087e-01,-6.031484913268913006e-01
9.999999999999285016e-01,5.661576419881106830e-14,1.720634153399435706e-01,9.999999992804218252e-01,9.999999999999967804e-01,0.000000000000000000e+00,4.429759419755365801e-01,-3.264865970251175087e-01
9.999999999995178301e-01,3.975284636377842673e-11,9.999999999999794609e-01,6.578790972742551979e-01,9.999999999999958922e-01,0.000000000000000000e+00,4.429759535703687856e-01,-7.051399892129145419e-01
9.999999999999694689e-01,3.922577526021962581e-13,9.999999994240174050e-01,8.328538643080660719e-01,9.999999999998373523e-01,0.000000000000000000e+00,4.429759522577073061e-01,-6.915517565654211163e-01
9.999999999999865663e-01,5.159114129056873967e-12,9.999999999999998890e-01,9.999699536178886516e-01,9.999999999998800959e-01,0.000000000000000000e+00,4.429759510040016668e-01,-6.785738154866948202e-01
9.999999999988938848e-01,4.289022436496427432e-11,7.907631417714149347e-01,9.999999965156849413e-01,9.999999999999645839e-01,0.000000000000000000e+00,4.429759487221516800e-01,-5.895922821083144916e-01
9.999999999996280753e-01,2.143732919107154731e-13,1.000000000000000000e+00,1.071819027421052825e-02,9.999999999999417133e-01,0.000000000000000000e+00,4.429759584253727400e-01,-7.553973660608216401e-01
9.999999999999724665e-01,2.403333083381217197e-13,5.288214637634847115e-01,9.999999996081239129e-01,9.999999999999859002e-01,0.000000000000000000e+00,4.429759458658069637e-01,-4.782000480535150144e-01
