148.756075011355,71.5464733506243,2.11925787941939,0.363047015309133,129.771699548269,1821.73693815602,0,0
362.951218617318,40.2895241937616,5.24646152679903,0.360613650459583,74.5821150002646,2499.1964436125,0.510968788279978,57.5190728809341
181.736458662686,44.3260867094204,2.61775732549517,0.315226490777232,83.3932674379057,1874.5800821515,0,0
160.564017870097,57.8209051653814,8.45835230518976,0.378336234841229,127.441757177193,2388.57535464869,0,0
294.64225702367,92.9560724719641,5.76610070891775,0.357212068607807,52.3370971114152,1951.01786772236,0.544586862509039,54.243705093991
208.537486856806,45.0538806481438,9.96335981684947,0.304407899493185,146.586559358425,2219.66446295362,0,0
232.123642313715,83.9870611690227,3.41970701013793,0.357529160797064,86.8267708679929,2431.55786406847,0.548662850739768,52.6535479002964
287.853347892382,46.747832192254,8.88069895933777,0.330228030932569,145.288311825525,1769.17419001837,0.765470706391651,65.9808613291273
207.574805090304,16.6400575108293,1.81681101637717,0.3746575840683,56.5478657847462,2148.58357631136,0.76557140228643,46.2825615919428
258.007948636471,30.3778020690327,9.9128380165407,0.342387642448704,108.668545499961,2235.9397789557,0.730212732718822,73.0685749810294
206.454170215108,81.3874534465681,1.27644820982091,0.311863613622757,109.773789976518,2097.27847395271,0.543125442392036,45.0444601553518
189.392558519389,35.0045106101093,1.31941573706306,0.376279947390233,97.6447276083023,2487.7590172475,0.813765046008594,45.8875572798736
339.003722672287,4.91192155132618,6.5287454808407,0.304389096415473,64.2303959201884,2345.19300346767,0.737092109230848,63.2315738546472
129.534670954611,54.0767199609247,0.981058739612051,0.329716203048652,64.8364097086676,2384.430373081,0,0
249.439675659968,58.4517411197885,3.59267292829274,0.331707452443776,100.518621857333,1674.38086984568,0.517613438621874,48.0992548984016
183.509220456613,7.26404336214812,5.96413042607892,0.338257576278394,125.942773709087,2261.00596246179,0,0
206.646738975996,56.2270743934443,6.84217968796823,0.322266637422288,81.6648709778058,2446.59021356741,0.783892093090728,64.1554078361106
154.41819606688,82.4189365968795,8.82721402591046,0.351243071797127,143.603634751885,2249.52626823852,0,0
178.127785602673,98.6219491617427,3.91312088087501,0.364021240734186,102.143694978498,2406.07407064931,0.569286612828274,53.5090713219729
217.002501884798,21.5876492910904,6.45695009316753,0.282367055346414,52.6948935211354,2006.47462852572,0.720725430769002,61.8457868316449
217.036168267409,5.22400111917257,5.82109066930657,0.316643460113473,140.700298534365,2301.66447432121,0.776244160638701,59.9387056214282
358.235949031133,23.6192629818271,4.92490141472624,0.376181511686537,149.883494900023,2459.85324177664,0.695421554073912,56.1251678185341
165.905182758232,28.3782532839023,4.92881580303755,0.30681187053315,63.3678384882658,2047.44467760504,0,0
283.795942623652,87.6476794087665,8.21632604183914,0.318985746550811,83.5592243709138,2200.98193486791,0.555026314526059,67.8332569095404
187.026450902894,21.099714644234,6.45910031516722,0.287671087965393,141.349106491414,1927.66999811505,0.815387145339234,61.3958552649432
376.647321431388,13.0279410573871,8.25771577077633,0.311647399690293,120.527587793976,1832.93549725314,0.686552251723607,65.9495279121837
166.707566372828,53.7095922602795,9.32155184123705,0.358950880429417,145.445653896811,2065.7925188622,0,0
244.304009607516,97.1093762206166,9.76749622087062,0.337886720508527,90.6863084232318,2107.05034526232,0.583674637895758,71.5536490146588
124.14859498233,15.0320822816684,3.55939781664756,0.365839253060462,120.66356406703,2144.55048588941,0,0
192.026143354845,38.0908550908468,7.41792775608118,0.341849955601556,121.841623329951,2010.18998447339,0,0
309.508756384446,70.5902438829495,7.71074434176671,0.296258455867719,103.714327884762,2083.28653770769,0.540503772992764,67.4626175525907
103.415621376223,57.7980211181585,3.37272784294519,0.305560003961154,67.8394800511756,1691.42129425297,0,0
280.453763306025,13.3915483778462,3.14899294838416,0.372629605655186,61.4659055050505,1711.93071670222,0.714655056312066,46.5979060259589
179.07225974306,82.3014477157668,5.89469921374939,0.356797087751329,101.097581149386,2037.331429999,0,0
195.922174768278,96.494393756893,7.05312071314309,0.341478797655318,94.9733623030012,1794.79599358195,0.577182364816714,57.8901211087948
235.718941204323,24.6863133345014,7.28610474762969,0.340538908442588,79.5802120781615,1900.57005896439,0.743932561972181,59.5852794656024
368.359101621702,15.3808297300153,9.18855897825376,0.314231712904603,87.5451056552718,2492.87730026841,0.718372039052249,75.4864385773084
242.975982482028,36.7240843988492,3.98843421509716,0.357421377176975,43.9680007681072,2103.30561866916,0.60847831630157,51.1023665662437
224.915108778776,63.379949040593,6.90654181286764,0.343723778879903,96.3537157876522,2376.96979665512,0.794825046293587,62.3041073552371
129.797017664952,55.3157570501106,6.25057226077347,0.286751098721518,96.1470364991987,2368.28496453943,0,0
189.107700665253,39.11297609909,0.515930580759814,0.291374050794509,138.922370899674,1759.83431665925,0.721469267838038,38.7120180846937
134.154503839313,38.5759370477329,0.904151768298532,0.342689543487866,116.436570976821,1721.68176204342,0.773045525022613,40.8278263447183
186.17997269903,96.6229191577802,7.72867892560731,0.354483832761695,67.7071560379614,2170.05628375878,0.58088745432426,62.1823444048782
141.003058627548,56.128109444831,0.981592516065791,0.306783790947541,89.4483844882608,1907.13039833578,0.773627894831216,42.745965976054
228.440909608348,7.76366939649236,8.48873233758829,0.339562854603618,116.774856267951,1857.76944149599,0.786361802561595,64.030308445656
110.951926326438,93.2054937815419,2.22970786445021,0.342791003285753,144.33672409146,2219.83972309395,0,0
183.496843299977,93.0715424442499,3.51092744455727,0.37276352375146,42.5532220841664,1659.78440650482,0.543808727511816,46.6037193872322
145.22076969311,45.6782856219243,3.81411280823521,0.307398549843707,81.037634930414,2063.00799493634,0,0
248.168777201523,51.2553251363099,7.57567449286944,0.329681642635593,121.97398727569,2307.13950408187,0.760491429345373,65.4105100868944
174.755019704736,30.1218355861581,1.78513765436546,0.347979105072505,135.99270401935,2389.3841577437,0,0
307.184082025722,89.4581866874721,4.14661622659515,0.290196110341596,134.469530360113,2367.13846732186,0.553301158820714,56.5771974520003
310.925518618541,63.7070629807047,7.70447361820746,0.309114841883444,101.741138472516,2260.14941894447,0.547786286060646,67.3576093741418
248.918127171291,29.5153255640207,6.03456901924591,0.36779758228149,96.2020165457585,1987.79821235911,0.699784022341041,55.1600730989412
341.303206119859,4.38813829108093,1.0420334208616,0.35443368015438,62.1341870778451,2441.61041003717,0.771436934038058,44.4772988095519
225.41972302177,30.725298564137,9.97044790928802,0.347111972774534,133.962030763574,2109.8116567934,0.808470646366967,71.6423931838856
226.095091910117,24.2316656905751,8.25997601935934,0.374348651483651,130.663884561494,1627.14866339367,0.741875405483579,58.179522898843
212.884310841972,52.0573584616422,8.87671927739616,0.375416201818927,112.230959331866,2266.26738955534,0.799548061762389,65.8138387107375
132.661341929933,56.2505564123549,9.70519119764342,0.35508573707172,41.1052669999006,2133.09360577926,0,0
386.523938760898,97.6928063563994,0.885689805701062,0.295660112733461,68.0580109439046,2115.41102202877,0.769199727894404,43.3004572866322
303.309081977043,19.5859031185593,6.7179261785132,0.340869732241026,59.197749042173,2491.95370367701,0.737168113562152,62.3013277504327
215.495384015526,27.1657118326225,5.95478545906254,0.299450502436238,104.780835898449,2345.3914738512,0.774969468807198,62.0273221470457
374.471480092081,42.0887732420257,7.27769384170557,0.308523621028072,50.4982838810127,1729.66281849155,0.504343674738307,60.2658512343298
334.83301828849,88.3146901514112,3.74143347420171,0.354278563724686,60.8651368554047,2251.46660949158,0.593076698396274,52.1022456373546
361.517736550025,30.1191699163074,5.58674486731353,0.30897006597442,85.2378247869199,2105.73210594191,0.702238227774949,57.8434125326466
240.929184068673,31.3645904604995,1.33726249691397,0.322556154498903,116.131248758889,1709.7891904857,0.696643493899561,43.073239025781
272.507791466958,90.7913653583143,8.93954053551607,0.374376800070856,59.8540094596923,2225.96207614719,0.550117899495343,65.0325115590969
390.734625924738,14.2526865802933,9.85205673267851,0.301080175385299,137.095093141072,2419.6884021799,0.718469070215558,81.1122403840518
294.35165038496,52.3665444197416,7.58851156503814,0.357225530239407,53.7169916276911,1944.01974292309,0.515283221712038,59.3475786576717
286.842727724716,42.062353048454,3.60588871968849,0.326122191709175,40.8803970554625,1791.35271845378,0.724501094177597,48.7150124959247
206.900573036144,18.8016290871315,4.8985630881365,0.296945937797524,109.121256177518,2333.64157209103,0.781658997935737,58.2712762791253
189.786650376934,53.7877121832356,2.96595247144973,0.357084881058331,116.533418983691,1970.71133945235,0,0
272.386744500271,20.1768597942285,8.44193964997585,0.325528819666341,121.200653079315,1757.61276455539,0.73937503081296,64.4532710410173
397.342857770467,51.7464094197898,3.93820459681708,0.359366182094856,108.733353300341,2435.39513930458,0.514329036876254,53.9161581275368
248.0235582931,4.16355300566714,7.62998281958475,0.356787895123933,52.9378678457825,2489.40994685739,1,1
219.822009541245,60.182827723404,1.15850205907011,0.309134845216083,50.162752661622,1999.60784125011,0.771689919340532,44.0529138690427
156.046517469716,47.8983628541328,9.11964972857006,0.308208884152107,89.3898501578161,1639.52390666579,0,0
255.717521434818,85.5214178414518,1.3188301776303,0.342859481908396,52.7110945411856,1652.61529957998,0.538525790673692,42.4187863702704
323.564541092892,90.9608031727152,2.58665704518162,0.305846900136322,65.5372917492233,2104.90273712416,0.594837456048393,49.5034528995913
242.209560675617,16.9762089490972,3.90510233045149,0.320675388126348,125.974850357131,2274.53438930747,0.757623434466877,53.9141694287925
320.701986143376,91.4702830266148,3.19740291458572,0.347492504160811,79.5516516632311,2332.64380385594,0.593673261521162,51.6400253498504
365.957489593254,46.3634229534281,0.505959658873018,0.361057342705003,87.2326244818505,1762.64292012623,0.563060596597344,37.2034012282981
344.887686789869,15.8509139385445,2.2550235202912,0.310595201330461,102.786425983809,1634.43097177804,0.710995007362889,45.3514855578472
219.584982264941,55.1075336014137,1.27842952320505,0.30758357511795,64.1625925437463,2380.52620305577,0.754488898701367,46.5900390400209
359.90644669264,35.0144146646399,9.75041489937402,0.284107266120688,140.887635587925,2401.072695997,0,0
310.729865394409,25.5882638666676,2.25879984439287,0.313402675805341,144.245809789099,2430.30610167815,0.699348720107359,50.6864191001114
239.818837085986,71.6225217509182,8.22509971424619,0.280713739624325,120.13987551692,1845.99533989807,0.56081585905625,70.2132034902876
268.393775559663,25.228283533254,4.67947497190843,0.314236732190075,110.226055307565,1608.27862065856,0.676374897766515,50.7585906490386
172.779787423579,68.5487191042843,8.56066626429829,0.298957858836324,124.92771928658,2362.93428751842,0,0
291.499448070272,88.7179232978952,7.05175007413837,0.36077513779405,93.8786767441274,2376.55014494816,0.543669232685471,61.7461350311966
239.629781400264,17.2698818863665,5.53615636098716,0.326509453518976,96.1747549839646,2482.75809047257,0.762216766660097,60.0093047009657
107.991966669705,44.4458947108538,2.12433169884656,0.361710320358198,145.491475465994,1673.58214218086,0,0
205.392869139553,53.2651013735636,1.75924039759659,0.337268648750969,88.5460554456658,2209.82130933968,0.741347179992379,47.1261884544519
217.269563183013,68.012705423964,3.07567957422821,0.305840517548193,132.513832624334,1976.23727356641,0,0
340.652450682844,40.5719478107377,7.53835998291126,0.362973144084107,81.7817558302859,2154.99575942333,0.516864471199553,61.1173057002507
218.404507323558,36.007804102545,4.47705070239185,0.339625474644158,138.055396452807,1619.86471975094,0,0
115.79942195784,22.0992985888672,5.68098532913685,0.280814118715815,146.179579418854,2442.44010609864,0,0
359.067264573083,50.5306634867564,3.49525715482813,0.290830357587074,54.239930125656,2167.2831012783,0.513984852529867,52.6374504425333
310.457192951142,99.3151334625831,1.17364942413968,0.366866815044577,91.0224842797005,2303.2153276658,0.621799318454175,44.4724236940966
166.208051499129,51.6366932759165,3.7465565238111,0.37072350404622,77.4987717556129,2247.08289068197,0,0
266.963716206398,7.6851643556719,6.60008844223386,0.323410882257595,93.7301225306642,1813.72459269951,0.750639066808372,57.8261678357971
137.280116361982,64.9991900149947,6.50054190561223,0.348426386782877,148.362595229755,2165.59149691313,0,0
358.933562881714,68.2746150607237,4.7971396670916,0.367921413147664,146.610245921873,2026.3254178007,0.520355273536726,52.621497235705
209.569061047617,29.4192389369507,9.75634308622887,0.300230495595086,117.627680288938,1814.47450495701,0,0
210.537556044806,60.3549838641446,6.79918629091854,0.321016443345319,86.0436500410576,1608.88878660056,0.7829322111361,56.854565116493
381.468878230863,7.39559858090157,6.97578769332973,0.365940922954741,149.935594046168,1910.6361764796,0.698380270109643,57.350939546017
152.445444598408,94.6050285137389,6.59972185123383,0.339797932620264,68.2844181417254,2388.77504460969,0,0
375.786069065446,30.5647569699128,9.55813526554843,0.36334957524421,91.5505105436665,2043.90979157965,0.708438462654916,67.2673383412959
146.635251296188,35.3572264580291,8.40853871486871,0.291810923666438,78.4479350059537,2074.03429428632,0,0
360.22095302591,86.4605623238872,4.26461589921898,0.312027113408754,67.4472577162632,1947.03595656123,0.61409144121529,52.4146955060314
365.699091246384,5.74316215907307,9.81624681291018,0.291659458644261,73.7489507028128,2067.03612453506,0.730749024697613,78.7782608917082
208.88042187591,89.7073647480046,1.87445478474917,0.30418931834324,85.0591370468778,1877.46053020363,0.55064868074245,46.1125628725368
141.798056940702,56.5746955202929,3.09108783542454,0.337998800701942,48.932591118457,2008.11703539279,0.777518886904245,49.0780707633116
299.689761181206,77.7150407967335,7.384734286228,0.339536124869727,105.504902659821,2026.75544669333,0.538725472082779,61.3556965387656
126.413108666957,19.2954074274153,1.87321588271074,0.368359843081545,145.439299649711,2274.7779001079,0,0
271.260651939443,91.5869819616016,1.93022845102682,0.347957872893227,133.39065725766,1738.99942198574,0.535829824563022,44.6927824837404
264.754427926433,69.5228309449027,4.82340028325455,0.328152915931976,61.6466359700456,2126.4104346099,0.533402830395673,54.6150713328391
164.486199819601,17.8585320466136,8.3125799617607,0.307318497304973,107.240261594046,2204.21535860106,0,0
175.410839582354,75.7379965067684,6.61447071271004,0.371950123775329,45.6672941425202,1724.7027105416,0.796649568678908,53.7473851013472
101.072363751401,25.6773601898551,5.83939250526815,0.359777923222633,72.0691703906298,2192.32791428899,0,0
131.309361082479,77.9943018710199,2.23678513645619,0.362985003757523,78.3706378314578,1730.87049406618,0,0
127.263770888198,8.60987918900408,5.52280752756818,0.328090019214067,114.855620724937,2483.0670556693,0,0
222.652682941398,50.2650730735932,7.72816021354732,0.288717372150974,78.0218001741271,2484.65979051103,0.796301824692884,71.6195544963169
299.010893663665,45.9441408337562,7.53792066272936,0.362344365661604,128.628154204529,2342.72352511274,0.758226616996946,63.0401554398753
138.913620572013,92.2671838965734,7.99978142777005,0.379634752992244,40.8026332679754,1656.97456176261,0.833397455480646,56.178933485944
398.560734714971,50.7382827160708,7.83004773389017,0.365995051653172,49.7507789166931,1756.85713563522,0.513942435653678,57.8289281817832
179.966221241108,96.1220048976344,7.91103146073479,0.287837888888465,110.366253022647,2191.04347525465,0,0
170.791218960441,60.8664710263628,1.73428785355258,0.359130111535528,142.17248778214,2056.20984232763,0,0
361.745691254408,29.5925875103183,6.72351144444665,0.291616828708513,74.7006409987341,2089.77022833752,0.708803466390674,63.2969569020582
354.921414326598,21.7414711272116,4.77136631006067,0.300659606532329,127.874426987113,1840.71222797112,0.678702711621013,53.649815727065
296.53419450424,31.6991256918591,7.90292345026843,0.331279526126934,101.078648347526,1682.87254025804,0.715482599303791,60.9015977175456
366.281081985225,45.5211644321977,8.24939101321151,0.281098735260023,138.177436135553,2253.11129207343,0.526297088216916,74.1877913347253
177.60911189355,51.891116593192,7.52402224719951,0.310006207031307,105.391059366665,2062.00817080103,0,0
210.242492410483,38.7752784798341,3.02676023766089,0.323040707259046,81.3966655876721,1631.60593938173,0.713528509286244,46.734103581058
331.362753769239,6.9190604622754,7.52465641298522,0.291219653609929,115.065074034249,1653.97366388884,0.711518595167171,63.4229923356145
249.507365493357,63.5034936388514,9.13420514272925,0.364239186422537,149.621938699029,1922.02884320603,0.544361399016273,64.7775159721227
252.635314996959,14.4052879686249,8.31977146273081,0.313483307403829,119.116458625343,1724.66192526693,0.775033775094287,65.0227261049738
283.652306586717,41.6520089985812,7.76508661579007,0.357663951415128,146.20865921182,2092.38287215455,0.73357498256207,61.9667413650128
254.518510316387,19.2590319669059,6.6725768532866,0.349849079617535,138.44472457807,1792.6670705987,0.708447642590269,56.3310290254403
350.981724356025,4.35929759802516,9.62538751172318,0.289443955304419,89.9289622391007,1642.24173427906,1,1
226.198918349546,96.0879051370978,4.02834794481528,0.355524727317747,102.919094077354,2313.82709178993,0.555748451310513,53.4270740105948
177.327114356519,91.4257295622297,2.91360299498383,0.379474050859938,126.213562780581,1619.42786614086,0,0
100.045839338773,60.1571934567478,6.0553922778984,0.319439801620139,65.5280507388748,1884.46120855971,0,0
384.115527348636,73.4633303704213,6.68774128710614,0.340050175034813,100.938445914276,2133.18637726416,0.554188565677919,59.7852213832007
287.107183573331,15.172331843689,8.37709042651729,0.3242798642979,107.992775197559,1797.54340722372,0.695621788053629,64.5095203178775
165.452646747538,52.0090053731525,2.53100985715561,0.336331435645703,91.5556487856336,2445.89091966166,0.774899202937557,50.7271127756098
306.855032178501,89.8465956521499,2.94144177902066,0.299003579315065,141.497481086464,2321.90469197784,0.547918723988316,52.1997842467633
144.293734257416,77.7019215005491,6.41700834189276,0.37436956188053,105.218509316203,2168.67665974807,0,0
376.16038932929,24.0410190313788,8.08710291739193,0.36229225927336,134.308648887245,2082.61976692302,0.70651826344983,62.4827709645624
168.397894959497,96.8843363652844,1.76445334022068,0.301256928109781,53.962969561966,2220.79118295237,0.559052993275268,47.8355431450321
253.666455247262,44.9946591383469,2.44952450323923,0.338243972078398,58.8245022314327,1992.93873147537,0.714417410712847,47.6233894919345
125.786845091661,91.9574907671515,6.68393565109079,0.315760762820141,76.2015943864813,2100.24868987919,0,0
312.122047094931,51.8862237838229,1.17122499370989,0.338898377750335,117.449122030719,2093.09691508921,0.525153423107133,44.0446396231502
309.041630050075,99.5417817902468,1.50410857358047,0.282623625434943,66.9914633898428,2116.64106387728,0.607133168677387,46.7943367163302
392.103821423941,48.9735891348843,7.73797835911531,0.369499095951895,112.558228308705,2158.1470751518,0.520268946657152,61.4426535378297
247.665032687965,8.88308437105318,2.66587378161084,0.336826841765107,75.9235388665173,2003.65999439489,0.718470570317976,48.2949398246075
181.574253401532,22.7672993349981,1.45404497726655,0.363970004838,115.966991307667,1895.44965488887,0.776354878796692,43.8498918881295
159.15542152534,39.6168530991578,3.09021322416318,0.373168013188795,72.9321804928698,1727.30885417394,0,0
271.606985965235,34.3985622183202,0.838171914014806,0.378303565766708,97.0010151098532,2215.9966119083,0.73937449251758,41.6736470528273
315.925828167281,23.2072851952933,7.2888880759672,0.323003080716749,83.3724246283289,1929.43753456096,0.693374963248834,61.3622968112027
301.0335100215,36.1026249847818,3.10794189177769,0.355226518213968,106.456915076245,2116.56481017198,0.706779336645676,49.7490642364205
313.545966901192,15.9728698938429,3.12551761722327,0.352499370222089,69.7772859674044,1852.16015838359,0.695224297733643,47.9807725252884
323.506006981218,40.3476577470595,7.53098916346438,0.379280151687555,41.520549240857,1629.75418107637,0.511360101114777,54.7624746388774
218.160363881617,75.4979807620665,2.45847155796162,0.358284756490927,84.4828856702536,2065.21898163397,0.533967369474389,47.882489249944
226.612560398495,20.3285075004769,9.9209064982492,0.293369773199866,119.084316884781,2188.86791202171,0.824636088421309,80.7488961282744
131.810815745219,99.2848872442378,6.93186650058359,0.300968958557041,134.258625090718,2431.50228051483,0,0
271.673623167081,31.6296637675445,1.05057014306616,0.379139274396176,76.6892671567619,2103.57380891648,0.729597034333075,42.7059894259212
264.869879536968,53.7954580567481,5.33174345772891,0.350476389389071,50.8146224255654,2391.72576522757,0.519170875159113,56.86480157676
286.700282991137,66.3561090166003,9.61451048215702,0.344762337044709,84.9389780938108,1897.90525855526,0.550388557001817,68.1875790832559
303.687929251314,98.4270347993876,1.40341032940919,0.366251334076344,104.338316866188,2487.27962312836,0.618318285027198,46.5105711153469
250.129979828647,85.8751234352956,4.95150091533863,0.313128324308228,144.276624294219,2275.17363046993,0.548769294851357,57.255097940846
309.701008944671,60.1530259093674,7.24637555829008,0.374334291098019,71.5618746512798,2275.50337421571,0.531940007004202,60.4356208374539
148.073643557622,52.2827435729365,9.30344963858406,0.280920290582928,48.0930191034455,2487.89781991467,0.987397701024784,80.625538381271
287.161710740543,34.1138404468896,7.84219356847257,0.31754869507211,72.1979417930101,1650.45654657629,0.730749605560925,61.4670647004711
372.120102479477,9.00607034888833,4.83634074722058,0.336681151098738,92.9719976089829,1934.52880992834,0.7190259160355,52.899759756382
373.385292108133,30.5110286185435,5.57418326301528,0.304811138889364,126.170743483782,2059.24535297006,0.698412871034712,57.8846901326689
313.719739015099,30.5393464181533,2.50459074625684,0.286009636087937,72.3335185078858,2140.75315656249,0.706121612092303,50.0553087928406
106.233766832056,9.46725273593195,2.90867972259396,0.280182173436296,137.701541726489,1820.79595974434,0,0
138.565179139388,57.9642372213155,3.04318634958467,0.354643366580175,113.864873860769,2434.22868671061,0,0
355.976856310992,49.4048722479766,6.19028507081329,0.313280239738313,140.361386862796,2002.3091304398,0.516950868604164,58.8486831623854
138.669260233305,4.70939204134896,8.57275501505513,0.289692597268888,69.6155418155656,2373.10576833202,0,0
323.787843491185,25.2936461789047,5.69917420875998,0.342643767520892,124.888461472266,2153.78787498084,0.696111018592195,56.9520042300378
156.825152903397,40.5945464598653,4.99554489100829,0.370528894756333,102.380400309115,1931.61420054011,0,0
177.029152551829,36.2108819921719,1.09097744225803,0.318074048051133,58.7563396742991,2240.2261446108,0.809453125459909,44.6765470456952
130.074398061464,88.9777416601287,5.32361804829051,0.343139456234118,52.1401287189961,2279.89561969492,0,0
337.113835977054,26.4812526355485,3.15702384069987,0.344344441649996,144.688631981569,1970.95726052752,0.622083707402205,49.169349418071
116.480891239975,65.6058445965724,4.0940098008456,0.335596366955635,64.0008181000648,2140.26269598135,0,0
215.505008860267,34.2961747966754,3.03133432267876,0.353273912180586,113.189972729819,1668.06984163823,0.698503524686931,46.4534399585716
211.703768214731,10.8574783261656,8.89576468021537,0.346134388974674,44.6037257603721,1914.89158276544,0.762278794946571,64.2290796681887
307.232682783945,28.514021833003,5.20227974228066,0.345393114270843,113.710765230191,2220.88429622297,0.704761420610037,55.8933040836295
313.907257078148,60.0234416916003,5.14738480986983,0.333704117540625,58.2391569648941,1935.20649306098,0.51897717127102,53.615768001609
194.987872399398,22.8515914791002,6.65129504524566,0.311887813581918,79.1345873028388,2254.39282082139,0.811835692520684,62.5706794296083
285.813434527004,85.8313779840565,8.40987235128934,0.307165561834302,125.539108772367,2338.53035157787,0.568184487471095,71.7936687952015
351.748396270966,88.8100611015059,5.08590327584895,0.367157256761469,54.1692976252176,1729.83080306088,0.61093623697473,50.5469009814747
192.153304558513,81.0006671782354,1.85748271791107,0.334794178722091,122.497912280328,2001.59612258269,0,0
396.948919722259,88.4790969342403,6.23811401531434,0.368182084400878,100.462647650405,2308.32017685725,0.724808539032846,58.3783695291104
392.258963322518,95.2302599557805,8.9201986593873,0.336388552385699,145.576354024087,1840.91471837547,0.747342806618396,65.9537512076833
261.577869561122,96.4472372845605,3.79160027982374,0.370151986574301,65.2050927960224,1752.10473329722,0.536149899142218,48.1841872946716
185.963996764004,36.1402808265789,5.97337161379759,0.291558428118683,90.3872920640168,2000.08445072678,0,0
348.544398472607,57.8919324618824,3.34272894884055,0.346236378442188,54.9631504363919,1843.10572332496,0.512552389473308,48.3838433772961
157.645546381463,15.4019544053837,3.54571999271113,0.31058838340637,144.827222728673,2293.19633508535,0,0
336.360576672714,91.7697695321532,6.24180720636088,0.375253634433318,67.6633256282757,1706.29291810201,0.613276329425179,52.854109549808
253.512752859522,45.4098452570324,7.09465812442746,0.356920857368615,91.4526376137579,2358.19043896792,0.745811315284119,62.0104800210216
162.231012515749,57.7541143206009,7.65145464337724,0.340379643865268,41.7376039912531,1731.4309491623,0.762392421511761,58.4530470373034
387.191102455013,67.3554895056489,2.70352057150994,0.328186314447976,66.2881129070686,1732.62467436723,0.520421783920055,46.6092587604154
147.578731351037,18.6949470309882,2.58832593989934,0.285646923216461,75.3875159903256,2113.87866521163,0.813240647680968,49.9813898832923
234.331091362863,14.0855529809282,4.77393936236047,0.365836172320183,119.545528861916,1645.64493074102,0.739159496983805,49.4996871993637
194.380933162536,54.443267790226,6.76829987535971,0.354845367637907,107.092186081601,1618.94848674479,0,0
119.565284671998,13.8656385838117,0.970597286000961,0.336018377484706,136.682008815544,2149.76791593425,0,0
198.086633611127,51.4169608085369,9.00330225607173,0.350322103953767,91.2670660688151,2485.94484048785,0.807530700943678,70.3436517384861
189.656668743354,45.9913010747686,6.21290823684512,0.291646638951407,75.5411323663305,2197.25278951124,0.778870527834066,62.0567955253189
243.147928671043,76.2662380832582,0.975978699353977,0.317136693924014,136.614586118454,2244.15345533464,0.552027707932017,44.0007851840093
187.95177059338,72.3143637536893,6.50716523290122,0.348503783438223,94.9854072555446,2242.99600189809,0,0
375.906707552941,85.6967343534895,1.52216516437127,0.298031482118953,53.526563919893,1836.4170856983,0.690477134058165,44.8502611723076
306.823055383895,86.9912019593246,1.89563962330708,0.297730975859157,58.3034353221594,2269.62414978957,0.547135088683235,48.713445443607
113.192377282297,8.60208260233115,1.34777800712194,0.345234960874176,103.962138138228,1657.55900114627,0,0
307.785311859582,21.4202481077172,1.46774565159071,0.280117113129451,127.486902559038,2132.93696688784,0.660670501732623,46.8593835229911
147.783039624308,87.9484638877267,9.88893762154514,0.373538139984284,90.5384602855599,1773.58404223831,0,0
271.011946811895,38.7342151167564,5.03135119919401,0.333105991539155,134.915615829627,2385.47967393776,0.71798560586062,57.3033028083314
163.220701730932,6.16968953121226,0.855633709460889,0.297987945254558,82.9958732113024,2468.20167262943,0.828002077138977,44.4619153805388
202.170894699242,74.428064600685,7.83428023440352,0.315153517605099,94.2336741157167,2103.600764924,0.842509216755007,65.8275289082797
399.632269673608,80.1516067204176,3.05902419771223,0.326321079913449,54.9339248524101,1618.42368934866,0.691520303097332,46.5552377390304
279.707855013159,63.129459462754,5.08730884382067,0.373941402433186,48.558969521644,1931.89691280728,0.516076380819784,51.8401638473823
199.833636998819,16.1844311957997,8.80750540067919,0.35029391076154,63.9372770813686,1750.265874201,0.81871323080339,62.7298144146214
222.379214746166,71.5401270191126,3.87041733668779,0.369102523800821,90.7051229409627,2393.5615556142,0.537560553636647,53.2465662978146
245.684980130048,27.7938179632746,2.02148297235224,0.285847681028064,81.6491291469034,1759.38944783156,0.667139334271821,46.0230389922362
265.973699950256,26.7387429492712,0.864593035922138,0.322229259939464,87.3350215129735,1778.16474256111,0.68248662865171,41.1795545698143
389.692060382832,41.5563538339326,7.30210278117471,0.362928396440058,119.440484019893,2409.45858533294,0.513001513946491,62.8045133506108
336.968455923321,90.3298993698398,2.84944292943368,0.287635301873502,72.3953525571176,2409.66902039914,0.594449490199196,52.8262731668281
198.26017414488,65.2895004173354,8.83370108483912,0.299581937551138,72.4950473547621,2290.27221148884,0.837369063074349,73.6961492795917
122.240910511368,79.900960099478,5.16892590663884,0.366488308291648,41.0335376058377,2191.37657056181,0,0
373.306745531312,23.2849039695377,9.55489443084656,0.358356490509482,96.1678195537338,2009.31624692974,0.702990912729299,67.434124009528
347.359946982541,10.5773753289161,7.89106749884495,0.307288553289575,121.126301853801,1941.18656864365,0.741738717226935,65.7970634318466
168.16190084825,7.88367654237045,6.99585372261703,0.369368302527726,42.1529145806469,2251.75819207741,0.796862253769763,58.8688486389351
283.185469423801,61.2567037906098,2.54641237661197,0.346108023021469,44.96040923871,1804.87065480061,0.514468655553904,46.343853656237
198.925417273772,5.85393458322532,8.05121177467733,0.35076973242642,78.2622772124916,1834.94926536394,0.790966439871532,60.8409823944852
263.875505526613,50.8795889641674,5.62072874163018,0.377297404683107,48.1083589433066,2472.48875700435,0.75265672883457,57.0628766389796
333.597278223052,28.9093090973898,6.95963714678554,0.331327851598097,137.983689441212,2070.91065992507,0.722111367473994,60.97418368064
273.118242276809,59.2843524835533,2.68397306122227,0.28638368568017,109.801907645442,1624.68679764618,0.514695600307748,46.6770271125688
272.711346170487,96.541670149395,7.97658349870457,0.343660602122654,91.883756984816,1936.91665769509,0.564180803694965,62.1743508926357
200.722592549227,32.4581863380022,6.92526161975283,0.298172970290915,51.0477108348097,2492.04057947845,0.795273078721322,66.16132227526
223.68740986864,18.9742215536222,6.52405766180721,0.346556420289975,72.5627202850321,1876.92184404561,0.696586236973178,56.4808475407077
290.360986321159,97.993076833765,5.0191357106477,0.309510803089152,40.9469701823565,2315.66604138086,0.593470903740648,56.7474495050057
249.898287148463,55.758293827661,2.08851415852042,0.302171554243358,58.7429891403531,2156.87770027526,0.577055261593847,48.4585115389672
100.516231203949,27.9490085321294,5.84059700683083,0.376594981482585,134.936853661088,2287.29841084828,0,0
325.422425866344,97.6362736030862,4.81495147845594,0.288998747773459,106.05130170592,2205.58083350698,0.636064661991585,57.5460720649791
229.01093596513,8.21581080547986,4.41244619652265,0.289886001518863,42.6180484324219,1602.00449891433,0.708267771067608,50.4775237441138
338.036251061238,24.1492502331331,0.999693299054748,0.342338987637728,139.146429458715,2074.42751093986,0.711204878817214,42.9281666163569
130.861110283442,36.2232779268591,1.06110119217416,0.280102076339339,145.003816990218,1969.36263104115,0,0
236.712085089625,37.9757109990027,5.69475790997576,0.350127195331495,109.110970111408,2381.32827351255,0.739790000227999,58.3517942329491
170.376681715259,72.3263134705328,7.40184636776323,0.3075981487569,83.4849703643814,2086.33828521455,0,0
161.099893082048,7.93270609628472,6.99790690348709,0.377861360976352,49.7104084227509,2397.32471884094,0.817391692372558,59.9514968536946
180.079652533953,90.3486046327136,7.35830056568232,0.28133823010424,75.5237357046707,2469.34565775017,0,0
238.461333999238,13.3039783329594,2.31788247113035,0.305834240961561,56.2477758289231,2176.92938813125,0.715849342419881,49.1869016231249
105.324624152486,22.8998685540306,9.60604356181665,0.315665048525414,146.447402677201,2494.76728334459,0,0
167.859247725835,26.4278672233228,5.59586386016257,0.344483404565864,142.958141780289,2268.48520148393,0,0
362.928926466547,58.9023230690706,8.49851025617572,0.379352837684133,74.6667889295463,1665.47623184396,0.516678249215697,58.6859465789443
263.073264998757,60.5072246014787,5.15378476948591,0.338059208306492,76.6132699059503,2219.8831148076,0.524503201438812,55.9372132434294
108.13953840969,80.4169680384443,9.77901810716971,0.351537055354256,64.2682539527128,1659.9246982281,0,0
297.811557370722,97.2471364990763,8.94161253803664,0.282434344746512,84.4905598707642,1853.39180655593,0.600803717125876,73.7877700296106
168.773811479085,25.8962987976217,3.6096222952904,0.326719506688536,58.6608124581851,2088.93919691389,0.7200073542899,51.2466044323416
265.352965073481,13.6522993853613,6.7906329737039,0.298531932483272,61.3440903519251,1838.46452728125,0.748884636878122,60.5125323193491
138.067580311012,38.9781976045877,5.50779360157081,0.344252141266815,56.3889847283339,2385.69626127342,0,0
180.467907657834,32.3658553663313,4.37900067964612,0.333598281187193,148.280033146995,2138.5728732588,0.772838588241654,53.5152370719003
102.974627438523,34.6181400039859,3.7072006893944,0.322894690586571,104.051591610765,1644.60948021365,0,0
298.577760084031,79.426726093999,5.36088094121908,0.327906340155784,68.3251963725681,2416.88988487864,0.537659792953787,58.473120714507
331.387200833575,76.7228928802938,1.59613733778444,0.315936456692695,57.8587422635286,1955.10092280048,0.530318781311995,45.4824668166994
310.692112479607,11.025518979993,9.83252369159045,0.356437455867391,68.5096098391751,1629.99662883107,0.750214676995604,65.1045475768292
229.65979312664,12.2109115583792,9.3217531536894,0.28481624526782,64.5352993936449,2036.92563177012,0.841315253028678,76.7667449733834
310.431627593668,98.8603950289482,1.44771014440788,0.371318200560056,135.125715447435,2125.2584391228,0.609695035305031,44.8772409092874
187.962588935033,14.2233907490172,3.98059547294937,0.360808249617776,59.3936947930018,2392.44166599985,0.784842353638323,53.4147385424289
169.388287170529,14.3053576182253,5.91853708997322,0.32612522067362,136.552287312703,1825.08954766459,0,0
135.413828920399,89.6002079432279,7.41070238745644,0.285835489202918,52.6336368319784,1700.42611112011,0,0
341.897982415028,15.0533306794326,6.92249837024034,0.303716943768042,113.778570293139,2392.0870682233,0.706464089074197,65.9302348349316
197.527943060991,21.1131569809826,8.3740978402153,0.356065500581702,85.0463290224655,2147.74006194327,0.811850033188933,64.3926640139134
153.806489141903,86.2195861042765,5.28825609133428,0.290878278543396,58.826537029254,1675.64171376117,0,0
254.028943938605,16.1777545364269,6.31703554225477,0.308552620170163,100.060031027149,1757.85235093977,0.745514143079887,57.5505612979338
294.413942725226,16.7278465681779,4.9682341716777,0.280427725756106,141.240710252198,1801.43626299857,0.694658070293764,55.1430350248196
276.873635401223,95.8097987184906,6.47739529254519,0.338281149688808,55.6123884254171,1619.36999198606,0.548159594868972,54.5048993781633
120.314113674176,53.0188493034014,5.11886415289712,0.296566822381368,149.070122480567,1600.85968468206,0,0
389.219991931096,90.8643265855725,9.56095727750067,0.288805679502886,71.3322061196642,2033.88997705494,0.729676948838487,77.5548400165632
317.139846736281,17.5495161642299,2.17501268812736,0.34166902198259,134.88068961931,1961.98929814532,0.724399827258797,46.8464401197897
375.324378743288,89.2180836397857,6.63773034824323,0.379319199759578,102.923041825101,2083.10362622011,0.713109655339269,57.1288570561753
217.170933600669,12.8309116329021,8.2516472926591,0.379696055918713,133.481435898857,2430.29157618424,0,0
201.822547127797,88.3938287991855,5.0504937250257,0.319015521310689,141.003926186153,2199.99799666907,0.559740265447689,56.4901169617048
390.66038707381,79.4122224367258,2.66782644782939,0.337060278011965,44.4241499631098,1676.60660008562,0.60263684081529,45.8073456461181
161.537894414636,95.9580743802004,4.69755163257311,0.281170671454471,131.999310051894,1966.69811010023,0,0
387.484428435005,51.9544686745662,5.04575545924357,0.317452996356936,46.0866117264674,1893.21003419955,0.511377149159088,53.4868219335463
191.032540594768,87.1618961727829,8.94782898064524,0.330313598075176,80.935492690325,2439.59369399078,0.894877530753496,71.604814028037
214.07949250595,17.9748340447954,6.43613863104173,0.373434231184574,43.2481054102984,2029.35789836944,0.750751280115133,55.5054654344429
370.747051098625,89.410414197658,2.9729960086704,0.371046811270877,109.52640519967,2269.22467296044,0.71263701498808,50.2787674529719
275.779142176511,28.9580630266471,9.21559391542645,0.372679004067761,66.5305045152268,2078.01283415196,0.721827909854018,65.0360944929863
354.244419447391,58.8026125597082,4.08762424388055,0.28653838881714,48.4296401416887,2399.43679813932,0.515047350087313,56.0930710554541
256.876317152094,62.8277881819854,4.65721102430298,0.324215551701451,114.794222637948,2031.66781760028,0.524805305034179,53.7342777990661
273.525255620213,94.4244226650319,5.54697960520705,0.300843334902745,146.788323396119,1990.09192924018,0.545070472323369,57.4731323686038
125.508397364641,30.0046764035382,9.78022206608917,0.361285421805113,101.491937620228,1889.87973408749,0,0
361.74051738533,44.3436736159639,9.52936751574856,0.367682255180592,74.0799431357655,1758.11404538489,0.512639595510331,63.9911717247544
390.951383390948,64.6607754010034,2.89432007408082,0.362930148163941,60.4998325379828,2400.4372434684,0.518953226226112,50.9534293890418
132.514476793374,90.5254056696594,3.43295472086595,0.363498778167003,60.7626119679095,1645.96039846342,0,0
277.378134125764,50.3025000143839,4.20356873270666,0.351484771669197,148.335900907428,1933.89565894405,0.516473128207907,51.0217837545064
172.276623084992,18.9169779028733,8.70794891428991,0.307085630927632,117.82983209788,2071.94035241629,0,0
266.865081804597,83.6742830002162,7.0759402182857,0.361480651690041,116.300151133674,2014.59565701356,0.544935365113656,58.7802128164285
326.143205871091,58.9860213938297,6.63942032485112,0.314410205741025,50.2298434304127,1926.16212390196,0.519790905275284,59.0148504766346
183.205926911204,44.1140948689638,2.11534343776806,0.32695622281345,131.678999702928,1894.97274237666,0,0
394.137238307865,46.7768516131391,3.58834493284749,0.2924905065884,119.242978332617,1925.47686579496,0.512494387347368,51.1657812416329
325.626517075751,69.8727619041256,5.38989819187012,0.295748264310354,121.452584590055,2225.56134666876,0.526934183077481,59.1491870739657
152.217718804746,73.8745305427689,2.10820547934578,0.357743235497475,86.3289949289139,1988.6878335274,0,0
337.102776399467,38.568088604159,9.5419990602466,0.317832621595537,142.969173148888,2495.15830409217,0.741651780478659,77.2430373680355
154.496781876083,73.2683670826931,9.94965366714717,0.310495153134112,133.525882576582,2068.54564513376,0,0
151.982348270601,13.6830960505285,2.28002064578563,0.356310270107196,58.5177613276888,1700.35405603244,0,0
275.380994604021,50.7853420789365,4.53931233829594,0.36484983452881,76.6169549632233,2370.07617964358,0.518240749658448,54.6104212247181
302.677796018658,84.7357674498652,7.55190572161159,0.321759206612624,136.965456542345,2391.91179260161,0.546218955568123,66.7298181057441
196.190453839751,8.87769000751536,5.36573405964266,0.361023459604945,125.198678910328,1919.90742960466,0.762474229712125,53.1964281896388
244.704503538188,69.6544515800635,0.927132040705878,0.287689455917583,90.4026996180504,1690.31146205111,0.532656487264709,41.7804496481492
322.566568005564,31.5158421020805,2.82913338573986,0.323705259728137,52.0687239066407,2033.10765780648,0.6963133729598,49.0553462605959
122.65374582948,86.6401098907399,8.69676999105124,0.308392485895397,138.364116875597,2019.51871174197,0,0
126.978560333663,79.7305147294557,7.55996784103288,0.326462683664135,64.763357912717,1768.66217602361,0,0
125.170826061592,27.766417664988,4.69574345083328,0.29001961110232,137.444517663825,2214.41008872732,0,0
337.622851981392,73.3132087642808,9.39877202016927,0.292943125693973,100.801898582369,2062.82124272202,0.548837177382682,76.5777609605116
272.697273976428,63.9139970439487,4.41171763614384,0.362078336240957,116.928699882068,2088.82899700773,0.525748719755895,52.3926866789426
231.410832750017,74.5053659685762,6.79382190053957,0.308828329575298,98.2925151937366,2150.42899211398,0.550728477684856,62.8097986155998
263.990047818541,78.4831483222499,5.67616137905347,0.280974315284654,135.853775874755,2442.35316691323,0.549408309298741,63.2350775465385
313.725925192654,8.45847620157636,5.67323425181646,0.301805258163463,132.293147559124,1923.05903944519,0.73900219728357,57.1319040524728
341.956785169601,98.4241878867061,2.1136473089428,0.374756083045419,49.0705743338634,2371.7056792243,0.723930493162925,48.32326334668
320.715645252066,26.1100462855033,7.51298581399631,0.364203104854321,73.4229766424568,1693.38931566493,0.694107415354711,56.9033713469031
252.705462543375,13.0642311980782,2.71392414469874,0.326015682626754,110.869089048459,1613.96419783668,0.728410286716358,45.9223696168993
356.177098793051,80.9764521682504,2.45952146413646,0.303761913366455,145.987989376881,2384.86679407452,0.591752136484301,51.2414862948538
324.021219254007,59.4635214505647,5.82425083436187,0.365358083158983,48.1584194317251,1978.60551813308,0.522078845782998,54.2092285401975
366.68142585658,87.872492217085,1.04720329314142,0.294420763148163,149.114447205612,2097.81246817007,0.6378130772728,44.2652345165379
326.718836841344,50.7050011483681,2.76644159064959,0.288187689316556,68.7859472979771,1826.71822266866,0.509584144781326,48.4072179358479
315.501870989007,94.89121354104,0.823128294027381,0.284015865286901,67.3487178068305,1647.1628154309,0.607647403234811,41.0424402723719
337.477360012371,96.5726457680855,7.98797471782593,0.351080528108463,133.077814003117,1828.83519626581,0.635733852111324,60.8793935172117
194.683920466383,86.5121191937838,7.79376299382426,0.324351901795985,148.891939690574,2499.5516460611,0,0
292.299798318775,70.0056420391418,7.34022494221974,0.296417162578606,124.772185701969,1741.22114999423,0.536658820190782,62.6476836263472
202.562373853878,80.9466000467252,7.07074786703926,0.288678137785151,127.768180480606,2434.55115079417,0,0
180.177592088055,55.8052358674198,6.27013661373302,0.376221330373688,138.712386971136,2149.42059318235,0.770858034622687,56.8011429713567
231.263328750546,50.7535643133169,7.25549507345168,0.307981625991262,99.1681950260751,2059.00462263307,0.758108124813752,63.8922720011519
324.942447272357,43.6773645883661,8.85611460643316,0.289834450293102,132.263291748309,1618.69047029256,0.762867495244158,70.2989099345849
109.555634261601,13.6441787118221,9.64535944310547,0.342225405350352,136.128109822737,1871.70028811015,0,0
101.887164667943,51.0800091558703,8.43603347654711,0.34407269189783,93.5586922837911,2014.21580037399,0,0
269.070519477734,17.2724812060539,6.61288592865719,0.335515618647188,93.6250197247254,1818.56216657203,0.697299510690718,57.1781710634387
326.454829658219,92.9319208615714,7.99362060869924,0.319836793433759,80.9658581063555,2210.27403840481,0.613052770686118,66.7687710052267
306.130279197549,15.26578028622,1.23378502901418,0.365755292324047,106.630134718625,2209.36126221776,0.701772854427945,44.3977539015414
324.931211440085,15.1037081656195,9.30075612038154,0.29489455731159,73.4287925320405,2106.36289928708,0.713268049605315,75.5697797166979
389.681843215252,71.146730860853,9.05057328326513,0.328203487132807,54.375497608675,2183.43577763997,0.537667108405927,69.5322482982515
203.42171986672,35.6094665112451,5.35542988917332,0.351710852104193,131.963521341165,1976.41698938835,0.704165024258248,54.0079076885983
281.179117045841,41.263946113669,1.48583312302174,0.290421339763099,115.822091408168,2026.83347894056,0.71778515641736,46.0619877084739
333.162329588862,11.7803011973381,2.77462326151032,0.315243188911163,49.4498799963898,2301.32959301511,0.717114295109836,50.899429658877
388.398751522095,22.913886576853,4.59019756227168,0.297437081096336,103.175928935884,1966.18162162863,0.690351763648127,54.2803606329899
172.221536275221,16.5621726405511,6.92995270499157,0.358843624253887,139.43514724575,1742.36891742772,0,0
129.837029295852,14.4139149596355,7.929790572098,0.351592663402215,122.997995652478,1946.7225637187,0,0
165.026580047569,22.6048188643702,1.53971235168055,0.356293310995149,80.0689380401187,1845.3909172453,0,0
231.587602137163,54.0445817713451,2.57762550433139,0.313226288661316,79.7072618700239,1799.31232102334,0.744973101162579,47.1214226115573
134.579147495504,23.6690332022101,3.96288122883592,0.321896766116829,149.324959023074,1973.39524995262,0,0
205.37678890684,33.0866084990303,2.37927661693203,0.325870492431792,73.0616242414779,2440.75485532157,0.739866233281578,50.7408779060476
353.426068381133,11.0549067261421,4.84746571204929,0.341882776795722,59.9978719551187,1967.32374499999,0.709605263760235,52.8754088461325
193.767272977325,56.290868542264,3.14832645827087,0.290900330662743,77.9489507698413,2168.10756289692,0.746156835023226,51.9331590109033
358.485437414353,48.6592726633767,1.32526026747498,0.286042001197942,135.989923730553,2478.47573553961,0.523755682702148,47.8431132225881
342.328405631229,87.3639217945538,6.44528495570671,0.375660608839199,92.2711769826288,1999.85484538189,0.590707524704982,56.0601660990742
243.584263589533,37.1271110718661,4.47183835182301,0.295291712287959,114.816310868097,2333.37349811779,0.732196497456296,56.972446221349
224.680261077135,12.4835867313685,7.6431874851443,0.350570619677416,88.3348852174098,2158.09763194552,0.79260902261881,62.4194243806864
355.842282072844,66.9390309259778,7.90393033986871,0.299897002125827,72.6529557126405,1930.30839526826,0.527490069841454,66.1737541665037
219.899677192678,49.7143173518881,9.40172949967972,0.332604527824894,94.5755657130659,2287.70155125008,0.809556520689006,72.2273244117437
351.500510732299,83.4086000110885,5.86540698466895,0.351226046098898,88.376149927063,2053.58177652957,0.587267270026538,56.0699164026593
347.455046463071,11.5938226457702,1.26798592783654,0.3667390048679,59.3060993429274,2188.82288603155,0.74290702381842,44.4557172791768
349.888984860412,26.0923899838062,9.92471831546146,0.359316044981846,42.8843290840356,2232.1379976817,0.702585419903425,69.4198994322241
147.253358370987,66.1055501358449,6.37116835116751,0.284404083880232,125.932478885052,1939.14263006736,0,0
355.43607422552,12.4195055542721,5.06781705763512,0.288324942379303,134.990013966475,2116.33746207748,0.669324334466715,57.5674051568356
169.088686928392,69.0593842301085,7.00981180283495,0.303106012821791,143.306071914829,1618.91528166741,0.807426340396894,59.4070650389132
176.932257762789,24.8529613125718,6.39497712187904,0.373885793732316,101.957494832281,2324.21730521393,0,0
172.207966502654,40.1714800597009,7.18170761746151,0.376079206698493,110.269992665944,2063.46948407119,0.819743372375945,58.5455558380056
106.708056406376,82.9180888416675,7.44935183501271,0.331905132360191,76.9664891158571,2237.49827658109,0,0
269.801217394603,49.628482797727,0.83497740244836,0.29135060044053,80.5599000104277,1902.06225785033,0.767488100118447,42.1172870560279
371.988903137054,21.1710851664741,0.721767297882809,0.336385786386402,110.910001589909,2393.99746017022,0.712544973779278,42.0740892546762
244.557079116641,36.8669945469894,9.11919946266246,0.329945175799009,117.487622279792,1730.42578335304,0.759638714674226,66.6344427208455
360.077426600217,14.9773510555572,4.55854025255294,0.371796761730211,106.725221133127,1920.55954765952,0.71049887075571,51.0064894074547
122.442377435829,53.8926978044561,1.71010461775726,0.289896247055805,116.294647744741,2484.80916696957,0,0
399.744044374137,20.9191060382586,5.42123261597948,0.336514213842048,46.5613954206369,1726.26974593666,0.673514170656793,52.3256164295757
367.717318507423,78.4533360303782,3.49115547257846,0.33221900551971,135.441784624955,2415.49060347228,0.590265676537782,53.5206399983715
315.206535229218,53.8557354247429,6.60649217307204,0.375394719406794,109.097256332977,2229.93297781197,0.523677121480652,58.4943929891341
180.902797633986,95.7662920262503,9.1519897205946,0.314685781759114,50.2708446913675,2226.30762528449,0.898963581888352,72.0423228320764
381.538481146896,8.02585761089884,6.03363211454978,0.353302457607925,119.992672366664,2056.11787670271,0.693164326267172,56.546118711951
286.673128037207,29.1435089989537,4.26316017520704,0.324638366699288,42.961748344323,2424.81530276614,0.698796878739988,55.0089334471897
104.055725851615,19.7872294088545,6.28159553278323,0.363364204403689,48.5528282610749,2367.63450310539,0,0
256.154423170418,6.96894505408927,4.11724669365276,0.369187613300452,135.277795320972,1763.05745242704,0.729676015576484,48.9035353913939
236.915587950743,60.2676050100342,4.20617799861734,0.336938952073098,45.626828323684,1739.71774605544,0.518177120535085,49.5312855933258
140.356937925098,9.53686125466801,6.71354632548847,0.351252796675707,124.323215817136,1621.36522397772,0,0
398.084140170125,13.4181326595692,6.90319989601981,0.336460244677679,103.100195105122,2337.01188273647,0.700734434504872,62.5899756447212
266.910144935037,16.0176825391766,2.3051074787866,0.294711288525241,138.268859515654,1869.62845782147,0.677745822686121,47.4763758554781
395.068475230934,45.5457832923987,1.96488742564976,0.339560965504231,74.2990168676536,2000.33620091725,0.514323006402708,46.4388590014942
275.071924155145,77.8212538731937,4.47763191752051,0.288311834204762,46.2953312987991,2355.17033992886,0.530430999744375,56.8139303487444
194.964067145483,26.451467971518,4.80201652271963,0.369813311162623,141.53989928211,2039.21471613015,0.73889023791069,52.5535523940689
267.593130706186,93.139767554792,6.69051780795723,0.32052290298744,120.238642308868,2116.98258788797,0.55174056003931,61.2065254013191
395.344658490882,97.7503493089248,9.12386582169671,0.334071121086501,144.437358058274,2034.38203978918,0.744758738020063,68.873892162174
144.101195686074,87.3132872984764,7.31048991575567,0.339653407239678,77.2877555080858,2058.95395138102,0,0
384.736052795371,33.1279120041896,7.22603239194896,0.303084509572146,121.533225272165,1672.5266401957,0.520471394521625,60.791318566658
138.432157706584,46.6670226991129,6.32271360301879,0.353257745310958,144.79396787518,1664.75260334005,0,0
154.922336585144,80.9792525858642,8.30859695242439,0.363255608288097,125.756161016377,1915.42187922811,0,0
353.946283175264,11.3207786040792,8.05095480130286,0.330519157003856,129.895667105309,2091.00726040363,0.727952145418423,65.2052914600601
283.937252279821,24.8782371691163,6.0000107421737,0.369058278591469,73.4800760511305,2382.09272603096,0.682653142767778,58.1221496316738
329.234663327649,49.1493347023701,9.90736630255272,0.291650671443237,42.5611517282741,1699.46517088311,0.512968970200459,75.0891153776298
325.616451869836,61.0649976200283,5.43866075111864,0.308039000323721,129.618037145928,2267.16771639479,0.529025315106148,58.8914637179922
295.313553126407,27.7337238442827,4.23542370739544,0.314854473663103,83.7257294939205,2280.49028065019,0.699278872007671,54.8997160995315
160.212343173604,8.91724188030865,6.65787384022041,0.370145829769975,137.738201951809,2174.68930298743,0,0
217.716869344741,75.3200521643382,0.586360218784828,0.349062419380683,124.162984788549,2062.11280725014,0.863437987207219,39.2893116305791
392.177355241165,23.5017861698075,4.31096438172182,0.360572865703536,117.640539300447,2176.50407389565,0.697989791986371,52.8974808477189
356.899771870048,65.570124998543,3.62866023273463,0.281322511997428,65.4841485799005,1699.09691493065,0.517887954731216,49.8474664651325
365.214270536288,47.8548938747304,1.70197653218392,0.360235816942551,51.1439840004047,1690.90782401092,0.510287338295665,43.5523934818682
174.722142846334,45.6251469383869,8.00316333560951,0.37434145158324,107.039448810796,1755.57127274098,0,0
326.784309327761,18.993651761579,0.677494932963423,0.301143462426271,101.150813776838,1900.10096298774,0.768108221572309,40.6703653794655
119.351053724367,28.9416102627862,1.70458919138607,0.334144379381319,75.2829625121627,1897.97853734688,0,0
137.779257037456,77.829871740575,6.46820602274475,0.366723496998941,53.263205325034,1754.72815028399,0,0
271.993575911314,88.9158911502254,7.35234451594956,0.368643004265727,67.7903659723538,2365.42064179023,0.54979641988577,61.7493583145513
257.902111656482,50.2266663710551,4.8743055972434,0.327920787064951,109.984161389257,1859.52328925868,0.748114434246982,52.9210452568346
229.887179179799,63.0555025217537,3.56182397392226,0.326325842869921,70.5927711856329,2357.81454269077,0.531903820934616,53.2868375398649
106.277145962552,32.4074514075645,0.872399476349701,0.309989567502657,95.6568748067573,2164.98598117649,0,0
338.487933479065,73.7307893581014,8.24182354222151,0.289789824827074,127.597138854341,2113.6701974553,0.548347166989987,71.4431285768036
201.736264415942,82.0916832024453,8.53060986950506,0.325578971816923,103.516472584298,2062.04329467296,0.868813422142354,67.3565935485272
154.298613710274,82.583556392858,8.82155683724504,0.293715633190649,93.1967086411017,2188.47956354762,0,0
136.883507960771,39.9845613498865,0.600563561824908,0.349399921405829,70.9142539235604,1891.48152109031,0.814322423753607,38.9154091122048
238.977046568741,42.2670757731836,4.70260581011256,0.334842989993574,108.096850864216,1653.39402060387,0.711126153724392,50.3949151829951
116.211426549417,34.0921889057452,1.55483555946978,0.34275923344907,63.9790477235589,2389.10768176563,0,0
174.057638227696,45.3084735021782,2.90810231757984,0.315041776653362,65.0006939679522,1990.19737697537,0.743525070866467,49.2117065683652
131.739569303079,83.5966302761756,7.1104590849245,0.32249957436073,121.784835155464,2403.40464748799,0,0
134.329254400195,68.7007294226283,3.64951008260859,0.34447679427186,134.488454402918,1899.60225444003,0,0
167.064237238919,61.8058602059635,3.08832179075157,0.345896235196685,130.153685928955,2152.5475276593,0,0
223.988931492606,28.2732967825047,8.05458981330335,0.286369105415575,51.4675610829957,2343.90266257223,0.788934604524719,71.5468901601718
224.527564223402,7.075133453186,0.915516573481159,0.356887380532455,80.5134177996284,2388.88310156084,0.791538391879363,43.3226613337207
302.148602435272,33.7767350898199,3.06272002746374,0.319928663986789,118.232226505284,2125.74273081352,0.704295084057759,50.6230406913816
372.068524597228,82.0512143943055,4.96324730491593,0.331330551690073,83.8230076197067,2281.40725238872,0.616246369892502,56.3202718151961
217.325964379867,41.8681241479506,3.39584345326932,0.345544611840101,47.8835737813597,2018.29301555782,0.706621200141482,49.6274678073359
328.97374631771,32.2850082839978,2.49878440131419,0.334594040994442,98.4539773231857,2188.0291127798,0.705605434284815,49.2685779366075
252.58016818902,75.5483256607479,2.38454323321255,0.302362975080257,127.803312464933,1923.2776647992,0.536014869799052,47.8779015604504
261.278880374085,9.58939524156203,7.57555259333178,0.306465100969185,65.1060046705831,1856.16317625404,0.732526260909923,63.1851579326188
242.675297598694,4.19325388366863,9.53527867794473,0.300984057721128,43.9072219410342,2200.61857279698,1,1
393.342790921719,78.5805548732341,4.55786915897765,0.364801466687198,113.405375197974,2480.61522837448,0.616537832567617,55.7055325213159
203.245958292396,36.7856058448951,8.05681801604996,0.348046381759098,73.5634192369899,2062.9766561128,0.710760759288392,62.9945891806699
217.96317853152,86.2162204855254,3.04046125549566,0.287287143470169,113.260794905199,2143.98710525938,0.552832126641707,51.5252626364177
159.894184804753,93.2153891491743,3.36739684252687,0.301272660594761,149.26075924004,2436.32660870376,0,0
235.376199930717,79.7265869799577,9.11178566193928,0.327442717030358,44.0615350588426,2230.24345478904,0.546071638743828,69.861600503087
163.843400912743,18.9407920406575,1.69816927499234,0.359174406487833,67.6187208315803,2396.57527112437,0.775138714577947,47.4412293933767
209.965783561926,8.41767265509901,2.32623358718523,0.365133473032197,95.2859551995632,2228.93377770861,0.756360012704623,48.4773098385511
321.572792521998,83.301168475182,1.44090194442061,0.364522108683954,71.7051826103022,2491.44793103056,0.558227443233981,46.7640128537361
348.257802685169,59.7636884116243,8.34238359334789,0.375673881421332,63.1725341621339,2223.99648029547,0.522093102154094,62.9920219185983
320.377409646346,29.2178197882932,5.2327711108972,0.369255692113201,81.7642013002332,1758.19063692195,0.693644069423477,51.2968026272139
123.591984465213,63.307723487007,3.63447249542369,0.327776784014263,126.477732569884,2209.49010999286,0,0
336.530347427651,30.8658191341761,5.80145301903681,0.329798947909859,95.947289808972,2479.63452707206,0.709058831671404,60.4770948791372
317.229692586538,97.158476222678,6.70205174556883,0.325087382860869,43.0950512681297,1931.12020588011,0.624956636057651,58.1884501213603
157.846081263972,20.1160919174826,1.72774517482588,0.351040690959789,121.456867431249,2051.39993308888,0,0
257.48179652706,44.0288974317353,8.45576898401201,0.323976587078671,133.732236268312,2369.98000660784,0.758997742359742,70.1081005052638
340.386658254907,78.5350690302521,7.64039560023122,0.368887361197287,71.1805775028134,2180.48842085286,0.540649100493331,61.0638906442483
240.747658539346,24.8871404048218,8.65536630132521,0.310663667347481,120.502717024045,2232.42460732237,0.776672725589742,71.534803696997
155.058252284251,38.9613629118009,4.99956571726948,0.305043207195886,65.7956707900054,2267.85200837798,0,0
268.731206318094,76.3112313713642,6.32695787171044,0.335314933477835,141.440016540511,1914.05030576478,0.538384053438005,57.1965585202155
295.863012919501,27.7795621962606,9.53158266661995,0.346149939157396,113.906772025023,2254.06505287714,0.73838268381039,71.1258111247693
173.522296445672,49.9892935285463,4.08577846020795,0.331969190742898,107.520048702633,1816.48077812513,0,0
291.676011426229,29.9982169279152,1.8250951294912,0.287879496859157,43.2111634905995,1888.99644558061,0.699988362124919,46.1344665651277
332.038237075839,84.299024659753,7.25351695951998,0.287175042532519,119.106937370196,1869.21872367636,0.555566592322766,64.5940962381068
354.590947686202,11.3087919780327,1.69687800558701,0.314446635650677,82.5934619612312,2351.21240890709,0.729604390331843,48.1867482774783
202.464707328261,73.7755286334233,7.99064072165362,0.352035670352394,63.7904096580861,2020.60481468889,0.813714131209181,61.9090297914512
169.445163186369,30.3974368065566,5.69734376877542,0.329124350554881,139.77631162057,2251.35206813178,0.782370770219991,58.3695865068087
288.645403285759,53.8757019056293,6.934418037356,0.359298360654233,63.7272948994816,1921.40093088357,0.517617581819653,57.3282702493553
173.301303374284,77.6128335624469,6.86030979407436,0.305221527549003,105.297201574124,1622.92651821018,0,0
322.979484809501,61.1144824874264,7.14966188284312,0.374229965581601,136.316998236586,2093.88204163208,0.535914835317614,58.9782626404837
358.059715367367,10.9250232631857,3.56068043442986,0.282807539005483,121.39037060402,1794.39675464998,0.709689083024013,50.3857546311992
192.400363690233,45.4955617858321,2.39610379794896,0.352763520960474,99.411454614606,2392.03949895839,0,0
246.989652610427,41.4863307764569,5.10866901716916,0.308882816757609,110.801165742345,2211.17417189386,0.72598420367237,57.2756250407997
173.780097023334,13.3805870453455,8.62381976829024,0.352514557381708,85.5599472325622,2101.57278030312,0,0
110.650609357379,26.892054375783,9.5522236258566,0.294672287970268,114.699986772769,1803.92023016883,0,0
128.037093432552,16.2703989964495,5.78809862784798,0.357804175179237,111.774035495073,2125.86673715333,0,0
324.866768896263,91.6224121800624,2.04924818822354,0.322302841305354,100.339626725559,1759.36697155331,0.587605140112045,45.4130596005589
192.263796131976,35.4536585637324,0.53104675894986,0.291678704790172,69.2362372664341,2291.95732228602,0.823224520623389,40.5873463479779
370.671334960947,20.7388065204855,4.19676099264179,0.282410112379558,102.607946554997,1760.04887316284,0.674265777298133,52.0786523393748
248.152920753602,75.1650801504977,8.74552929541879,0.346917939082945,114.720060261836,2291.85554484664,0.558945091359625,68.0519701184027
315.728252859602,92.3058038698611,8.80286026355976,0.37794845537053,137.973106572422,1933.37029256375,0.575764394157611,62.4848897644199
309.525510222562,38.688311998155,1.95437512362644,0.339401635077719,133.460467312122,2218.78870128931,0.738174151393254,47.7400655784469
218.679631417445,72.6018890859295,4.2307412055888,0.293488184484058,61.7077324462683,1987.90229996522,0.534335356093561,53.3645668997444
370.022129208392,73.4108618955161,1.75324404233651,0.325602786504248,54.2620762055464,2319.73154983527,0.541195779351218,47.8979160096128
186.536595799283,8.05261043939349,6.77285857802334,0.307324154788745,130.585640217807,2042.26680877984,0.818945587111221,61.8566441316632
272.073916321585,25.8161464985167,8.32379267934944,0.324392827459719,51.7579120542176,1652.52788561433,0.681383244558931,62.2610604769687
215.66725794945,30.4094322702994,5.55595660942186,0.299811152655153,124.152571064268,2310.95680321336,0.797528139738156,60.1966187266844
366.82663018349,96.8599298731203,8.69562586093098,0.333228163296964,143.982612280766,1756.90886508874,0.740777481944336,64.7239125327893
333.438970894952,39.0015767963129,6.17184578557745,0.280255332254195,105.21081123434,1951.16208582265,0.526571937407367,61.1421814952553
284.584163240596,23.059743114164,7.76534099162124,0.311512956992157,103.461316231832,1650.43287957295,0.678187901455297,62.049761650202
350.650868627375,93.6862579002614,4.13674025909402,0.29369036860648,106.36113107675,1983.47618519962,0.707437763025651,53.146438295344
217.881219433343,71.3921306075586,8.23682061004206,0.378069521144867,133.695186525831,2102.62328567497,0,0
164.793371510395,75.1679658594639,7.40745716231552,0.320604467384597,109.88460937941,2290.53282760261,0,0
128.303409053437,64.7060130283729,7.64348649663512,0.319368550035551,93.9295512300922,2410.28928852459,0,0
352.166960616122,65.8152623554098,8.80781501107352,0.335156421697623,79.2389441174533,1859.035212906,0.52623694466254,65.4865761844213
101.012407578652,70.5958190657559,1.40481315629569,0.307015716747943,43.9756133201082,1998.89581217152,0,0
337.446540988216,77.2306247632152,1.60841542098058,0.300100480439439,73.959182901093,2281.29000519564,0.541701175646545,47.7738367688423
218.63461326223,41.8748195253228,9.53988073863303,0.368592770134772,120.196025861953,2419.93116362396,0.792477287082271,70.3047329628476
203.834194923862,99.8661226575968,3.92668668438185,0.316253865087722,123.974343301466,2258.52433254534,0.562081640867791,53.8821563284403
385.116721778489,32.5599989389462,6.48901756629886,0.366908920843673,112.585160368644,1967.88789746943,0.516367378756759,56.2659088891722
379.300710642572,42.6897106601339,6.85880059772306,0.298406558806424,147.740601131717,2463.20765432241,0.515958867146327,66.7887935946735
152.759863410901,36.2415782395176,3.93189460497655,0.295830384073938,49.1629794017919,2275.28809783496,0,0
316.514264041676,45.4816619609609,4.9359382444429,0.326427206748431,126.822488054633,1895.68434769135,0.511547032467681,53.2687800484228
389.806087320421,71.431740885866,0.534668428155842,0.360245487200267,45.590979122633,2331.14001869188,0.615157895641145,39.1379533768562
297.944023844354,5.48306658227408,7.96163972947907,0.336693183403459,79.6726146474093,1683.24220337766,0.740049841260908,60.4724810661305
299.458995981718,44.2010600252823,2.9618286987389,0.321772631368543,111.87721230014,2471.76784987473,0.743617692600414,52.6765613971239
348.444008621285,23.2935289489449,8.24785506431423,0.322973495501222,121.57991054857,2362.9996482385,0.714333165211261,69.3247309528698
