156.786593401458,33.5229788709789,9.09494066738148,0.358394826168946,58.6408863312311,1874.37299748653,0.822524856251161,63.9240619489047
202.195056205614,44.8733057012306,9.51511647143479,0.286497279648533,40.725490137549,1768.42855238764,0.76440657080769,74.1376682020441
270.829850766577,98.3361986986665,5.73379026363544,0.318656243670193,75.6966069253716,2140.49956186153,0.557320292013773,58.018093665509
340.543831787449,38.5371846380475,0.581724550305568,0.300137068202502,47.6818047114158,2433.71414419523,0.783694241879446,41.4680915802348
360.921229298895,28.3379880647132,7.86627322120648,0.355974724208851,64.5658502712567,1709.64861116706,0.697291728462017,58.6674748646131
159.641545650086,20.5215548002984,9.52361824658492,0.340469308978784,49.052566801987,2117.26675166742,0,0
267.602380581305,68.8989183568876,5.97474862279595,0.361802436199211,46.4922967145054,1916.43369762902,0.52857215186643,54.1721152383293
352.757237459406,61.5708647009385,3.45848435227299,0.353623546438515,77.2356770985842,2424.51069061387,0.520451600410312,52.8223670721717
162.970249358112,50.5498862628925,0.933111550226572,0.374366246015654,141.009084207107,1607.01890754211,0.761985977392105,40.0127440587883
346.212256146557,95.5548306355847,3.10093216283868,0.30087073074627,87.0081515453677,1693.73528428125,0.700828489030881,47.8371494711305
178.830937847063,16.8561221287044,1.75570441184509,0.346645003887073,115.923349643526,1920.81964481099,0,0
197.36043204063,41.645023105928,6.04479708942737,0.345834902027306,138.576790424302,2431.92826220405,0.756209424198531,60.0407366347705
342.128286546053,49.3452415481425,6.88947779225987,0.333920266544754,140.430176536306,1603.83816772123,0.513190598570468,56.3705320589282
163.167011859741,29.4701061120594,6.56525509195196,0.367246265992112,77.0887651679542,1620.38286479898,0,0
204.471404021994,65.6668770801797,8.28241524935209,0.318296286967092,41.1482621248859,2001.66176796968,0.801829772567749,65.2570559636431
297.671067295994,12.7599480105401,1.81342294768268,0.319947809984389,110.322298411798,1755.95539571148,0.719619379635179,44.9285197705304
377.054450409931,47.9211601150683,2.93615319744397,0.361553366507413,85.9512356580951,2188.08668719379,0.515235533020376,49.722228870763
284.427386283051,25.8195217854914,6.27830994244022,0.29246976485622,74.4643959764703,1870.50021134312,0.696943807801433,59.5191752438009
289.176539796445,68.6707284222745,7.08700059147088,0.324068872219142,138.234551831428,2478.08466103074,0.554417885818563,65.5841960140414
279.463394077949,41.9388618121551,1.21780076298529,0.284321159119218,76.4188835033173,1939.62305402093,0.719797108375062,44.5352644057264
250.162342966856,33.2222653972523,4.76578893803683,0.348501415512405,66.4665280717001,2402.05266209037,0.718297027893,55.9138612262534
163.361508318063,22.8838912797383,1.99091516599073,0.333752846730684,56.5051841598982,2385.88917356567,0.803577192948403,48.8773385473416
254.949121249194,90.2164438500149,8.09758263160512,0.338549327288182,118.067637460853,2422.27590986202,0.572342926859147,67.6056091400792
378.19132838432,10.5883923419886,7.05011592827649,0.341166475049196,120.907568458664,1860.95688468626,0.714456005800553,58.6721768826241
365.014133694865,17.5071037763271,7.86423658341596,0.373913134915101,52.3286431395506,2085.39576568925,0.658794437874014,60.2707944187973
145.191682634422,19.5641179454869,7.51345907340531,0.288250961365095,148.267104471411,1735.39046923229,0,0
314.328960123075,11.1353681788148,0.782372362083045,0.307067629552854,92.7051772188371,1806.99644013343,0.757302468834791,41.0257666475762
311.722846164435,94.0110994970284,1.61178809112648,0.3531478470135,142.68581187169,2296.01775072641,0.606153079583687,46.7280085511202
164.698965950631,40.7908992425708,8.04485841291754,0.280686004943827,98.0392365662235,2404.86403234213,0,0
309.364521206965,61.6925455610488,4.68621484843124,0.367076181169112,40.9540669546389,2371.33010691255,0.517897176398195,54.1476083614505
291.96935064312,36.2152366272395,5.92212338889228,0.35633401320969,57.0826442512028,2364.84582202574,0.713375780167184,58.1339021316689
181.039759027645,76.8242125932692,0.991058610812141,0.366642646408855,118.586169098217,2115.33400647331,0.820023475013804,42.6053804528649
361.368036878364,22.6814879579266,6.81617266792791,0.292530575125446,134.206606396906,2477.35046932425,0.706584102533316,67.3052116601114
304.613375505668,18.2962948709414,3.89519610348824,0.31666570322345,62.8067892647918,2047.2904293821,0.721391243190472,52.0285020503478
124.696652045932,67.942310786113,2.00488223307839,0.292166577279445,60.3268016170288,1953.56872238453,0,0
338.003711766399,78.3488217236762,6.89465787122833,0.305539116978591,47.7064665977707,2214.60659175444,0.524007506869739,62.9353398361839
116.598617052304,51.2360858232819,1.81054187246153,0.360482262554305,43.5722304473549,1807.86490308468,0,0
282.922291686581,99.5669604648537,3.1710265087851,0.318040043033892,127.464177008446,1733.98327074812,0.59147607406199,47.8804731331582
395.88530998187,57.5077999747837,1.82306844714685,0.366840696035838,49.4575832027116,1805.5272695538,0.516522924792693,44.4002675674437
139.420470021068,80.3266757222632,6.16397552724201,0.298971351074742,56.6095172777278,2359.63304052174,0,0
349.050679390405,5.31679886417797,1.82080435861408,0.32648685084092,77.6768948088073,1623.18860817263,0.715293438875776,43.9788781212658
249.761837063401,19.1987672544182,1.05965436887297,0.334010586700214,142.129674758447,2214.62939862805,0.715457595693356,44.0728102493885
216.021806953879,76.906879473559,9.34718417529607,0.356841549030926,142.680496806749,2366.9830086546,0.856738480919703,70.1969810266491
371.151858802485,12.5731798107857,6.083914301195,0.336268167887009,133.929831414507,2335.66797366303,0.678438789452562,59.8852676285319
273.505407827199,19.9683873014586,0.924246497327318,0.368738659158402,117.339204658351,1602.63250041661,0.729982416464424,40.0259170863737
316.114845134283,33.6358798478853,6.74752945151521,0.374847981558329,58.2841471709597,1675.72078179081,0.698697864813155,53.8435308003193
351.587260330854,94.63675200152,9.01378798848214,0.35100914054072,46.3302175749334,1866.84142640035,0.713391604075577,63.8648291556757
160.269263974682,31.9831932269947,1.19475498970607,0.29887704321107,48.1101440672757,1681.23284212321,0.743861304281759,42.7496901795948
184.219851149805,89.042325173042,5.72467507583371,0.332652458275535,121.814997879219,1645.33223150632,0,0
371.962654960857,36.3835953922247,2.57890086035701,0.350349394665222,74.6118736786223,2011.7864431587,0.508397560583253,47.9587557553657
187.876535006795,77.668891314338,8.86694889189317,0.302343933936073,64.5620385282315,2157.12365926365,0.850102683735287,72.2862426160607
351.023938706427,45.5405107668729,0.75918651122253,0.364031849825632,121.04513906548,2117.90212710741,0.539940239486624,40.9296442996556
152.781753544552,87.7138595693033,8.62768713927024,0.34658493217998,142.138388095783,1919.16439839727,0,0
206.242996143265,96.7349839758111,4.76229118231799,0.319655102437876,71.2254868639236,2255.3676832387,0.562668098287768,55.8984629988458
257.046857606038,34.4928570007953,1.17878454312456,0.339456238873862,104.043741119883,1777.52715316633,0.755714006743882,42.6226201257038
394.711266635864,92.015769449983,9.34863737092901,0.324136489811727,64.7948983397662,2457.50802339094,0.754221530329164,74.0082354327051
336.897526476985,88.3638561678736,4.64454053302934,0.30941282226118,87.6807800211131,1814.11165755572,0.590072912213462,52.4925350642975
381.805087688931,40.8808893946775,3.60235850119051,0.341961384488114,86.6650029469721,2455.03138029327,0.50918808328032,53.7482763051861
233.675803742267,15.1017938427675,7.55940180241664,0.368913919483448,56.2048224786212,2310.89033108039,0.774966635473868,61.6438658584963
328.438882330149,99.399593838674,6.37096601334863,0.281263782684794,132.292011051117,2319.82234622815,0.653583281583942,65.2497350761358
210.551853029201,22.3382033188798,7.6466683891608,0.309089047128952,105.855693942928,1759.26982979592,0.746182099208022,62.7959779262622
219.954964107137,11.783268491578,8.23019674172113,0.339559141754933,110.500158467135,2081.36933827707,0.781629855551801,64.9902706055834
342.13838485612,18.9816631656997,6.91531446305653,0.340597570421896,109.308161262386,1923.75369085176,0.659461152534773,58.6927273032645
231.448289822006,64.4979117912702,2.1543370764304,0.374184713781125,62.076829686666,2455.52420112285,0.530605205842518,49.0556032260674
286.460516591112,45.1079047612949,8.39573888879699,0.293344549592679,137.726553541687,2473.99344077098,0.766875891443577,74.9869195895063
383.68177987918,20.2536586536981,4.3877503470968,0.304296357519219,47.9858532027879,2311.65883125914,0.676210337746968,55.5280587208337
297.558500000403,6.80902505878746,2.36607389150105,0.298912969614115,131.727460732684,2464.02769590274,0.742309406413927,51.4788079038505
305.048371771045,89.0274412691053,1.84332890230024,0.359745274497952,54.3468861962111,1878.66919890475,0.546182555308961,45.0619002350613
299.720302131145,63.3845257848334,7.46994588267649,0.373371495838539,130.260006856463,2306.83773302751,0.535721356705529,61.6882197567799
372.289439672678,72.8718648406628,2.40436320417944,0.365883744940021,64.0268269969612,2137.23554262245,0.535528669745343,48.0386071088911
189.937447682313,30.9395228420116,4.07056546506167,0.351783588941037,73.3728182613021,1672.3298142285,0.760361442053571,48.4940517042569
121.963249255875,29.7118415504093,4.43288836997828,0.306960984874934,128.953267534928,2093.46676592254,0,0
251.531333364104,63.629430740433,1.28559582097123,0.284696855311137,68.3643835438587,1935.44548325342,0.526541439176384,44.8412318700195
102.449103276896,77.5215122928799,1.66589289952275,0.31946332869219,61.6954139595368,2433.00881534924,0,0
140.942812480855,24.1682937625213,8.08829731844567,0.293239086542146,130.893465488656,2196.96057419977,0,0
353.768924075011,38.7677978819385,1.66873368475112,0.362988710396647,99.3797660019243,2055.48904462883,0.745831998671596,45.5544088317237
266.106336955213,75.5140220545957,1.29537682627133,0.304467687010165,109.629069090431,1993.98934943192,0.537430266456819,44.8557064652153
184.602928751343,38.8140141730811,7.41163581596108,0.327290943027208,106.72789677189,2359.07138623371,0,0
275.511592529536,12.5401753357159,7.1711359592699,0.345852567885951,90.2458668688968,2347.03765480159,0.763194552534962,62.8108388233724
249.659704949535,62.1076812527195,4.0132645523569,0.344464387874241,77.9094354561843,2222.21270075661,0.525519423236648,52.9237361499005
399.095202423378,47.1672597014887,9.0270017763862,0.282150532030348,56.0606353694207,1952.61033367982,0.513540840531058,74.6198811316083
325.162828054698,51.6795185513791,4.76000092694727,0.355127447304862,122.470383952795,2497.71966461437,0.521026285756515,56.5836087872028
200.395727644784,71.2878477028958,5.42425873709908,0.29021086989241,99.894946224525,1652.12273767255,0.792913716614925,54.6429039563338
113.859342213155,35.3732028509619,3.94957802601938,0.377466692550691,139.406008350105,1887.95320182124,0,0
263.654840872052,64.8883367675834,9.58216472950227,0.373315774778968,48.664263477503,1811.12682524223,0.526514095619228,63.4437301200697
149.728568749465,62.5396527844959,1.35620411301582,0.298426239878373,79.6876671457406,2066.87395105836,0,0
309.891062244424,35.3034773060382,4.01021344810667,0.308922067051267,140.561949040202,1932.08229466975,0.703957052487326,51.7663405664704
240.980475771174,95.8883736063198,2.17992428281231,0.336446101943137,88.7785442469774,1814.30656630193,0.540914556418852,45.8572377182267
260.515535514278,18.8098336156552,5.52655441463381,0.361684912738549,48.8661348495981,1885.2587797879,0.693284757708476,52.8777938010167
230.959550424418,86.5512626392962,7.87179604313793,0.297758453553171,46.4715169812597,2093.59046368003,0.560883049072602,66.8907571268818
288.434461134005,19.8485899086518,5.60583209038986,0.295704664953211,95.3920418918855,1728.0843375706,0.730821030109215,55.6652937885079
125.09671254923,11.7624810166241,2.79552298808712,0.296148449128245,138.192029463941,1799.58100900359,0,0
351.130101347874,23.136699650101,4.17307917577822,0.284070963233033,85.3850484497873,1638.70824187281,0.679884240108256,50.8781119106485
212.609204143311,68.0179201782218,1.82623314946441,0.346087840538204,67.4360641607587,2311.31515326029,0.741971128411889,47.7182508635617
345.204662512989,50.1094636979791,7.80955776175304,0.348786599119715,130.46513800983,2381.08798362499,0.525603007335851,65.3177143037957
281.098810204345,94.4554590698358,7.36620411859431,0.292529976536683,73.4965313674766,2461.89091687269,0.554830670026348,69.1421830167899
199.656275415983,25.37822941486,1.65836146918848,0.335611883307635,94.7051146265315,2128.80028380461,0.733765515015879,46.3947941084078
327.513093232179,92.6266945529323,7.490310642837,0.3657726285613,81.9570122484672,2444.43605183636,0.60874003557302,63.2294164428154
326.695402444311,12.3219949313626,8.89429339033326,0.289620073886755,75.9204515916668,1773.00767584142,0.743203635051472,71.4169387230545
357.635803683608,88.3602908258605,0.708778347780956,0.368560105951433,115.643085356197,2249.94775545067,0.645632477449217,40.8067076026652
280.05346318986,10.3755206068239,4.87943373409015,0.368989574444487,46.3217699015876,2169.06211203888,0.702554654694435,53.3368371987886
179.056273953675,21.8763673183697,9.46777809051605,0.339220289589892,42.265683812525,2438.3674400736,0.826154274621383,71.475693509319
137.150360410227,8.35658200230042,0.949392175191287,0.334507623165472,63.1161821360576,2014.51628652283,0.823717453438423,42.5063204590147
163.13192391714,94.2428640963066,4.93117722917804,0.284649558038999,103.091026161421,2395.13265667794,0,0
134.899094467495,19.2852719331477,8.04369650603759,0.311024684981313,99.8345597959588,2479.85943492992,0,0
146.85984727429,14.390074286168,2.18642560700938,0.32045888242094,58.5827878145467,2059.20075889077,0.783199211928143,47.7297066936688
227.197551464927,13.2277717474336,0.62319505132489,0.364059664231633,52.5118255301761,1945.45945412212,0.78809076523724,39.0520234174214
257.827654411428,70.3455320001644,6.24642216646996,0.327689439286509,55.5399625382326,2016.9442202219,0.529959427731365,57.7466418358047
369.082296914562,91.3099071267549,6.19443277342582,0.357769328605941,136.266044968455,1985.93677927554,0.708300657320352,56.1886637054835
111.059718011511,46.1865553903619,8.03855996978738,0.28599681375719,139.746082307902,1665.74408160125,0,0
372.653073296005,96.9245313500599,7.26429007209445,0.351777647216305,62.1835667423675,1900.28889514265,0.731429835713931,58.5774536654398
164.628844273253,22.5681295192794,3.52004457264259,0.280549462603807,134.684600217243,2324.88218886093,0,0
393.764439044427,9.72401480835818,7.29080284456143,0.344480417195112,88.1872275188002,2037.47420861604,0.718656517826585,60.5675281872233
352.98696654586,68.8122339735442,9.36542613685931,0.29389332088956,100.902374662529,2094.50270998376,0.540372281354685,76.4913824995792
214.262248070881,88.0619338446422,3.20227638837855,0.282035915942984,46.1005953956552,2497.37148733311,0.553472412608552,54.2622181373142
332.082946253907,88.3364148120572,7.09621478230849,0.35363541824698,142.858568665155,2040.08290367665,0.597411400521589,59.5886184245725
246.251097055533,96.4413843039308,3.62640563064019,0.337347635324461,60.2189215661593,2135.88478728236,0.543852203551759,51.4140108379872
169.731864015939,27.2377456509663,3.28202174396821,0.364353638044464,146.166383457176,1868.07955162024,0.717611932989243,48.1364473170078
157.999939335459,56.2460343009527,9.23860148050708,0.306213121691246,54.5855248292923,1616.82286805291,0,0
251.380911275306,62.6553358294339,2.69617143930237,0.340396791316847,49.0444645724066,1860.3869712601,0.518359881397422,47.2019280983338
188.17468654062,88.7132579266275,8.19352542312666,0.286510955594271,99.3145421844953,2139.48842111435,0.90859221217634,71.5745574206198
322.822501893465,77.528261355857,2.34845440375685,0.341151878984363,108.52709680772,1813.39979627106,0.523923594220849,46.2557956105198
205.26642803846,31.9232931286637,0.707108471226539,0.359665034387152,42.064610740477,1634.35689313984,0.799037754271616,38.8179626571863
367.367810659397,73.5661164533426,9.95116510273382,0.375272473506189,85.3215307323865,2288.79969012271,0.529659260859724,69.5180174566681
197.936664815699,72.2408403490824,9.01816065848314,0.281862070052818,89.3421325282513,1743.58653786073,0.849224675185931,73.442326191655
218.520226470892,75.1112962383882,9.11661851984515,0.332926039155131,79.610089676068,1665.75643473267,0.556252900712028,65.2666706128467
151.746889555642,80.5229639792294,1.37661534893134,0.354394048148164,122.872350208823,1605.0866228632,0.781184216408426,42.1668776283443
358.747700425105,6.75821666691822,8.29119975404405,0.370241027103569,136.488771871088,1853.31240505364,0.729825516003733,60.5156525764147
221.369625707482,87.2103758292889,2.65618300513205,0.358222810092915,113.543824836035,1881.52033787663,0.539687366416066,47.0337464274246
333.029834786645,26.754629898023,7.9837951881744,0.323313454255286,70.0717542535703,2113.51237800538,0.708981119744061,65.3571474734181
315.464334366498,76.5392002253175,1.14627778268159,0.284663325317491,59.6034051700395,1644.43114517537,0.52668364298752,42.6242566146733
109.121297026735,58.9678085499775,5.92751652984235,0.323012686088927,138.947494082328,2351.32504920297,0,0
263.595574161996,62.8693084688487,0.750135429847061,0.368444314900391,127.913943130713,1861.7053005698,0.545511914406736,39.8739234612697
358.474337481922,50.1673282424341,8.03535391828822,0.306448456553437,70.4482616711462,2005.16547442624,0.52229386222489,66.5083120397675
224.538070931624,15.6513757503594,8.06858820962123,0.32879780063526,147.433480039228,1608.71049090474,0,0
390.309586729494,54.671090156322,9.66553816223595,0.335367796400064,142.381621721477,1976.83476723931,0.526610476562776,70.7613902437895
389.241380567042,89.4441294107452,1.54061329451269,0.343537078071482,103.968034863207,2448.54016405781,0.731175620966716,47.4902477701382
316.041853468613,48.3612620863315,4.09159859154003,0.301106499606478,92.9318858796468,2260.20834882335,0.513248412839718,54.916548079506
237.233188816538,16.4982889878105,6.09317228020046,0.341798488233706,44.5547677833449,1613.73599990514,0.729190784855968,52.8737745574474
348.131328174139,10.2692534123534,3.05052864080094,0.284717585667032,100.817196386327,2440.76341924697,0.730689176931433,53.8449493361181
312.087191895295,90.6911004824614,1.67197830029614,0.315249169251901,112.796598653478,1629.19700229711,0.589532293449951,43.731378928903
188.664770608063,53.9201898107019,5.04695384239811,0.304198110108731,59.1357437576009,1750.21467311875,0.751217252884312,53.252364328108
132.652998123565,52.4585434200222,7.97984110027553,0.348017186928003,53.4502501070615,1658.18520459796,0,0
313.362340904091,9.43344067848937,6.14941001675049,0.369187460619834,111.56586074671,2210.39677635812,0.705479046824526,57.3018899923174
160.469244477392,50.3473864674455,6.23200021349492,0.355005943114353,124.739935212541,1937.40575519153,0,0
390.375249557191,48.9324251033532,8.69955776541085,0.364863928604292,142.760127827651,1798.30035118522,0.521031950186562,61.8603284001299
241.350596276308,58.6052476321338,0.928370372634971,0.305070896784406,69.0347797706014,2157.73953187251,0.784730194991996,43.5709845232577
242.857262325534,40.5966597823095,0.718349306925732,0.368732177855998,140.686242438709,2423.9941787965,0.773557924352211,41.4454596860913
258.928180875849,88.7924921764204,1.18940485822624,0.322871828799132,137.958068590105,2102.03631844936,0.548866858322027,44.4644538775019
213.48431687049,48.3938732118678,8.34756701424955,0.352227748593273,72.5382420912636,2265.81992995931,0.78679509581,65.4423820796417
375.345175690332,82.0125170830394,7.25640079388907,0.328200689173747,126.963570007725,1937.56655812856,0.593191247047274,61.0973037105026
202.531764448744,6.24928476616476,3.47990703689229,0.344556138884147,137.534015086384,2378.71287895183,0,0
255.656304283225,71.572226719297,5.53527364617774,0.332459079171005,110.66313790464,2024.29411053198,0.541945540915942,55.8773888712621
176.968511479141,31.0075294063047,4.39818674441793,0.33538167303863,74.3646467933122,2099.435320856,0.76347877105818,53.1081719834797
145.304648908933,79.7008386736706,5.56799572459791,0.349082345977445,123.082992406347,2093.22477717253,0,0
243.934859364404,60.2714975492162,2.19982284144311,0.280398801413176,106.091297013865,2179.75733851445,0.525170566149213,49.6298081648515
386.963061303347,85.1437929151361,2.66669630223223,0.30547473108073,70.9052106236045,2004.66448036871,0.705161777469449,49.0423024333298
352.627018768873,15.8936928031812,2.7153914168357,0.334481566232027,86.8174956521692,2387.36516818254,0.722293788033548,51.0993634998098
210.104679483803,70.462723038455,6.28821051670128,0.295677767535684,96.018265773492,2263.23912254852,0.819437887858849,62.8596049161047
344.361724880934,21.4789832521846,1.7438141994705,0.304055124451391,107.378049896766,2409.6290973258,0.688252767238138,48.9782969632735
285.121629499048,96.507951151871,1.91506856639412,0.317854679896126,148.847062254435,2045.93686705272,0.556144738097405,47.0874619189624
182.690636591247,99.7533988471841,1.32947089300422,0.374259851847005,134.004432350908,2065.64901654305,0.566271296454889,44.0379602071757
213.207754825296,20.1827522971455,7.97553396622864,0.30683871895915,140.573771353856,1952.91035123419,0,0
396.832071029739,69.8942890352418,4.63709656560027,0.285665256068384,124.899940655653,2203.2287144048,0.536569724590357,57.0887302328682
182.368295996289,25.4739578017773,1.66077946492673,0.290551150160255,147.77990365778,1643.73665995871,0,0
199.353787354226,74.3683852008154,1.12391568892384,0.363928692244274,71.5518850410944,2197.37066886551,0.814367160202801,43.7904494810599
226.361267021633,67.3096740885259,2.8385851257234,0.293675372464096,101.621218107449,2153.8626569806,0.528695073382542,50.8441724863445
315.878492080813,43.0339179504225,5.33043003593152,0.28271939629331,53.7591172571281,2422.62090156031,0.522143680258338,60.8317587257982
262.838955686911,62.133840963791,7.19976958610724,0.335604669009781,45.3753413394241,2370.51234485927,0.523729259603958,62.7256969878254
384.26046829933,24.0919435242025,6.93801479171397,0.285574932725669,88.6525421226275,2072.71182710519,0.70778603204879,64.8248126787385
119.011164656665,49.8696607883501,4.15431069366609,0.351701662514763,51.4051781835464,2306.8119379108,0,0
322.245838945766,78.143400630106,1.51500513516005,0.304679141109577,107.467861633064,1644.36986266787,0.528505371547955,43.6487023545665
295.947117011768,8.466274353606,3.98770728384154,0.327423073005091,116.039991747525,2469.17826090504,0.712966637199899,55.4837468743908
109.363684519626,52.8154550964312,3.0645278844158,0.300294750387855,46.7648612313683,1669.06290871508,0,0
169.186248800677,86.3347090477,7.3402610609483,0.298670177074035,56.7436985016484,1893.82419201545,0.866893364084465,63.0952268810584
367.942719462228,96.4449471534567,3.9389734351403,0.293573107323935,45.5258817281703,1839.16254153607,0.721093349890827,51.0387800869912
343.470302665866,38.9085162518125,4.52136912326902,0.29071347349735,127.158832424312,2417.37772838275,0.51882786921294,58.0679007336801
187.840717080775,21.1003768966099,2.91245361553543,0.285420674954734,144.554687620797,2390.26221937434,0.776481625493816,53.0351461496895
340.495766119187,4.43142139810793,8.20088239347678,0.342046395180307,59.283236425876,2281.94043162158,0.736753199930942,65.6505796291862
375.572747498348,26.2258354692976,1.39754857373792,0.286678867932645,115.300174715786,1700.65058173982,0.695760888762854,43.913593664752
132.264840784025,41.9266760796088,2.28504485545643,0.282414339916644,47.8013346498254,2240.25573298188,0,0
352.34322285641,23.41705667505,6.71274009463276,0.325318482042914,112.863311782386,1887.05370966396,0.691957790697978,58.8834972531857
398.864423649419,65.4579830426304,1.4806695707421,0.359562255698894,134.540977245318,2347.27974771628,0.539105674647728,46.3258675458214
320.637698754376,95.7460526588993,3.75012740295065,0.291202601956451,62.755398191316,2284.67265045349,0.625392292256715,54.3654200649036
357.152335664062,81.1625577508763,8.20157117398103,0.323831353071355,113.161413230616,1715.95043100985,0.599983329094843,63.0984716003523
372.263846347013,50.1204188707684,7.36216938796589,0.335599540415315,125.357561964552,2299.85992968405,0.529727608736391,64.0620485756308
374.945349841113,45.5531589116664,2.99537415258779,0.378968428282146,78.178826926248,2039.95808573694,0.512500622605265,48.5659932490796
244.806080447686,92.606564610304,7.30082221460307,0.320739576868033,97.360768361837,2211.82076306218,0.565603412757943,64.0888407346561
166.039524415945,6.63492848003137,8.43939164963263,0.36809846043857,124.591779971504,2267.74667467871,0,0
177.233294720095,85.9995877880378,5.22720733044777,0.310516050285045,149.91083757458,2025.88476427843,0,0
203.465930154745,13.1630497732669,0.622506956139895,0.376670087463288,76.7616181014227,2098.37452748517,0.838414648952181,39.2735001303417
235.224599824329,62.6914432581352,2.74450956609341,0.327419786883064,120.18326209745,1821.06908035061,0.520116786161684,47.3717749936624
184.802705033713,37.3958122695697,3.19837037331766,0.336150255787469,54.8832331657674,2260.01917780284,0.683783943689584,51.2090100021377
281.786280247554,7.79085529170059,4.76859718344754,0.336581619648788,82.6654829132964,1792.35469773585,0.704043730508825,51.5377531154537
340.940408622999,39.706699810026,5.30594840012786,0.356736728350614,126.941268093016,1954.22833679604,0.510562901499686,53.4983463292954
238.368374463357,45.4008968474855,6.77088663277523,0.352053435643261,107.323119010437,2252.34158889605,0.74120743796604,60.4424066576404
241.738673176775,38.3459380476878,0.584575869026673,0.298902003986577,144.758754650741,1989.75824016546,0.744958876580988,40.1072574234801
177.043231036697,40.1058642711716,3.31756076703813,0.378433050424961,149.876519888724,2383.97775166534,0,0
240.765259689557,37.2284059065932,0.632800977628992,0.327806074294288,149.207335566888,2086.9707783278,0.818854155729722,40.3257952593343
300.60157480521,64.1869442206292,4.49823043773021,0.326659327259943,53.4154585790741,2293.08522954627,0.5276848266855,54.9044101949919
318.533899702891,45.5495589483511,7.27034084321817,0.365378587699592,111.753040478376,2236.74978713532,0.516235501868359,60.9340013813475
364.187862936094,5.52379882264657,7.70110661703298,0.332256529999796,134.301826085533,1943.04380612479,0.733127184802259,62.470828484522
188.900565516816,98.5058991135515,5.89997228385377,0.367702859688578,89.6123336565866,2175.97015896724,0.579045815426326,56.3609310437092
306.404286065748,98.8520301635742,1.69089351807937,0.358824482119178,130.876951674947,1806.72566876632,0.597728055043415,44.2020468410381
246.602276575493,97.1184498688106,7.31837181991579,0.345996623183495,95.2737322915242,2120.0841080236,0.562900383561168,61.3110769608821
357.513299552874,14.0309171809186,8.41283071741536,0.305291938891076,112.921704415798,2168.8534021657,0.699371215669631,70.4651466136507
231.540757978096,74.7477867808398,4.53745983089212,0.288980891402151,72.961617920489,1643.62605412495,0.534142599694064,51.7275081954689
190.079214242483,57.293613668979,4.91664318321329,0.315008530633203,94.6561055886916,1869.60358308896,0,0
385.960156570181,69.2347615960343,7.97977318074742,0.301304278625303,115.023464109173,2415.21525885378,0.531012716510797,71.1097565233018
352.175234468573,37.7410648391775,8.14100766624981,0.320799620399655,112.780628874422,1718.34762297201,0.525240918112943,63.3057488799917
339.918028660446,20.5701424455819,9.37933817778329,0.304500103549367,111.930562676142,1954.17016373602,0.702626341719058,73.5885556850688
396.980959459158,88.0806744144593,6.85260832990562,0.343520200698734,67.4424323940627,1947.78267196743,0.721192934022986,58.3046560874826
125.050564716208,41.7232427282425,0.818153763364793,0.379680107572916,129.274805042082,2007.99639177578,0.810020868236829,40.7498001484982
114.373694710267,55.2606836894483,8.1660197544876,0.303358806133751,50.2234658230381,1685.99648001414,0,0
259.082091837361,65.0467906770688,4.40400461543847,0.301832522085171,68.6449227164792,2347.31938321878,0.527933959874922,56.3977840298175
141.366472701205,29.0927617062564,4.91608518513801,0.340234477172011,58.6638755729481,1963.31147093546,0,0
287.380111006376,9.71462064113271,8.08264861466775,0.337392424925485,138.973846750484,2063.42353806628,0.731773540133625,64.556819305385
317.438172517088,52.3351318325291,4.89312781984247,0.304320085135299,74.978706674384,2465.51128678138,0.518470340774736,58.7884674165994
241.129012395547,38.3068510028402,6.07952256636216,0.366083385307557,45.3301294116103,1888.40164587279,0.70800236118052,53.9710297939338
397.403911545726,8.323529273022,5.06954957494675,0.31361304284102,68.7925781218098,1815.67788622152,0.716007727785286,53.5062779244577
227.997814440538,93.7021359953254,4.12726640457135,0.359156904487868,148.978541514959,2123.30600334614,0,0
185.078345546287,78.3353003730671,2.73299473761768,0.290864081920617,114.409454625526,2283.28831090659,0.809204205648638,51.562710999109
170.440277308495,71.0695557079003,8.5911281119183,0.313791827152815,144.427300779532,2182.26161928844,0,0
149.23530661112,59.5997443121057,7.37083380735232,0.323222155997239,84.2858319550947,1776.61705786908,0,0
263.520662004093,99.0420348760335,1.31262014525223,0.359305767941515,67.5183401836433,2158.79057030425,0.563265056641186,44.6576941511284
370.476742156747,21.683331692278,2.87554940296804,0.292151348701854,75.1684545650119,2098.16480802841,0.68214528328358,50.627193406079
146.123379563172,40.3286509382791,5.6425603246039,0.347876717767333,61.9267040467469,1936.532961722,0,0
354.136148639459,13.6289112437388,6.72255403130855,0.327923244066135,75.2376225873367,2348.02325975043,0.689982465709715,62.4108383039899
143.402765082845,45.0604316032705,3.87488841520554,0.364884281995341,137.211518259593,1626.69421279568,0,0
332.427378269012,86.2283387576889,7.41274327721016,0.332441592701739,127.288826276922,2425.96669278201,0.561619274888704,65.4919197270208
221.900239918987,61.316305723273,0.654499465515539,0.28913017054334,102.509402782833,2416.36632831933,0.814037986003878,42.5724473545992
231.172597135187,25.257955915547,8.77068368410592,0.373482495607918,101.040957479937,1679.06177633528,0.752648304984923,60.3376150149063
386.108934854096,51.9191674892188,3.36850582691559,0.370278569466288,115.649393997106,1906.87082265657,0.510330388545362,48.4841345562978
275.156940122992,7.77590457984214,5.23964232740993,0.339771908429447,103.899598101333,2072.37330778908,0.720250305799617,54.9952529579197
328.501079962281,18.1491644160145,2.93826048250574,0.326494072166002,132.57547441382,2160.47285750168,0.641925156290873,50.4223594759374
379.862231731478,80.8625351342786,7.61606252464065,0.293501175570083,58.012561928059,2425.84840186455,0.600198609658062,69.5008341404194
180.688950987745,59.3853393588705,5.26758883706958,0.33696752913491,120.715784057151,2202.21000038752,0.784604860976535,56.2890795958239
343.887833228579,41.364363394455,9.42957965948461,0.282142756419356,45.2748185135057,2146.44759258456,0.535295322873109,78.0586534968131
187.832665951957,83.5915416154262,5.88239589531778,0.329708517000497,45.9464110510765,1662.46575418028,0.54197055578157,53.2714527586525
385.641184293146,38.9066160523198,8.2853088817725,0.309115100448756,123.467715022174,1777.83043585497,0.515861670488143,65.90230195826
127.31954692125,93.1476579434271,7.58976639598358,0.341786874662823,121.471381130411,1602.69772177468,0,0
174.498297759186,82.4976827770224,4.72427687483001,0.288786847372323,59.9562022637062,1897.1065917384,0.814311328937427,54.3052583754262
282.43879554415,83.7670938453583,7.58911917686261,0.327675408507553,95.5817227642888,2441.35319701926,0.554832184774223,66.6278624371932
153.275825050604,48.0559520836989,9.48640679711398,0.348039981313604,121.289992822955,2130.16623684324,0,0
375.366976429055,34.3339181778663,7.25706623786782,0.284102946884701,58.3339110719745,1675.23529410867,0.522015130153633,62.6114653421939
311.909690505977,64.1800534355171,6.40620449102893,0.349962703336696,82.679927249889,2489.72018303739,0.537012038635089,61.1712918799607
108.092084771367,88.2168138630677,6.13907818370028,0.306070045788714,56.6182681946874,2243.43648749203,0,0
110.277106161901,31.6556107962292,8.38159532372167,0.2881287435524,68.8015055453134,1723.64710258452,0,0
295.901166335273,25.5443750460772,9.19895414144769,0.302813497334394,97.8542059308746,2454.84420739167,0.731629687785524,77.057691801423
345.966422229648,55.2632639432401,3.27917197550073,0.320236182768861,139.558035501661,1614.09200747962,0.518107687605794,47.269550526204
348.523270353944,30.7184259113459,0.785364442375211,0.379667047497063,99.2014860954676,1757.30767506405,0.741821388529056,39.5842687867464
220.965864370319,29.5380805737611,5.94903225494647,0.355132659147588,132.645954833227,2002.59365490116,0.772890177633864,55.7346150394908
186.894455782816,79.3649692008173,3.38444053562359,0.37828335862739,149.740496255637,2030.10347705421,0,0
343.023402228045,92.4700785474393,6.83626757712641,0.358155005900982,141.265671399258,1920.09272312799,0.629309008228398,57.4619584320978
229.209874321739,55.5102913102786,9.04147054111107,0.360731986338709,148.156985604559,1931.50690243036,0.770995348192288,64.7076847358562
295.733232669663,65.9206575934848,6.53821103468397,0.306311881301024,43.1962515594825,2095.29435843867,0.526706575208108,60.3156505619652
380.802789454703,54.6810030721056,9.54730255116505,0.294263353360551,102.809785553511,1742.62876925041,0.5402361443449,74.344079678371
119.61974947633,24.5224987697451,8.36961642296079,0.335373544671826,82.8901861380101,1741.8804626228,0,0
110.072796366326,9.24722175675053,6.46149024267472,0.326593020394635,52.5512602203312,2462.33472668787,0,0
212.258009253507,6.70670272767476,7.44539811845107,0.367528764354073,121.006893642162,1893.34831037617,0,0
221.721282682077,63.6685424495091,5.15531647450453,0.364542429506261,87.4835370415198,2464.44359797614,0.784209901229336,56.9112116581225
102.917093477184,34.2387834384747,3.5371500297744,0.32673540478478,64.5148917505575,1781.00910682146,0,0
296.387648893372,11.9744491529735,9.29804777251521,0.313269385199515,64.4943442435417,1852.20336004199,0.762282874650796,70.1610736420529
226.059013429357,56.6983741343959,2.13101457376038,0.304084814417619,131.731291126873,2141.21968270701,0.760419125371503,48.5116576582972
341.76817928558,89.1468772661965,6.30216230232275,0.288143629062025,83.6592910267124,2097.50069238162,0.598545533427455,62.0589000444231
100.886787958387,84.0222901804805,5.67434558226716,0.304345315315969,144.238096435451,2262.12398241717,0,0
397.372682105715,80.0956266605975,6.87375897864164,0.353249591368687,141.072474592699,1717.1068233202,0.615797517026414,56.0653971380965
177.940129441109,70.9235650341542,6.30548598627093,0.345764459010448,106.97314081011,2151.28941819598,0,0
255.68467632046,23.3957832973782,6.63389772991886,0.29569729100286,149.607662396223,1786.50692824474,0.757883573804234,60.2294355654829
217.804372797127,99.176837286673,4.84505056162723,0.317228806904359,110.573275504713,2354.4830570594,0.567295857997295,57.232000870783
132.928219070993,38.1481932079611,7.28014742223394,0.309430283707389,142.475996904249,1901.38561341844,0,0
326.075795715866,74.0608199479642,9.87810722832613,0.364076184865231,112.339623481101,2352.91643998976,0.545881051524824,71.3661513038577
304.711152084132,4.93741590658965,8.71683942417372,0.365534558948048,88.800820099543,1651.00357038924,0.735390918682927,60.479028217438
162.094711375966,6.50175748788257,7.89804412374318,0.308249851450195,149.572902954003,2107.09139178993,0,0
208.956887866535,28.6363248636769,6.24332381166885,0.366338879872226,53.2726921948988,1851.59369433051,0.761577630281701,54.2709522099778
248.194689403196,88.3492086959967,8.93966444760784,0.375178292058699,66.2628350230529,1891.61568543703,0.551445065124642,62.2754023353816
286.407668310022,14.4751653647464,6.65429247673764,0.30411379248575,128.829921447563,2479.95139968213,0.752210093967857,65.4959067749045
211.134416151122,46.1629458418856,8.53803227676893,0.326237417896447,93.2838979782916,1859.76174426764,0.764922713095431,65.4429917651043
357.231188005628,72.6135712848786,2.59681120415382,0.314079162612492,81.7104090885667,2373.77789721903,0.528030630633647,51.2295089994523
398.617758407797,83.9212080186746,7.58588572595674,0.3086915165281,109.303532666421,1753.70809706858,0.712311656544762,62.5527774140833
140.521820602549,78.2170655591163,1.67551866178055,0.28377864757017,46.7029696715995,2237.69361221904,0,0
114.308415574093,57.4841978432007,6.84690421590496,0.289156023051852,140.113987006635,1824.00947113827,0,0
288.360268446313,32.9220525957179,7.92072733927239,0.356843448525836,100.376492733606,1982.94777394574,0.720330855639362,61.4581167738613
379.66122988019,11.2015538132608,8.13672306065742,0.333516836206231,131.116809213938,1926.0294911351,0.672999059258905,63.9010144989071
273.420784983418,35.798234924497,4.23718002232984,0.31789841939,65.7179389969093,1915.52822678022,0.702564781639495,51.7940719918695
132.501251302567,19.156793888527,7.70629747675022,0.351494036988984,120.937743836209,1855.39944465176,0,0
217.427933696408,79.7603518862543,1.38086777972387,0.366937805843088,45.1717531546938,1977.54092405281,0.541008171806335,43.8818441840439
228.445336209135,35.5996515742685,8.52855579685168,0.339866407468147,114.157808724978,1825.10324551718,0.738854018170728,63.8608172721838
335.473353787273,99.7123426033762,9.18468351929756,0.322318003576664,117.22175672023,2010.5866307762,0.655122639321731,70.352207260151
122.756147920725,71.4982298471978,3.62815880199532,0.37015624924262,66.1604198980643,1871.58197181714,0,0
258.873657562453,48.195400130566,8.59965817131382,0.348367978224234,99.9652850723441,2479.55559765735,0.763339132868021,68.9559382552173
246.967447466642,78.7934687006414,1.70785047366738,0.330584873924202,104.861879110285,2422.79616810619,0.548579533948471,48.3204126260928
130.924873389614,91.9106580831833,8.92762325529389,0.298896319387668,89.4083145084968,1839.80484068128,0,0
229.271156476907,60.6679525469336,3.20573403291479,0.377978752791127,77.5344376438139,2060.90730583981,0.524692894783237,49.1724840744396
133.378050738558,40.2750848021515,2.88240256760487,0.298197581162986,103.08100011586,1630.67743346363,0,0
376.768871630006,37.8692410419993,2.79964062826233,0.348851698931151,96.0087508516239,2150.76570803232,0.507093234296187,49.3989997925563
370.440283300729,98.1416833813309,8.89535810509167,0.33249652609005,76.5209081088815,1771.72054969034,0.744129538341377,65.3477904763599
275.179122143282,74.2342345072496,9.85732466202798,0.352071796916729,70.1002908713942,1772.41614474194,0.549435576371641,66.9221626591167
384.78668109477,22.8301943162903,5.51766201357297,0.378776597746446,106.985199485283,2164.48992335644,0.693208712851271,54.9356690494839
100.895626845598,53.4825418116594,8.47270104600945,0.36535258064621,61.812836868745,1726.69183783567,0,0
348.997686794409,80.7746102675042,8.83081656155982,0.344547551616085,49.3743034890602,2022.73106136957,0.544264527940586,65.2902950946974
367.654810166535,84.484581688388,6.36465329748789,0.29030850830081,95.5916625312138,1934.80086988285,0.623545114666991,60.803079232625
279.319140385716,9.92878492775329,3.3463679182918,0.377820184858313,138.333343776055,2241.27871871871,0.713385378571341,50.7009909158993
156.060076267427,44.6646517291607,9.16218570384201,0.373928753745999,52.8918859098584,1800.09471045908,0,0
196.39958321098,44.4031402058891,6.13614989824328,0.347143116085088,76.0390697688516,1629.43757058611,0.747559471234455,53.3324639655964
141.504668501616,16.8865042025036,9.43637231219186,0.338489670747098,54.3564272369413,2207.64502196951,0,0
300.411050333246,23.1149503964508,9.71617184630165,0.374468470284129,137.177397860467,2371.34556778888,0.703413798541272,69.9789001826636
285.167695268004,94.7328607342304,1.2753602323874,0.342427243145824,97.9721084175971,2016.16647037021,0.560967198158718,44.1727748115291
136.32939326676,54.3347530644073,7.9410755264627,0.337331772704799,119.667622039658,2025.67673905984,0,0
129.546205730352,93.5736252746781,8.16331776631042,0.333067078253933,66.0725682434374,1870.36063581778,0,0
305.676868120868,34.4433887765544,3.42898887603285,0.300430526134514,58.5957196389494,1908.40470627597,0.699473129948841,50.2692319498112
152.131779229916,50.8081487421851,4.05791353324838,0.323543353049542,140.090249805463,2132.08930890606,0,0
302.127828281533,26.7938651748419,6.1669746384913,0.373766825472798,81.4255797297258,1992.00018140941,0.69549884387368,55.2967446349131
178.53460513868,82.9548841522724,8.9971921157228,0.336422739049887,101.109596335556,1664.68722764297,0,0
191.165072250129,56.6189458784991,4.66688095530516,0.281104557967689,112.323596373044,1859.79168438624,0,0
368.14804674994,28.1517550468946,6.44306370725869,0.321897709346295,77.8155192493568,1688.45650129624,0.693942018720685,56.215933155323
201.99476733306,35.9471537734596,1.50700319422793,0.331105593352516,87.1263279727946,2030.89041393957,0.700355851150705,45.3028501552759
198.826594111085,48.5727531577676,1.05684057422985,0.318621644595993,89.3180618322473,1826.42493829816,0.737064744980867,42.6174014589092
395.566850731838,72.4296035817201,9.34075462691803,0.377141125867875,93.5066580090731,1814.32693366924,0.59309027177342,63.0612401130144
326.964862093961,97.6417066057031,4.04681544058173,0.34564543973238,144.638313133266,2481.87541712935,0.636113235255092,55.0659193503602
211.805218111824,56.4526887786534,4.81428479081985,0.324932647311202,62.077030199695,2373.89147365596,0.748935709994812,56.6140834466937
248.256659156243,18.1863861446257,7.00810604843066,0.288354263176584,71.3281961134372,2449.04107174284,0.724036152451383,67.8416995040391
102.706321801918,52.9626096315859,1.82817299046102,0.287976251865576,58.8164438225429,2181.50224475888,0,0
209.186022492504,21.9705071128233,6.29120686523142,0.319728072483299,144.039237891888,2431.31334329856,0,0
182.407663427484,5.85792174647403,5.6752124791101,0.2906901825858,94.3200055348687,2187.00677630271,0,0
310.176869522074,78.4895563265949,5.85199307963616,0.360995595856699,94.8311237416243,1891.26925590771,0.528647759621664,54.2576726789784
212.084735226152,56.8218417171551,2.81885769008735,0.328408409182941,95.5557914926973,1993.59006664825,0.762153834120116,48.8633143045885
230.131818071352,47.6146146098928,9.17699766854257,0.3172213923055,141.880153737033,1620.69886546785,0.790193205621855,67.6992428714001
250.228018565002,37.3926230176907,2.09496194627099,0.377752627517161,109.46012086453,2406.20727498346,0.717904335977169,48.6404394241688
353.810238257491,46.7000711249334,5.39227823729668,0.309101188878201,73.1393504745674,1637.80595428403,0.508411080768186,53.2338062067127
263.70646240443,75.0757654362137,3.6722387613283,0.375196664779157,121.140358327942,1950.57090718481,0.530535574429417,49.4287545338892
352.345509485723,55.6534950787434,2.81001714928814,0.318638955176412,52.4902425285217,2153.44931029397,0.517883917454501,49.9122567520571
126.65550112346,35.0565352915134,9.16335501103743,0.330526604509185,96.5189977183379,2101.1800602972,0,0
179.738955014893,78.3225381817936,0.786879029224432,0.372625184673337,94.8850428477772,2309.9774299081,0.846026962573972,41.6634739714702
377.49673906114,14.0792614906923,1.2690217053103,0.301682993956658,121.860800268446,2142.91144474389,0.713888350665846,45.5743235426755
127.706233130028,86.6085640663366,1.31827581469753,0.312033547548518,72.3451083911911,2313.77464802001,0,0
186.379045446709,47.1548849243871,9.40826491880422,0.371981106898057,43.0910246638049,2402.78111241191,0.780843403059656,67.5776182773437
325.440529347505,8.54277184850507,4.46254268763799,0.31038440967524,146.020734680977,2220.71050251439,0.712085590357337,55.4560390874919
149.884796853397,12.1426859991124,1.59598678954811,0.304247995203685,63.5368601540879,2282.06919214936,0.801831613780508,47.549975182286
331.676040443657,31.9421829651678,9.53006050939439,0.351279744365725,89.3288850957548,2279.75616001687,0.725377657010221,70.4744711349114
336.445124558373,83.4430686009203,0.639395261141442,0.282147158385331,40.3339240700401,1713.37121627713,0.574339883391687,39.9527790956538
241.407951313335,35.4299076411761,2.40180616603991,0.334535754500164,145.630598122203,1763.33412660198,0.713510218010741,46.2025612637528
142.364127565328,74.4519005613184,6.99428794423329,0.333395958592745,65.3521391527906,2326.3941668276,0,0
179.291910603214,66.2922160407919,4.29889335557041,0.296075899196668,72.7164019274732,1673.28615334432,0.758934650354485,50.8962761219247
130.972839649566,29.7956368999707,8.25455484064871,0.374419683588009,83.5775655015427,2089.25741488002,0,0
327.601105702509,81.0402184391415,3.25347957079518,0.343990871831327,90.6479474404292,2346.96394157756,0.538337065612171,51.9845964020524
347.315193103061,46.668921422426,5.12808446138789,0.283773932302496,105.093385872094,2112.59069952022,0.513793171176545,58.1247562161937
187.587369418098,9.88769044744313,8.23727425445481,0.348438409356154,117.796899737829,2249.80879786645,0.839794401087886,65.606418818745
318.699363335836,76.5757352577672,2.73178918605459,0.352038464674917,118.141053378274,2330.48407589653,0.527904537143679,50.3823877940123
143.352563418504,66.9643207604589,1.3499142579889,0.355912875736447,75.1950663934489,2162.49315632374,0.769048613422094,44.8799652828355
176.08621575557,10.883273774758,3.91610105507766,0.343511474671146,120.176247766694,1749.53926287,0.742067681664393,49.0094138048474
109.825170441431,38.4470910337127,2.81779276803506,0.367289083223777,80.9831549624432,2272.11453615212,0,0
286.777105889012,29.8811448639949,7.08253699810172,0.29664476245614,127.882991642342,2027.28987082501,0.725973856807908,64.2647440415071
118.917343478923,40.1686830753067,5.56824524509934,0.348492534092292,103.69835042518,1809.48423490585,0,0
349.620224364573,58.7001228485891,6.92102800702388,0.336841742286342,91.8557634465769,2129.18249108905,0.522779773453087,60.7691440036703
356.144648518068,21.5155012361664,9.90394716994587,0.345825462236025,140.314681552644,2207.94751145655,0.715564186835352,72.5579191983595
140.537326264552,57.5404189659851,2.95210041556052,0.35386029096722,101.961061381344,1981.65702318745,0,0
302.21519875751,51.0144371735149,6.90243769364139,0.37034439758651,135.137938246712,2214.36463787347,0.522023965436971,59.5179119330617
104.985711879075,75.2218650879852,3.29268667020731,0.331920172584864,147.103134225378,1927.93533850493,0,0
189.601670841778,19.4864571485419,6.1836382976861,0.288600147521465,138.805186613773,2218.13708796001,0,0
258.772955449899,12.0056822260086,0.689542328790483,0.342875129811762,126.143860880736,1970.77008440327,0.753900994198161,40.1932197743795
370.006744681433,74.3268593659067,2.39301793103154,0.305482429400451,99.2088578511551,2073.08148599756,0.541756197970928,48.7588183967621
163.86536693327,73.5982650972187,3.45517430824711,0.295957466011529,65.35910642154,1699.34266010441,0,0
378.403287843855,93.2859227707607,5.58470913902703,0.317793295182019,45.5697100738804,1739.02833225538,0.717327044000376,53.7366922469018
232.803424887473,54.8091720019728,1.21157619788889,0.356628568806469,123.3798656177,2194.18881151649,0.780574083396541,44.3790843940303
373.024912776115,87.3896017681483,7.62854707229516,0.280059116354285,85.0247388527521,1832.23754580641,0.636575950614368,66.7110026637123
381.190062266928,68.0514169481491,2.58847333354568,0.297439577854824,87.5757675498992,2233.68356009997,0.520973484735417,50.6978996146902
356.862441684953,57.9923975765458,3.07622070806313,0.306834834176887,133.741647298004,1628.29298213061,0.510111979914915,47.1183650292503
188.86928293426,26.3485877680559,6.18966740894903,0.281519800521168,47.2912189906063,2487.48726580356,0.757681018333157,64.4635964705234
196.106184433325,92.2517837000878,7.04180453238797,0.31072080164167,135.189044743404,1954.82958696186,0,0
301.274893580559,83.2417333792617,6.77199269163847,0.321231334539889,144.504335376109,1864.97289362288,0.534895318000025,59.1204202578155
352.538315319298,51.0248630446994,2.60219493655124,0.339374287738502,118.915471556733,1951.66085821471,0.517967445500263,47.8489699834873
310.49151343177,65.497162243223,4.25847096968297,0.290431847230014,43.2984090811078,2138.8477108278,0.518272825670759,54.2477466531599
161.253974910774,49.1692982874498,7.87866281760441,0.318196987078048,79.1502966915286,1762.41361620422,0,0
167.669642991121,54.0326648114457,8.40759001655028,0.373440334891378,40.9502687180861,2180.20445367542,0.790375991105078,62.0613028470004
185.529527607,58.0815312472454,8.72157893609262,0.314732702708665,64.1693262418993,1678.83233315713,0.804024791526873,65.6353775377253
225.864766343613,56.1176750074777,2.25970790790245,0.351204698534122,116.509754111934,1902.96589679141,0.755105690348159,46.4960310961121
366.827629950628,85.9389511999204,9.15483414537334,0.297271630377103,66.1507019721362,2333.43658394317,0.608242726609413,76.1025752499706
171.069872143441,45.7827210698326,9.36646762509553,0.356643570136084,91.5131875733003,2448.87494173592,0,0
388.62429253946,84.2747770220566,5.29270747089527,0.374536020552345,136.204992599465,2255.77486717444,0.704390564486479,55.2965283733695
230.816771964535,30.2002943903976,6.77631660433455,0.334996508774861,121.834610288065,2266.9423910343,0.683617862342811,61.6292246371156
388.102084038033,41.6381007974467,4.16095620884856,0.358123396847978,71.2270334183341,2390.80620742185,0.508434689334095,54.0985178716245
206.992583490974,71.779171115049,9.38758777051543,0.293999700453144,135.598537719427,2461.07672259941,0,0
295.880074846644,24.4309209605396,5.45525675695556,0.282697546322873,136.258181845994,2348.19782471931,0.690713186464436,61.5191436163384
270.301315769494,51.841415133914,3.77051868858301,0.356718463129931,71.7160620355051,1627.84301618244,0.51314326995728,47.4885146808569
293.002085710009,27.3448372707239,5.78481655626401,0.359371844002235,60.3205183372786,2382.44376276886,0.699762183319936,57.786257136569
122.49202678027,41.0400160399904,2.92620431950817,0.36983751729098,114.037996635022,1998.67843656744,0,0
312.955727614503,52.1890467169817,3.08967545355232,0.321707298700112,126.276042973691,1950.74814722327,0.516019115278628,49.3606161360334
289.986552072175,78.5294938047492,7.54760111305622,0.284557651701224,54.5535419838296,1731.00298414968,0.536497527562234,64.3188426443992
298.674461368356,10.3582100623024,7.21249461693128,0.306730261064037,92.7285600445774,1840.17063480494,0.714630773339531,61.852430188598
292.044397422889,74.3653163987651,4.91284557200446,0.306503642970541,149.742360768509,1941.24626076066,0.527941784973549,54.5184640768617
143.160543534221,97.1495929872799,8.1969618643292,0.297792383372935,133.855446646716,2331.391242024,0,0
243.62690021822,53.6231209935445,9.97221182034647,0.365463321997811,141.197386444587,1980.78793298777,0.77300855426984,68.3000597471222
125.229526903053,20.2859927534695,6.70697344359507,0.296953703130306,57.1043455616738,1711.20835951017,0,0
389.757339094371,22.3752981722273,4.13779193646281,0.356858427235309,133.411686596361,1667.81472551353,0.682287330379914,48.4832535147771
189.687773497684,11.3473231042529,9.20999261713155,0.293076320205835,91.2153938881771,2133.78229795079,0.90333925385479,75.8738516392901
147.153349691066,64.5439543516237,6.67837213635001,0.343928305930678,58.336161518767,1898.88255287925,0,0
207.821732318879,12.4963789262267,2.18878171510093,0.329547867945207,130.056966418473,1992.78217280468,0.762183952308984,47.1808400200967
109.962232694908,84.4515350052814,8.48715497079584,0.341452399030314,112.399192503774,2338.81945637224,0,0
231.48726548823,14.0901170421056,2.52338213963531,0.350399364593835,95.4246737290541,2366.92668236666,0.726873962170426,50.1791636618305
278.941127511414,62.7028239505776,6.30894178921484,0.366494649635225,118.119042957478,2057.67302926979,0.529318138448934,56.5696242761064
137.188905929452,36.7022946788512,3.58206328459738,0.375310677225795,132.025398489594,2355.59306997815,0,0
203.013270390966,23.2369046719083,6.81600378352246,0.365188830252026,143.666724634558,1977.51513313613,0,0
366.196349080723,20.2172524641553,4.86505366740446,0.355807232104084,116.815380328105,1765.2231429568,0.669295857864052,51.0077958167807
386.818741906832,85.3330201452256,6.76867739788891,0.343271877362947,78.0263601373916,1897.59070063532,0.705677616998567,57.6765996064924
169.091956549478,9.39211495182736,2.30350181628918,0.336982418592222,131.876325906756,2440.25291453822,0,0
338.991177248606,19.1261774446476,7.06690596573254,0.292850882402532,99.4806866242516,1917.82377853416,0.670352443665649,63.3189742875497
371.459571956001,32.2499852804373,5.55181227973188,0.366357192116345,46.3136788117502,2134.03316647619,0.690872910083827,54.6133807158658
271.309351986849,62.0894779096247,6.26446299211094,0.315422164045279,91.8416851050038,2169.59637105921,0.53082316325541,60.3828621314614
378.13311400063,54.5896876446875,6.15628488279704,0.369826264874348,77.3153069525173,2013.30451582239,0.514110822725415,55.5960671555896
399.66059199595,55.9781746490553,5.22587717979384,0.329112775983641,45.5463250290159,2236.78116215956,0.50858453521577,56.0413777187968
260.569797613418,44.9571691980746,6.65051785423957,0.286686534870932,45.7562815152011,2095.65227191852,0.731217634438357,62.6722375007976
117.626011660317,44.5570465018374,4.54541249802866,0.343375632634259,47.6067443903793,1938.38009208415,0,0
368.011991536832,81.884638128751,2.33904348636858,0.298622571884227,142.589690860102,1690.44395230805,0.600873985215279,46.0719373278365
221.05481865052,61.7331505806473,8.58526708855043,0.315342939111581,57.1813033646748,2389.04338953189,0.822630777331886,70.9060138962026
132.798421256384,58.9503320638775,9.29827241088582,0.379731956794085,52.3551354462696,2402.01654439776,0,0
277.945100108462,22.4015661247333,4.14111607164429,0.294157511462056,64.0882963115552,2291.42155645282,0.660519157196823,55.4528791417485
260.833682096707,38.4385233833277,8.06116193402945,0.314265780375322,147.694508624234,2301.73176591298,0.760001172333681,69.0621459664579
352.829497629065,42.2794043350748,1.65527084994272,0.291419655550301,133.7864731359,2050.43777057522,0.512402202788966,46.8204602835263
394.723537912272,42.884976074677,2.85865615306968,0.353996208624599,128.486547624908,1601.63246680909,0.505241670062743,45.634442647343
177.925107573663,49.4816823377674,5.65845760498087,0.327782993355476,79.5856918554857,1827.73108682012,0,0
199.508794131604,88.194703199396,9.34477692006113,0.343981229210631,130.144997842938,1936.77596278684,0,0
323.448479287071,44.0005683980334,6.6751561899651,0.320474950752911,128.535570848954,2465.29518904781,0.527888447562903,64.186076370761
152.946514971561,23.7002546626964,1.92414684441447,0.318811071383512,55.5488246926219,2480.55653293819,0.817539799028491,49.5070555361016
128.647407660542,20.6906087779425,2.81603315273434,0.290093603545479,60.7483492727176,2487.18413889447,0,0
225.770810007456,27.5794957560302,0.800872317989061,0.376709307252683,140.875470908379,1740.36265519362,0.785525248265485,39.6815455273779
380.396350235685,6.38948159069565,3.43164062229968,0.294632496618774,41.71900091626,1735.65201666898,0.710154840033239,48.8083564849274
282.951612600922,13.2550932439927,3.4620664718279,0.304973069487166,84.2541535163571,2139.06534344985,0.730455913308428,52.1419621677802
157.417676337523,52.5540815310094,8.40535056136724,0.324930902591894,88.8980426195396,2366.69799791759,0,0
252.089465109292,36.4867489516957,5.25014538029937,0.286241588993471,129.764130346708,1727.36720798028,0.712261567168653,55.0888124848605
383.373485426369,29.4663142655931,9.09660078824517,0.330676738184718,77.606375215011,1767.91002297462,0.70328623786165,66.3291940456071
256.439365806774,28.4103681348673,3.20170792710311,0.282226625119064,123.022378762082,1883.25216740683,0.688484611392756,50.244554127887
321.407103090158,22.5702989707745,5.56185871379815,0.334722658826828,51.6586059908831,2441.29452664,0.684536074349144,58.5900307766903
145.867715153264,54.5162231816277,5.19232004385962,0.352250936593622,56.3584362685014,2154.5983337384,0,0
111.645994399607,4.55480799136178,5.06016040910641,0.318245178124681,106.764478436551,2192.2100452997,0,0
274.590430554587,32.5011943408774,3.19456703547921,0.320409012164949,82.7341025807438,2364.67554864206,0.715023194475019,52.639906031389
231.042229824938,32.1322448128628,6.91442918903349,0.301350220041426,47.3918081110815,1615.00150566237,0.698626371641492,58.45304035972
273.992732898755,97.7308444237241,6.28607003008389,0.367949856145051,88.9247288544377,2408.11106348883,0.561183267689952,59.3734309376569
333.302126679129,49.4420155299591,6.09218280618995,0.285148979646243,122.350126469472,1624.93541524844,0.518255470363631,57.4832581638295
207.901230112057,82.0532993821995,4.84387656260992,0.363122368488467,125.620892461421,2140.78501306528,0,0
244.068327177044,15.7724503118146,5.8448593292169,0.3329647892722,40.531868552125,1656.52412750723,0.725952129503582,52.7512772884249
136.785964481717,15.6301371529078,4.17983744887949,0.298733398185597,118.005800662945,1781.77324742577,0,0
296.060073634491,62.0257514661651,3.48551583814634,0.320732292925079,101.572317001734,2330.26200590086,0.52877134507388,53.0987945250234
178.792093793924,33.8428526871533,7.46396598600245,0.36268776134963,61.8089061181994,1930.43060077456,0.79487750933359,58.6707077043256
383.552973743372,89.0224212255442,6.01421888306407,0.345439999818286,69.4042473685087,1873.45079564369,0.724564192105599,55.1139383265616
293.046648131615,60.5977406022355,8.58287413874768,0.281426217257409,96.9319002197131,2146.71503167128,0.542917612097464,74.6709902453573
231.777500727508,4.3397057460698,7.59813405873679,0.334765403852509,73.0106807923121,2468.61750108398,0,0
175.223151855046,87.4735275982013,7.99760467774683,0.369840557074739,103.239480531324,2415.01202135185,0,0
170.053083500701,18.9201136490944,5.34646920554505,0.327849444953322,80.2329078101078,2485.39892160428,0,0
172.598085552213,38.2635080812623,3.17175914683341,0.331172452005726,85.7828347790538,2296.6943553249,0,0
214.143802847214,28.2199970211073,8.03928013251997,0.321183376997925,92.1534814871729,1892.5866883598,0.783445213018259,64.1704243595587
124.102075879115,84.956477348977,1.84181276869788,0.285117272454869,91.6477551471455,2265.62778184636,0,0
185.322546106984,58.1495833773578,4.21721075304301,0.363050115954637,140.097302688743,1758.09477125271,0.738055549063123,49.2163241843431
173.584715264429,82.6795823152322,5.05022430441005,0.344961228059391,129.63830506949,1619.39237477947,0,0
281.827068917507,84.9694886900335,6.72566969370374,0.317203999498687,45.8150724536449,2315.9161089898,0.540723502827735,62.1047764142839
296.735677607744,88.7724032790989,8.31720510310478,0.346709172985923,105.615071922401,2298.12102288356,0.548976330396886,66.5228259588111
344.03154356818,46.4036865939377,8.77670474469664,0.32124789455112,73.9407778183699,2236.90514406429,0.519709871648105,70.15290701671
308.722022585142,36.0407955361036,3.6298558614039,0.371024420445109,40.0130110524655,1877.24975751144,0.691237352631511,48.3032060237767
281.893198600744,80.7932285759698,1.7377202837851,0.352438538792707,102.302486596178,1914.99306698409,0.534968998267535,45.059331258751
232.90174131612,28.4844087557644,6.35813898895519,0.316839670080715,64.9249157365501,2142.03514076933,0.772957564557049,60.0572699977561
202.279755314316,8.73669215613095,9.37079193282812,0.350060001103019,67.6242840543765,1871.49845237486,0.813185811988983,66.0228954269664
291.023103009084,51.339508526157,1.60038386766546,0.344708940438534,137.788082171289,1953.8025089355,0.519078925930397,45.06572639635
130.675266956405,21.5750987552301,0.702042067270428,0.327282840245151,68.2370000075427,1739.251242366,0,0
147.756611681251,42.7059831401627,8.62282361097099,0.378830877553288,148.181695145138,1904.75756447358,0,0
330.57088723734,18.2639673214687,7.8724390973564,0.304474210176728,149.519156192502,2462.17350254371,0.752651832593573,70.7893879311451
165.729029889793,63.879781171517,5.02044489182083,0.317211461780276,109.372851883714,2398.55043204864,0.803373759578719,58.1113512451221
198.121546143493,12.8159075862932,6.15370978302312,0.349321435044187,88.5026576681798,2092.91531455854,0.795691786508501,57.3112703841025
291.286710762546,99.3019793624456,6.30901743270357,0.348235865239493,81.3761097809084,2452.01732779866,0.578256667431333,60.6558444720946
193.123735644882,86.287672243074,2.74595546605657,0.323045327836072,62.5136781588405,1614.46574232422,0.538550561562117,45.9492784548991
377.334067632944,40.4355804585167,5.87748037885925,0.311282058428228,108.736274125404,2170.60988937753,0.510425818456665,59.4304322751866
243.209902181351,78.1879458957436,4.62637149579843,0.36139990864774,141.582337455214,1814.18804302657,0.542084555172713,50.7166529337168
297.86314349906,46.6983357805747,9.76737329853556,0.368176368112218,49.4045404821797,1952.45217672334,0.52606153522302,65.854923390635
376.654490682622,13.5487923303721,7.8524294211153,0.344382698995676,42.5841532755912,2096.56056459498,0.678570652827904,61.9562116735983
268.188749034322,60.6653468129704,8.8701236409048,0.303094382356035,71.8273919982144,1928.69744160518,0.539400095580617,70.3634668869774
193.411904609354,25.345597942284,2.45589752198342,0.340768712481886,145.526754545106,1618.17480506463,0,0
323.801860165839,20.1515848370333,8.33206697901223,0.333285085881645,42.9530223007395,2125.06786507761,0.661708881457281,64.9768993997766
207.649676433355,17.1181187852183,3.75857278065123,0.348966419912136,115.965181476951,1906.91751172681,0.755903497058216,49.7659980375149
329.926253161079,64.5999782402373,9.65179572369919,0.355256605728495,99.7906201585747,2498.8360298075,0.540359597350367,72.5823415958025
211.749302284842,91.3892896182704,8.34413244292499,0.315780441516893,68.4194580924656,1858.13754190152,0.580155521592119,65.5223345230917
349.672705499494,51.3095119585921,2.70282946353747,0.350286369001681,95.9592543233942,1886.1892137913,0.516506516751187,47.389591166738
367.402272841556,71.5919890728263,6.72194312397756,0.322800738165514,140.370118152605,2254.71391732782,0.527299984685665,62.3910982005766
250.2754326201,61.8976122549823,9.87159731008997,0.374749536215249,114.562324517239,1961.17473613916,0.549247390684959,66.7796268405762
104.512949133624,64.5743622660968,4.03134549645296,0.356869478563108,145.793714560041,1781.5916082316,0,0
231.163916297952,54.6638767265138,6.62747627451438,0.314542025508175,147.670147311865,2421.05179738012,0.771515726005329,64.1549157194719
299.023502855125,41.1602194236175,5.81382186465782,0.337129934059862,66.0133020110441,1974.18510809586,0.736136276026343,55.7020763754606
205.430456083093,89.1541452581298,5.99857878902424,0.362549824503403,141.89362974311,2457.4781325185,0,0
271.889849167749,98.2715882725519,2.24666796520177,0.322267799185033,142.210573454016,1947.01214701318,0.552342467988658,47.277727429681
186.823541421762,57.4090278978946,4.46730215071813,0.328965275869481,69.2507173885784,2428.32818410381,0.775630854682735,56.0176317441059
323.132947048163,32.1899532592783,0.625880085213407,0.313951529296647,78.9135405048176,1975.35752822509,0.755460230004407,40.1707286332776
287.294961659748,72.1845565365201,1.85135897125196,0.306035276235723,93.1726062016297,2464.28264109772,0.535064261770178,49.6282353344643
285.82047669495,25.3642831084998,4.51419850111735,0.355450685706383,42.5197680664949,2309.51678058804,0.681327899619925,53.757291752013
339.615657522059,54.7750733297104,2.72335476259779,0.282454025672475,148.698855103996,1960.12600171865,0.518560832521723,49.54123953919
337.797922955702,80.1106673029316,5.99955764966938,0.300233998479806,118.211854614532,2251.205922614,0.545927714099592,61.3840170350869
175.986422770653,61.2804533797509,2.71197547965467,0.28755114737654,131.603562459922,2187.74854138085,0,0
202.75750428712,43.9665747666806,3.20138968421589,0.33322741162256,104.978011902631,2197.46631150571,0.743256503667201,51.0542674906756
168.521326061593,8.01011011110219,1.5957379493356,0.289606871837394,55.6369284288079,1658.58923950882,0.756452922638192,44.1356147182319
244.844395820527,63.7368539416626,4.64157678973905,0.364795650910159,116.646501014406,1784.70895114807,0.52180464119618,50.2819917989971
272.754652945245,23.2248336722044,7.43885399422514,0.309009735431659,54.744191936999,1740.86744102861,0.667537875091075,61.1385475530803
341.497096590461,31.9099610530023,4.07196410986914,0.369553205812299,84.245962609642,2011.20324133151,0.699065230405589,50.7316194657141
342.356726364725,68.7290113311514,0.869963881086952,0.357508913315471,111.674225974758,1973.9923806661,0.544991489395343,41.3947118319503
