235.326219761515,15.4395451295537,6.66515318524235,0.323244278489113,146.99132339771,1900,0.764762692625596,59.0271743669222
100.58638146519,36.0455933189038,9.04161617436746,0.345415630614217,48.1516157927056,1900,0,0
166.269043239053,74.9981585599142,4.79170565666869,0.323127355383847,87.7945232896054,1900,0.787126808577154,53.0273831004379
218.981013997052,39.9434599451363,8.75469855941601,0.373857813204392,48.2362201029557,1900,0.744330057686903,61.2957061169341
315.147740267097,54.202935784691,7.64260465358207,0.35124035368277,133.439873647272,1900,0.52443331819844,60.3047523614237
327.479501412262,30.4410218141403,4.76419568872224,0.375516545909683,136.646846354387,1900,0.695745062414068,51.295850441155
173.365334705606,61.1042429956886,6.25086167802947,0.372573125542298,65.4641189483945,1900,0.778483332998998,54.5933286305454
109.988720518395,49.9928244096992,7.20252915570447,0.298575515916309,93.5790934179883,1900,0,0
383.701217738617,75.2962977220616,2.75430843966563,0.346684853952231,112.101195535859,1900,0.57920745015592,47.680203063387
260.056237084794,15.7006187405668,4.81576705694781,0.289602674081072,85.3645458086159,1900,0.736693260252853,54.8013827127417
148.854726944882,98.3821692798919,0.906287101800739,0.378196232369811,49.7857571572468,1900,0.855374074343609,40.9958601362359
211.341271631445,45.0032211319425,6.27926400544198,0.354933093071811,118.938705055093,1900,0.740353100439665,55.7989937395086
184.337214659456,81.2062027425924,0.624158501933724,0.301824139321184,126.506972056598,1900,0.835574828648159,40.1484688265171
272.772155383093,46.184466530827,6.42060847154733,0.341550050049017,117.198541698076,1900,0.751024572978852,56.963261114177
289.514743017099,82.2766143887093,2.33087335368612,0.314341939117723,118.459749180265,1900,0.530435822379809,47.3101688503823
135.240833114707,51.7027362729739,5.29711897335939,0.342891436764165,76.8940540161064,1900,0,0
109.34750776179,57.2906091069362,5.04882372064211,0.331842065381438,116.047198242383,1900,0,0
247.199691114669,5.34542723282008,7.30991424999569,0.359736135359726,130.367294003589,1900,0.753332491959592,58.6179680467159
147.229870037691,63.3107859556861,7.09850571456607,0.330463463350534,136.736311449112,1900,0,0
374.666035492938,27.1900605176366,7.46205787187144,0.297166755593529,126.145621728721,1900,0.706857812300409,64.6806494164012
226.424550346048,71.4324115494444,4.67841608015158,0.330841987677851,91.7420782699602,1900,0.532006234494818,52.4295039024265
223.518383506322,54.8408765332068,3.66920575728975,0.363948570053233,127.075385206596,1900,0.753434605295808,49.1765969039478
146.644807905936,24.5301512380587,5.60339756588713,0.323753627038415,70.5368661627019,1900,0,0
358.777815383002,84.3975141070517,8.65528239069707,0.29621277633216,46.284143047792,1900,0.595513188209993,69.3547819314142
359.410734630121,15.0789578093081,9.31245916702417,0.347469852209278,147.924159248285,1900,0.711012040676818,66.8885038967694
127.539129944077,31.7115724938617,6.43585576604761,0.308082018604369,91.6952501046495,1900,0,0
201.603394718536,47.8396524285733,5.37696603633098,0.318018838669974,56.6482625920554,1900,0.738362047771212,54.7209701193369
304.695048534907,60.6600584403452,5.50536694446494,0.321129807044595,81.3348171626161,1900,0.526758483438252,55.2050833563814
152.500004450469,15.8976351461269,2.034979429295,0.293517571276073,85.0150647422258,1900,0,0
205.494093215794,16.1588425909688,1.83681320885735,0.376771951010792,101.90662776539,1900,0.756689457519476,44.9639896966958
212.020479756747,6.11109100278222,6.12764149998085,0.376240231572559,127.822638853692,1900,0,0
204.425564028897,45.7546352429133,6.25570431702027,0.281645874195956,69.7903991242871,1900,0.750494431137876,60.5919970147579
371.30462672037,34.5783758889015,6.58526747092236,0.331163614978288,80.0901686421897,1900,0.518365423974358,57.9902872694365
152.721547349753,31.8277332247473,1.09131518944535,0.299573927687693,53.1218786385225,1900,0,0
157.356270308392,68.0822385378282,1.0851677855923,0.366624163896157,97.7470025283717,1900,0,0
388.749287323184,78.759641363053,6.21470696094082,0.366598720073315,127.835087998985,1900,0.609777761982147,55.0851941548109
242.233694424953,91.5309587876099,4.42967488634738,0.336976765890414,138.769561195391,1900,0.542250328828521,51.5965164049027
318.968140646065,51.2681668696068,4.65866396562149,0.31247508753103,55.4952055714057,1900,0.510862857824584,52.8788154633376
123.969403217117,88.1983592683888,1.22954654420335,0.319937611601664,65.5690063365658,1900,0.819975711416823,43.7038662583229
164.680779678353,13.2453114970337,4.41640818155362,0.357408068735853,74.2677243020967,1900,0,0
270.209514934534,69.8996430560464,1.60880735672784,0.348253395417066,96.118839635628,1900,0.533900301787498,44.6419165765175
199.325381317538,76.2240935740805,9.94858864649382,0.292500665446358,65.0867706675862,1900,0.863169315170086,77.8795059569785
385.000410789823,42.1707380649322,7.26156190620259,0.341817089637038,81.4748276887935,1900,0.507905624980778,59.4199492960491
275.590693576283,68.3282641639533,4.94977723462489,0.349137753490488,82.678410295967,1900,0.531802401229006,52.5117200730486
135.265053601436,6.49331318010667,1.66143187217741,0.357025488451499,121.814850191614,1900,0,0
184.070373491176,62.4973239976009,7.65333052670822,0.303068245280722,129.351626804219,1900,0,0
143.487662405663,36.9365680651594,9.70535343740557,0.302647145672754,123.133185785836,1900,0,0
313.387217589928,16.7430277706125,8.74794682372668,0.281845683352379,63.3800534283153,1900,0.717926226806333,72.7176501138799
324.547164363596,69.1006747167042,8.90651430551161,0.338190384158321,44.9553519044138,1900,0.52753743448693,64.9990153282387
351.714771805857,57.9801048888816,2.1453636266382,0.353788004197904,146.335391614014,1900,0.518971139301766,46.17867588676
149.14375616048,22.4207953697453,3.25926775180017,0.367311467907535,41.1624081059784,1900,0,0
232.298223471104,43.5930362738431,8.55961842972008,0.287899950284182,97.1632990509571,1900,0.781432199108386,71.1698749765953
336.774827502999,52.5626354849591,4.91827460598663,0.324097511762348,56.1506790210413,1900,0.509673035282683,53.1484411685183
160.983492440767,46.8504946185721,9.95290721625677,0.361659200351192,99.8276699932598,1900,0,0
293.972133428566,66.2359189957493,3.19745561208997,0.331243238107951,138.220594026006,1900,0.524414806485587,49.0100605658947
188.12487057574,20.0304777155131,3.9809167587521,0.322083998003471,90.9297773655418,1900,0.761530538209874,50.9774169337195
302.333170676354,93.4515092199867,7.54934420686781,0.327189750166964,58.9481214014714,1900,0.558239218175994,61.3328905965023
195.281289802125,87.8054342100329,5.59252283926382,0.317391117536148,82.1035652177259,1900,0.556829308062585,55.6303880645793
380.359775968005,31.3629956766989,5.90082731600354,0.33589084109782,70.0147450921764,1900,0.69271266259985,55.5035410171569
172.921616847003,54.0667068116657,1.17595535639146,0.335002114651591,148.197816189084,1900,0.735187702948455,43.1992312076809
306.826749008765,52.3085672343371,1.25652708912827,0.298521988574001,138.573452552852,1900,0.516991746929519,44.2109754587739
141.387804912915,9.09901453734004,2.38131261273977,0.347061315933361,110.768511768329,1900,0,0
238.655760667573,43.922036835789,9.09884131678941,0.343757713210555,74.5134004438778,1900,0.753570182321597,66.0272502437925
291.235456488526,41.2915207602258,6.93398708621671,0.363326115542655,101.96304250559,1900,0.741988767692905,57.1105817415533
123.844985091401,21.4781704455083,6.25895064760814,0.306598780134391,125.339173631094,1900,0,0
256.25145849287,85.4872098349168,0.966859267071078,0.360883757743577,48.3870629729772,1900,0.551834618435223,41.6535038413196
175.653242339031,67.856220113763,5.30647109193466,0.312039509997284,121.247777599714,1900,0,0
215.262358585922,55.0547557519348,3.37937956365279,0.351656667709252,90.6887240977774,1900,0.753838900713802,48.8358045623823
275.399173452134,74.1680801976428,2.82520895654716,0.37213152329018,55.9696578029809,1900,0.52595332353401,47.2750823780031
398.38109667695,13.0425824065548,7.83075311431533,0.350333822345184,49.3881281783332,1900,0.677553126602981,60.1559159262286
110.742970856339,93.3721003488537,9.03625587095913,0.288822581419966,138.427309042436,1900,0,0
181.288106002665,8.0345034324451,1.00021423204772,0.330939484195902,90.9783330071022,1900,0,0
192.484871222448,26.7219805068143,5.71545416671995,0.358844830635837,137.585510227953,1900,0,0
160.63217892328,53.2825804540917,1.92831276284793,0.330536378002353,85.1812454874174,1900,0,0
288.504267740549,19.0960221695972,9.90714957404445,0.285730571018247,101.35873722404,1900,0.753486863335316,79.6873406375861
312.73989522062,29.6944337388021,5.4180632189559,0.34656473893473,48.9923141080538,1900,0.699838037362785,53.3633558532617
261.684970423376,91.1779144645079,5.49445865241697,0.322378522511608,125.576096006497,1900,0.545515740009968,55.2301438034326
120.974084937944,57.2074987560877,7.33989849113941,0.280120305949203,53.7172188195621,1900,0,0
146.661232665777,86.507849653193,8.29220247871234,0.347284403123839,52.3950411119238,1900,0,0
301.03173662607,55.7117669794871,8.82666175300572,0.326663614445563,102.791268205065,1900,0.5306111341564,67.0718599448275
202.033176064066,85.5373800814692,6.38134372094994,0.375982784208006,146.082452778145,1900,0.553533337336152,54.9686724408504
349.618404061484,28.1943366535222,0.567681539381618,0.3198513175838,87.389879364278,1900,0.750362751842593,39.1660653161559
382.313541859672,16.9820195835384,2.61151334240648,0.305979354280986,95.2729630212391,1900,0.656156179309793,48.0895255903008
323.360442099538,67.2092547675147,0.985591187661223,0.301376020435029,126.725129832999,1900,0.532047240192472,42.8404992040887
108.039399142073,15.9081497586991,5.3469993061512,0.343117896479229,104.783490824864,1900,0,0
320.306627585202,32.9892524178998,9.05323289353528,0.315961418188181,92.4318937723899,1900,0.725613670593515,69.4011234042929
202.634693601632,15.1209780357646,5.98451960290132,0.293837017354319,92.760171722699,1900,0.761382686861468,58.6792209034509
336.408417940042,33.1250420219914,6.46995549031994,0.302190881932904,77.7299834734244,1900,0.710042170020927,59.7242063961659
151.558090500336,91.8464115977067,1.88051199202098,0.340601097881893,110.583377740131,1900,0,0
288.644330433969,54.5021812739596,7.63515873082209,0.325010020346022,53.4227580884422,1900,0.519086352373434,61.6992873238606
142.559017813651,31.2226156562972,3.18353801211605,0.328533696165065,101.838481310604,1900,0.748415379062409,48.9244960386581
342.178969117304,37.8287252716704,8.77943034861035,0.36953334896922,140.593653118825,1900,0.735562081494623,62.6642788407429
154.755918369524,52.4627643620567,8.12841656856861,0.281489682269892,77.5622373795387,1900,0,0
155.034736484324,81.0159303460535,5.11943264310622,0.337565951681878,76.6617571738645,1900,0.802629503236082,53.2615403229656
145.968903298652,30.1337059544983,9.77018561804648,0.286540170340984,104.067062215477,1900,0,0
234.503870355064,65.0329562695362,5.42723884546619,0.310086135324507,117.641711524931,1900,0.533170715109203,55.6953382959333
360.377252380649,99.6718663316369,2.57310257761894,0.328968202787953,110.274717335897,1900,0.728150825641806,47.6157362083256
253.536606624044,5.67048915573075,2.36252982383533,0.298144900871386,141.971673439568,1900,0.716830959581345,47.7543320027335
269.301368279263,48.8254562025376,0.635045222079688,0.329895965811695,76.9453799018181,1900,0.783737760647407,39.6782822952592
124.816538971656,55.3103930849104,3.84064109827719,0.341962864619347,86.6727874024723,1900,0,0
238.422333980257,88.5863763112931,8.42534417415412,0.353533252974131,77.3852474286639,1900,0.556838559286861,62.4849591052994
309.367764542391,19.9458938368953,3.11417371003315,0.378519187506212,66.7970798166256,1900,0.640679322971206,47.8161126083447
393.165210758747,23.0726412805696,6.72157675273169,0.321676240880637,84.5109290946918,1900,0.678442947159036,59.0774786355368
208.613702959763,93.4867830966263,2.1174921923207,0.369362529396237,144.623330894417,1900,0.5461751635148,45.7387923478525
134.095015044777,80.4139769286893,3.31152903455289,0.299168664595122,61.9320951588419,1900,0,0
179.517180669375,20.5631376891411,4.06273245448656,0.346134972115628,107.681502268033,1900,0.778283831759982,50.4583169920382
398.538520810337,94.2592597697609,6.62100442435751,0.329153500624492,57.4814905077663,1900,0.724329194612823,57.9299983092892
348.483297771793,11.2413079334554,5.85868001446232,0.327675507201424,68.654021721958,1900,0.712866267082637,55.8043361823695
323.032209520467,41.5471798045328,5.33084929354857,0.319694466644251,128.244190301597,1900,0.516208975533083,54.8755962190363
326.809109558109,71.5544361716092,1.05904093819401,0.294909179170866,66.4880696004183,1900,0.533617227012021,43.3662967766492
392.410532207965,7.33228527768594,7.86327059454391,0.363404736865971,80.9101521572784,1900,0.695313554328143,59.8428374102286
361.10034810101,89.367664694409,0.761030824600526,0.291168382522731,75.5418147924841,1900,0.646372980364574,41.5750475721967
289.706049796671,92.2320945267698,7.01762467055642,0.363132995478052,137.00297020695,1900,0.554031658697841,57.3992584187242
368.574387756774,46.9435728398942,9.0484058106887,0.363672603529127,42.9960275407415,1900,0.504652213321778,62.8926234575129
339.423282834623,26.8538317270449,4.07531882961729,0.307095900286543,110.712947029052,1900,0.690372973847849,51.7466995731719
280.308150368444,63.7451149547767,6.40949713814437,0.289732565261449,66.2968053079012,1900,0.528429362840439,60.3548886305891
355.322753331397,93.0552247444415,7.12853284812036,0.335403759604584,119.965376562087,1900,0.706678483321627,59.7055281470058
147.76839726886,66.3037616510458,7.97526244205416,0.364657700966612,47.6187024601152,1900,0,0
199.221874064855,10.1758222328872,6.50428072853771,0.347640232190129,146.253545855733,1900,0,0
254.721067350674,99.4500454512758,7.09391323956834,0.305309481363741,85.1158940329395,1900,0.556735282377142,61.9761185384604
220.806237608693,34.0341045163725,8.13752021423523,0.307736280946037,131.544916850529,1900,0.715036059334275,66.3780793480308
185.458178694974,28.3470872031562,4.11956695429385,0.308267934733536,71.9028100716414,1900,0.740186023225944,51.7568049438589
363.021716983184,42.2495182458753,0.912699679541267,0.35292224117797,41.7228299645248,1900,0.523062610580568,41.4148349528766
194.600463758532,30.8871021245355,1.47601162552756,0.355671695664938,104.004768224673,1900,0,0
344.758735764024,26.6181580289435,5.5440095814895,0.315707116169869,45.4193798298044,1900,0.674819449889397,55.005212135468
155.894063302249,40.159265531657,8.54134083181256,0.375594957433768,107.118551311898,1900,0,0
352.902051697547,22.221345664478,5.47060165582142,0.375356209381876,108.935814809899,1900,0.679243446444429,52.7602227420848
190.786996968046,78.9823741373357,9.24513803477504,0.340013524679859,126.234687010251,1900,0.871817648251653,67.4200134091283
109.233101501111,61.6392947000143,1.32620936985822,0.35187785191721,100.679241126716,1900,0,0
213.723133289944,35.5737982284638,8.70382231121362,0.370689649133773,92.8630039869857,1900,0.720615120895399,62.2529765468558
218.124786342671,90.9778045051952,8.64391539341549,0.291542230821952,76.977760081531,1900,0.591742408921232,70.8123502823568
355.067219250464,90.4751786496241,8.94387829055978,0.324313538882357,71.3660326511629,1900,0.639870838416436,67.4916860045201
373.788586167955,46.5954131880955,1.18958979281596,0.365735078301655,133.219681709941,1900,0.520783149705626,42.75741850506
178.409137227147,11.9317816912393,3.81575309943055,0.342521751445937,64.2337774423949,1900,0.754581745971637,49.9267688552673
271.992047603087,67.0387695937814,2.66766476047833,0.363622229435498,54.9020174528064,1900,0.525595635129845,47.0678554689109
200.386958448779,84.2346915564841,8.48485539389686,0.287314365962111,102.436574227513,1900,0.884035828908725,71.0809789232192
246.32597934476,90.8504439881875,1.79909762352516,0.377850656307248,117.374784994773,1900,0.546189533712947,44.8773151167343
320.1002230861,65.2879743958625,8.91745334348222,0.352325769315313,80.0211375371066,1900,0.529303537174083,64.4415191506426
297.41471943303,45.6808588216296,2.32141327895592,0.376862683687539,117.325582392907,1900,0.513470269175575,46.2200222407578
119.299856339692,4.61210346768634,8.50460837617964,0.31532334587109,78.0699740290495,1900,0,0
367.855664403158,97.3832479472127,2.48135809531427,0.339700444113095,131.236153727038,1900,0.72531896624974,47.0933414026215
313.957284836314,56.4848162991784,6.88959935729647,0.328693863678616,114.647072902158,1900,0.522339160875718,59.2584652874524
237.972628120615,37.5653610714518,2.56254186581899,0.364502419686939,79.3266440028904,1900,0.668265297255584,46.9244796042829
153.218177939375,62.2081006870502,1.10380471568351,0.286893382115162,48.28431077713,1900,0.753149164503861,43.7175024180753
227.829047099273,89.7284516261493,4.59910003989588,0.327093952508102,106.615795119819,1900,0.546745630038372,52.4793206059233
100.283692189252,48.3847093521465,3.38333488267611,0.301454315136616,138.496792160141,1900,0,0
264.448403184147,71.8637685546713,6.04382812813831,0.350002580441608,144.34154824402,1900,0.538824056232368,55.2885746083039
268.420767310651,92.1379863534622,2.85767306570587,0.353466779941078,87.9327406100934,1900,0.5354062056028,47.7599834960648
119.894231562503,16.4295061779353,7.5551440860674,0.288071964050741,141.08143273443,1900,0,0
218.719042337071,26.5699886859838,2.62824346300209,0.321392138253244,102.167575948905,1900,0.747665710851146,47.8771428194359
254.312329236841,51.9586414056156,0.502697555444676,0.373315167920427,142.486135401225,1900,0.820026414529628,37.3085537962036
357.292127531503,81.5628915307734,0.519421808010473,0.324429387843684,40.1316251604365,1900,0.608661562882934,38.4533181916755
322.251825369627,47.3356542846472,9.41107999046328,0.303820791928824,88.1375907955324,1900,0.525653058338432,72.9997170011742
320.794354220632,21.9032879270499,0.825655354472555,0.303150573586249,107.249963195596,1900,0.672917767424544,41.8030512799958
351.87822081572,89.1862891572663,5.50056365224099,0.307449120630058,127.286366605809,1900,0.622198603294171,56.0923188064588
172.293203431095,7.64764633717984,2.31150989361436,0.362318909765394,146.730064854178,1900,0.75972850211768,46.313962169165
203.005371327897,39.1474234675353,2.0551575568659,0.325142969942888,132.706367812536,1900,0,0
387.804412373602,87.1897635419472,7.19270218101945,0.371909818091124,149.752542559977,1900,0.727058989179748,57.4055822045961
142.669542233055,75.8178202050817,6.85770197292946,0.325245924978689,113.091824877424,1900,0,0
131.031970127207,68.1632487462406,7.94553311048125,0.322683506838198,57.5756497044125,1900,0,0
369.430709975118,52.8820774682978,5.40237027833599,0.338737154072612,42.9570017399485,1900,0.514528510057651,53.4042392111387
133.974617386677,15.1814714841366,8.08491567507346,0.325096301427846,143.994065015474,1900,0,0
320.465802226815,31.1806169292712,5.97391442493811,0.287186381472771,51.3568467606667,1900,0.701449664752966,58.5946734964536
315.42530769808,49.6317970938427,5.36397141364065,0.325524502558985,102.224843414805,1900,0.512238399409652,54.5473715243608
135.982983495967,54.2712715189099,4.25815732742946,0.371630087304127,124.527469386043,1900,0,0
394.600101258898,62.4485445037239,5.98821623234824,0.330399771952947,100.045501385566,1900,0.51638172121142,56.1525921604225
161.536254651006,50.3577409138966,5.14415521442762,0.297243557967124,92.6504896330219,1900,0,0
176.272231017704,44.7681927436264,5.74765329360937,0.299304078613517,119.502453356262,1900,0.751218667165631,57.3631311220385
248.578506287946,54.4479438958494,8.59829030388963,0.332986261082583,70.7911215691365,1900,0.780292291267765,65.0822029337173
189.059123775997,20.3799177677998,7.11422387902444,0.372262402876076,92.3400480689723,1900,0,0
312.855525631208,28.4446161198346,0.888846229257027,0.283701075005527,134.868361239551,1900,0.751837540309223,42.6218742088908
270.80208297646,24.4213811836752,9.13660537553355,0.297071332583865,105.135437872179,1900,0.796482761495265,72.8672890663067
311.432057157681,72.3041881638964,2.96502972659535,0.295926028113219,148.335008605085,1900,0.522838409754421,49.2241293991021
129.470017248826,58.4136744121445,5.70594126362928,0.329094059204743,142.922649395988,1900,0,0
196.032492996922,15.2391237415558,6.30058214724975,0.319022476457648,143.857774794369,1900,0,0
375.18814971272,38.3220951867956,8.30978522397919,0.358015007106396,102.905636885814,1900,0.512329011606698,61.9867447099648
364.463530597558,89.3351599482276,5.63392121284324,0.294064628919804,41.3484415839137,1900,0.698655096590196,56.3220410489918
278.031902345073,16.9467027340523,0.714755959999574,0.346887902069317,74.8434633418136,1900,0.722608398320636,40.0956999034547
252.719130018909,87.7512870800878,8.44054018776645,0.337125436578007,135.622637595997,1900,0.562585506888436,64.535561519891
344.552291768948,73.8430884042828,9.67732527690515,0.363572333487355,58.8171990832622,1900,0.528138183375645,65.8836816225721
341.435275646455,21.5833932308482,8.39506634738354,0.340727965289073,134.716883386435,1900,0.691705088181265,63.8570883053672
141.979425537124,89.0874949893535,4.37027670890008,0.353216585167303,114.614940645599,1900,0,0
279.697237376843,12.5209233341722,5.2711880935746,0.354953294823161,52.0128382043386,1900,0.731059084069763,52.7105666038466
334.095139205709,72.6162716230925,6.67153161614247,0.341767387971284,146.875700156879,1900,0.527874112138391,57.6396392270637
322.44740366762,69.35785099078,7.16044720289214,0.304791639824647,63.4989023828453,1900,0.526731667373301,61.9768667019449
102.779283480825,71.323198945935,7.88696267166604,0.294587997695287,100.378815403131,1900,0,0
157.580251111334,99.1889122140223,8.89576367231605,0.328830733536126,42.1348689674869,1900,0.89831060657864,65.8509999283069
217.473272068498,10.7528118484698,2.69039417596365,0.319583966452266,104.281455414771,1900,0.716749018487011,48.0410823490599
236.356389010984,65.3579293452502,8.11123733298474,0.284821113343023,88.5719788547362,1900,0.81454774875246,69.2468556053703
364.270580436069,51.7696811088233,7.66670122614835,0.283400639933591,61.8111908192119,1900,0.527359230028131,66.6997901715726
375.589338732486,34.9614344457673,9.84258434607529,0.342736577740234,142.063716449106,1900,0.740305635050105,69.8887208580631
278.941661801179,19.3824698773825,1.58706166805432,0.311821096279991,128.801124486784,1900,0.714558106101745,45.2918948759522
316.222825932457,96.0927497661247,7.35057306171583,0.299035393475156,115.372685758941,1900,0.615009520574164,63.9236765246431
365.632182272481,96.5996480265311,6.83886982281185,0.357654083008248,73.6206778303388,1900,0.732933374572705,57.0097799631249
210.603602235249,88.1360199030482,2.17042833979997,0.340994280681197,45.3802053719013,1900,0.544059539741888,46.167460178688
159.525601126469,76.9372357153375,3.94455431377351,0.352426281853261,46.7160602379239,1900,0.784696685685469,49.7825908762812
260.040749184129,41.3839383100825,4.27278122330915,0.339260042628252,115.880504872206,1900,0.712199716321081,51.1453858450316
374.866224475134,64.9017478450567,6.03358368208196,0.352608708498078,100.725423370935,1900,0.520167364287339,55.2144794287089
162.528343302302,73.5306279054198,2.33921265117307,0.37173130481386,94.088466252058,1900,0,0
393.344757730022,10.5525062481877,2.1351537570268,0.292835419925366,102.62016996132,1900,0.661072008106473,47.2329961911413
228.519821233759,59.8733050938095,9.33645703195542,0.356931271886119,129.018669414603,1900,0.810387621108079,66.0421143857753
182.049972963414,58.2089758414008,3.94137563187704,0.289100663507338,127.904482380205,1900,0.750989778201697,52.084812082181
316.928499903041,97.6498033611989,1.13082485557326,0.348428334859259,52.0677630568132,1900,0.616258722090826,42.7495535076314
260.814539473871,17.4509361143449,2.35409221124281,0.37175922830925,95.7300316457076,1900,0.683706889062018,46.3415522642873
215.133901991115,66.1645635544548,5.28247216202393,0.29579678702238,46.6884218690879,1900,0.776658501738515,55.325454963647
216.795124847301,19.5508135676389,4.28390317232991,0.374328612207288,135.211261369868,1900,0.687355801911804,50.2005547133617
165.345279242784,25.7952799365065,9.20602279646198,0.374649002733053,136.252185122983,1900,0,0
350.906818781144,8.16446047887609,2.84624956859227,0.324480923905897,137.813209123134,1900,0.691584682023312,48.240423371212
120.574735942687,79.6882592533251,2.73871143945615,0.304529301260456,111.867139465868,1900,0,0
211.003617938345,30.3058568265257,0.613675337570678,0.286922009136276,118.757676521167,1900,0.802173503189159,40.3721856003957
132.817856420609,80.6337391000099,4.78653767700593,0.366705828800859,84.1981892823416,1900,0,0
370.500098129642,63.8040917150509,7.15023877224057,0.339325672282286,125.704840128611,1900,0.52283253621868,59.3859777447724
111.633887674356,7.70261201363516,7.26823305617686,0.337161796990593,71.0966165337686,1900,0,0
168.938081829289,91.3587360789315,4.89105979210546,0.315766458223392,53.4904555735459,1900,0.556773102520238,53.3382119690652
207.12301713718,40.9172802421691,1.43037254591057,0.367359565728728,134.091195246274,1900,0.73137562918667,43.7100070024648
363.774645321431,44.8093137991684,6.63172154196981,0.286550381102202,148.622066408465,1900,0.515079236806747,62.1613207797793
247.865647303984,92.8774487468781,6.44793400568896,0.300108519448696,113.933251985896,1900,0.559393839388599,60.0322919843109
162.143193596688,48.6084734432148,1.91124617662346,0.371689632699331,44.7967737661507,1900,0.74813394175208,45.0559129694053
197.585172655807,97.2475861661347,2.41762200325735,0.299356239442363,131.075345154649,1900,0.551332269489103,47.7507906440944
366.937608098472,24.7735563139219,6.78631356588672,0.293343372756055,140.717861660239,1900,0.709910667253368,62.115168376949
102.110310246176,80.5192737977095,3.68715581119905,0.358630647311954,48.9221081782315,1900,0,0
153.377931942875,84.2038659070886,3.17755189995816,0.351543223449212,141.59645651609,1900,0,0
327.847024270124,79.2686688028059,4.45718175221093,0.327551424104919,137.305203654562,1900,0.532601347445256,51.993788132439
153.786397377602,42.3680006176094,8.58643061309513,0.316296155366619,67.3024367491075,1900,0,0
254.807979683272,95.335531087744,3.41373767449489,0.293761365712009,84.3575267854582,1900,0.538494033914789,50.4407444622492
189.590384443205,57.4426487726848,7.71113087467853,0.291361372348698,51.4080833562704,1900,0.804115176219612,65.4936026575158
358.253213710377,58.3362827298127,5.61178712741518,0.328584246072716,144.878143844315,1900,0.515554909864566,55.1328423740773
343.72673873162,34.0799945387671,7.86181376895127,0.37337955653407,59.4264960637777,1900,0.700286572583415,58.942048481376
399.70163310963,76.7944898166226,7.99524800772922,0.302972370913533,96.8552849165545,1900,0.596897258176559,66.2677665882892
214.772065221462,17.4158415407795,9.52558176035489,0.28927825138396,87.0920800913427,1900,0.821298784109937,76.2801312118856
255.148960378925,21.1813619492228,1.6047559168968,0.330794103811598,111.397335988554,1900,0.71976585312974,44.9941412625569
321.959571788558,99.3494971658233,8.74530056004062,0.310911764843348,100.895568658295,1900,0.632199803034477,68.8077028144619
222.564617514509,11.4665316408182,8.55017856464153,0.35856690838175,53.8412288994375,1900,0.784033560461236,62.053729716102
375.960144113461,77.8151200294194,3.3247897954472,0.280807025314318,94.8230808957073,1900,0.582998199734519,50.7298502882121
232.321952262448,46.3784599520987,2.74787450671635,0.30495327673907,95.5441530515738,1900,0.72087818123804,48.541909312366
112.237130637464,19.017495455719,5.03001059994889,0.345976508428552,87.6408111127091,1900,0,0
147.987146989449,9.71443071506766,2.30490334284268,0.299608805397034,106.961828391061,1900,0,0
210.259681296559,97.1897002197643,9.30730728088924,0.379295533105107,49.3253959192305,1900,0.563977252985052,62.783438239029
116.9764647883,26.9876787000749,3.53053906948943,0.356535018400163,64.6078394002366,1900,0,0
350.210132118832,42.5523268870674,1.54034844798801,0.313696039945399,79.9128124907282,1900,0.511408975360712,45.0629988141636
363.454445397809,19.5771498456038,4.66287454157392,0.334032541800101,65.9487742895795,1900,0.666579764512152,52.2224329703945
117.102022714836,61.4603731410122,5.51324960586726,0.328409538416418,55.3649240867617,1900,0,0
159.005612264743,46.4226406818414,0.930542350722416,0.302214987873698,120.383298155289,1900,0.73232342612294,42.5027748788412
124.535636917317,15.3551138530067,5.65910674507648,0.36025122469172,71.8943538041092,1900,0,0
270.658447400945,4.44695932919451,6.10108628293055,0.343553716929709,103.026514507764,1900,0.733877031453229,55.871935151436
235.475600435389,43.4136257192606,3.12068992870577,0.357395303402081,51.0702845902094,1900,0.7102779619432,48.068194089589
126.110580856184,88.9856458493536,4.53049375179172,0.354393240347689,143.716669759704,1900,0,0
329.65681366564,33.9000766012274,5.19268243944997,0.292897093777375,80.2763943826037,1900,0.702341352471862,55.8356171266399
318.524962446456,71.2153281214506,6.29969634397498,0.348819332189415,111.46991582804,1900,0.527442970551183,56.1876029167645
143.172944899122,76.1396267477882,8.45226031888075,0.35530848737767,145.887691043988,1900,0,0
283.757844225712,90.8293027316071,9.08753886293161,0.316420281048049,99.5798986199086,1900,0.555771051507712,69.5766040397781
335.855189359079,74.0805875865823,5.09560379140048,0.299232020301884,43.43415706514,1900,0.515905592111149,54.4074687389261
342.318034542354,66.916776887946,2.89953349419685,0.337001388212482,77.2202187970944,1900,0.521135042417499,48.1682786086631
213.153009092321,70.2010102783992,1.93614815931004,0.306136848665103,48.725951534675,1900,0.526146171481446,46.2237520322797
338.801464721462,75.561198049962,6.40130453319748,0.320401366258435,127.022977169732,1900,0.525319976996397,58.1748073562277
117.728035847022,90.5541738067839,8.66204005482722,0.312872469294364,84.8491778057887,1900,0,0
127.012996212238,94.0702122498226,9.01281110602683,0.30722773340385,54.1286733431881,1900,0,0
337.666131677712,47.3806910001683,1.98466778375014,0.280505077895382,119.552291005348,1900,0.508987114715179,46.9978119278417
264.803070578774,38.7803597712852,6.14274244882594,0.31212488162531,114.722091756857,1900,0.719411462520165,57.9619363033182
365.733406501426,93.7041552914009,8.42195091596943,0.345554054223562,71.0514368868633,1900,0.714156709971052,63.095417780323
156.660106290922,95.994828265385,8.21456212552858,0.330703364390997,94.6081382744308,1900,0,0
346.578592618323,11.7555121428034,8.1020674074388,0.368794252628988,122.371272555169,1900,0.669291100975759,60.5149787654824
118.484942254563,37.7289228305021,8.89233417579779,0.287713109964672,92.065015963401,1900,0,0
278.558648772721,5.73078973888686,4.36137898370978,0.376616908854578,137.151787074039,1900,0.727020843216276,50.420871259742
117.36733400836,43.6361834164757,8.45059833704452,0.293661709529247,79.6179337874502,1900,0,0
170.879596827968,63.1360899548671,6.43766453274317,0.339593468312597,123.753169752463,1900,0,0
166.330798197939,19.4533010842324,2.47419947902125,0.318801026752481,47.2517113133794,1900,0.742901283172783,47.3390579414576
179.412089041446,44.0865469244082,4.1350248120143,0.32126641169366,41.1482253986331,1900,0.733514747536916,50.853922975185
278.212964905426,12.2278645105785,7.28716869716298,0.359806148751517,104.995841093416,1900,0.747981735527879,58.3930256355265
305.237198015478,64.5958351475095,0.748846028526141,0.333847294117191,133.828085311505,1900,0.546439291053369,40.626957640673
373.478600722973,36.8610983070124,3.23012349960772,0.325975431504012,104.303240000815,1900,0.507834053923021,49.1920081253363
293.390947828859,13.4806976885721,6.39579127561733,0.281675601444021,144.404986275001,1900,0.739019881114345,61.6176757555152
288.273192752415,77.0801527053567,1.48653680371038,0.312620909793161,77.6522888807594,1900,0.533172804208758,44.8844544062554
223.207616806681,76.5375409451783,4.05635817460645,0.307654418642457,75.466966752888,1900,0.535698098024834,51.6963203428478
208.507971943855,27.4034093790019,5.22679028878549,0.321612317294586,121.97487740371,1900,0,0
240.998547888039,35.5069107316566,3.59544040115707,0.303305703811801,56.5105914456631,1900,0.710246654997854,50.5093890494073
348.615528237995,20.7696339482986,9.0826263528922,0.348541270675362,149.540017992455,1900,0.695237659864453,65.9677517588674
219.721888420027,9.15876675459319,7.22349185368452,0.317146302512845,70.3339687279384,1900,0.777229630519446,61.2054795697495
363.332216362822,58.8926052505067,1.66748720222454,0.299436535799084,56.9153185522368,1900,0.517477057657167,45.6924448869705
340.249254162923,69.5348999583651,9.93394785179297,0.292189364838422,122.680824561651,1900,0.547728962185605,78.7099922847805
343.587224724785,99.1155888504989,9.53249217185434,0.344683566298583,58.7655518493613,1900,0.72925101911038,67.3807853852834
356.365767558899,90.6285423261276,7.99793762062053,0.312066958904799,128.097824386335,1900,0.640550560761165,65.3619380000221
203.283294062343,19.6108269779482,6.38961623368619,0.286825991880862,124.298562607588,1900,0,0
118.765962710069,13.9744030258081,9.59167682781506,0.344589419067067,49.0210830130128,1900,0,0
181.670923724642,38.8319972789657,1.58072340506274,0.366158443463303,147.816271145721,1900,0,0
127.382049034771,85.7273884184227,8.85918465802946,0.290238954577049,115.98796478418,1900,0,0
298.147879644736,72.7149145633121,7.77671974688394,0.31496383532623,72.0992686144928,1900,0.535202171141219,63.6438965340768
380.909825936592,20.9036562532667,7.0701664400798,0.301616924363868,70.1217402224187,1900,0.68687526543091,62.0496939278121
293.680200611748,24.889689862953,7.39219521464605,0.289388700714751,96.4996684873105,1900,0.695752217671561,65.1165360661385
228.36919475956,94.3520432404976,6.2465617373634,0.305062908096731,103.605164639773,1900,0.56162120084708,58.827152117307
173.703577494546,31.155839000255,1.81237197678768,0.301255388935864,61.7495940477671,1900,0.747031482690151,46.1011482402005
206.995949379053,8.97523573791931,5.85561679891247,0.341463922488588,105.607420865779,1900,0.748147483209283,55.2516723730602
306.985439087331,67.4821499402031,3.8543351778969,0.370229448394355,88.2523592220038,1900,0.521170764903789,49.4918533781988
249.589098126708,42.4620772480223,7.00670681829068,0.351814222371117,53.6241669764272,1900,0.721283397008309,57.5898025729421
342.403584010625,72.9040450009353,3.79248647692213,0.367452920863535,57.9893979839048,1900,0.518113484165938,49.2937765207183
200.986390282808,11.8552763568267,3.66683013783588,0.365103229612434,64.7431955411308,1900,0.732571953076956,49.1831394374784
127.719018525598,93.7692894084302,2.53023022357897,0.282121667788997,72.8483719664182,1900,0,0
346.273748178355,29.9116900053517,4.07688234489345,0.313948232906603,125.830598281357,1900,0.693979619760689,51.5007967068858
232.013376720461,69.605684427384,4.68066827939957,0.285396988967016,76.0311508764978,1900,0.533808770647178,54.5463306719582
178.709559978634,29.7354217362055,4.9663239208776,0.346990575648691,103.478288495283,1900,0,0
280.271585360364,94.7472051946056,3.02855840593985,0.304031192843981,110.034273729027,1900,0.544510934162736,49.165756952423
271.684683127828,36.4028782896914,9.00820486235194,0.328121566260042,77.5664739504402,1900,0.747684349019066,67.4151065574936
386.663138728096,94.298445419888,0.937928536573424,0.285166548394613,149.622481716051,1900,0.748656914510615,42.8916348828147
119.021481798324,30.9362520751763,4.77808775651482,0.365354750705438,119.998968235982,1900,0,0
313.493647194656,84.7707859487378,9.07839651734713,0.33996102850697,107.435130828562,1900,0.541710981049248,66.6287447524848
367.935453421474,67.6293687641913,9.27060803747548,0.308455694572039,79.2521103952757,1900,0.536865453014131,71.4550058121628
157.859178107266,66.1151873651328,2.01887168494486,0.376717297683581,62.0749735995744,1900,0,0
366.355738912282,34.3145950982676,6.01777344944107,0.288993684286274,64.9735361495817,1900,0.51991504372349,58.8549720045957
343.005816862993,67.9713677085685,4.74449306210484,0.284649919683656,45.642776352705,1900,0.51775861827758,54.2610040063797
296.317990412588,98.2846191545172,9.76423438110343,0.341641302823621,126.356284509033,1900,0.598301552765978,69.7158711092798
293.892911779575,72.517335465172,7.83947722709748,0.376968306878223,59.3260633416853,1900,0.528358634375506,58.641947989184
261.749840300794,38.9196293470142,9.63486067034823,0.292659098147773,63.2600364149452,1900,0.76755359965714,75.9267651496631
144.643876218624,76.2713599675363,2.77549552195067,0.317627545110249,46.2304208874236,1900,0,0
283.497530375368,33.9997836381938,1.09426377152879,0.307759553691392,126.838033662099,1900,0.719698717539828,43.2951686891517
214.60370193316,50.3064302817587,2.67969408860472,0.293148564796346,64.3730740919604,1900,0.724305184059092,48.5248146867857
236.249661446308,77.8314275828615,7.90184462813076,0.319798248551397,65.6822013116518,1900,0.549470610503575,63.5381897646488
278.095385071925,57.5528888722587,9.69294361352192,0.312180825371145,121.325098870972,1900,0.550198185155979,73.5622897553618
359.762874627457,81.9068166413946,2.63717262369664,0.366784662915942,119.866969588152,1900,0.582592487723208,46.9750900529713
134.219121079388,19.8079232524954,8.97031374908723,0.360134013414999,65.7666608261464,1900,0,0
394.933514886816,25.0715077150904,9.56151135301836,0.342188473502382,84.2427131794751,1900,0.707700429693752,68.1985743358873
355.278987914768,78.6526427432999,2.25105638568118,0.334905696295118,105.026457778187,1900,0.584099384743404,46.7125687693357
237.212082701501,34.125723917558,6.37517401902001,0.303675635635719,94.7325360399222,1900,0.730890508631078,59.3767221746429
346.066438028299,53.0560483945272,8.68777937632485,0.3037979460661,145.093461660454,1900,0.528982041014164,69.648748434103
188.873523201816,65.7182713109483,3.48113359416722,0.31141440359899,137.988810282639,1900,0,0
255.553598022544,45.6088114436171,2.12461146788446,0.302567819398872,120.915961982313,1900,0.71777264078017,47.0265882341769
323.083012971275,24.0735468236117,7.43342106037775,0.296502296634162,49.8727073211741,1900,0.695492476586239,63.6193219681249
216.513557825759,11.6336617600617,6.05960286834095,0.370066909649934,75.3595446306183,1900,0.738028923383203,54.381376460298
181.586698065249,15.955773420987,4.83784304370618,0.358785919716435,60.3832504783216,1900,0.746333445655967,51.6927882546299
180.429483065458,46.8750812102893,4.81038370128949,0.368961053444868,51.7206244477044,1900,0.748335112477256,51.2647197967175
273.294520829571,42.6672115938189,1.65288153792705,0.361146303566486,71.3416139753895,1900,0.716998840239753,44.5837002812772
237.711152130819,29.5814614346598,0.507207222458054,0.288485516818886,148.913004081352,1900,0.823743778491167,39.1283316869414
239.289627427993,66.8339185283908,9.1798391499605,0.296883433897226,89.061216503888,1900,0.564262925709963,73.0283707556128
392.76172387327,67.3045209488736,1.99648135969181,0.282739822919932,63.4763993641073,1900,0.525213887462955,47.0113680577908
334.339010642872,65.4332590938388,8.49468765875148,0.312970689389565,122.230206735654,1900,0.532810604342999,67.3797317298576
162.789158096235,7.75767671286805,5.02272019309503,0.300821949201023,147.175495825213,1900,0,0
382.669115946096,29.106611102786,3.53636170418862,0.332799759094167,96.2269769786213,1900,0.688918926742108,49.6231326455606
116.926186859816,73.7082436882727,1.72961843510793,0.283515454297412,145.211008247777,1900,0,0
106.754557980006,75.637065537777,6.91885935055547,0.29618515438633,141.400347850248,1900,0,0
161.865165739643,89.5290226822816,9.32266990344024,0.340475022736418,97.2627773336129,1900,0,0
189.980479229044,57.2495637006004,3.82295063821554,0.337679833748977,79.025267479698,1900,0.739447060922225,50.1318358492189
212.420349810789,23.8898767765503,2.44880850133814,0.333868680908837,111.549227937973,1900,0.724029031713128,47.2124060505735
352.714385949665,79.5112829287463,5.93893652204365,0.375767367009261,70.6066100049174,1900,0.58144764250195,53.7446781123217
379.620996552146,64.916665818612,5.55370676164589,0.34264677934604,77.7618289826935,1900,0.515465185262567,54.1983404253822
119.062016550949,94.4741730173745,4.15619878345615,0.340068617879362,128.12200271167,1900,0,0
225.762244223176,52.5241769269477,1.2715561573753,0.284875533150967,66.844658202273,1900,0.73459654936111,44.5841410834939
382.248851975795,38.9660054262751,4.54332658518805,0.302899419074114,61.5227412380915,1900,0.502150291242867,53.0506845675908
167.050873081592,82.4875145120435,6.5694140768053,0.31654971425054,135.667458635675,1900,0,0
113.397832531784,36.1573636505329,1.7136411225168,0.354125647015163,41.0724032050406,1900,0,0
102.373171300022,97.8977125969837,7.05398688515094,0.332909985488092,129.492623003941,1900,0,0
166.56462340463,41.1994301075913,8.39938003512849,0.35101468199501,91.5697827648065,1900,0,0
298.489540486791,14.4978216038069,8.60209021736705,0.329788300425092,83.9126461094884,1900,0.692039458778082,65.5710863939172
139.666681674213,6.77345035941686,6.18249188347585,0.360479741250782,86.5817515676588,1900,0,0
309.244056060738,56.3209558572821,8.14573822664337,0.301164791207101,74.2244147277203,1900,0.526721558509953,66.8287838807557
217.666426764251,14.9875524538295,7.44741603353438,0.374735241486493,93.5482538773867,1900,0.740371963250853,57.9230896657415
210.853716177767,92.0933609412776,7.21469398754814,0.345105899847849,74.0880781561308,1900,0.568139647101723,59.0305747240335
387.143674881041,74.4733233568471,9.49386232171782,0.304346823090883,73.8710575820462,1900,0.551162182012471,73.1825279466415
124.90503915343,48.7194671612901,2.26543494248687,0.308518815765252,131.432209559683,1900,0,0
177.565056434668,31.6498701969249,9.17703724992736,0.289520167237342,95.047430010667,1900,0,0
226.812974306612,83.6421985780067,9.3926390372057,0.348210477391103,109.024457968406,1900,0.58313887595792,67.0315739033387
308.992998804067,10.3617647596586,7.44413914818135,0.373620024447193,116.129622904261,1900,0.706130547139232,58.1377914686855
321.573446912349,59.0362052115601,4.10589002579043,0.336907633107788,62.8697180524689,1900,0.521774606128645,50.7828008526517
110.396756947158,62.367474189491,7.23152655170639,0.371992073840185,86.2506331211101,1900,0,0
331.425629545941,35.1816670039616,2.22203052421831,0.343402372184189,105.88499686713,1900,0.703169993987363,46.4942307995173
196.878940361086,39.9978454501386,9.51183520746276,0.377216803183743,83.1885018745425,1900,0.731180879622264,64.3240610943338
227.448163644751,99.479558542728,2.66238876361095,0.343306144928459,108.039137656768,1900,0.548165173565195,47.443075160075
125.228089460091,64.8610928576981,6.19917983457387,0.361194121526123,41.8090299198796,1900,0,0
206.499255842536,82.8076931680257,0.71867216320193,0.368912123669733,97.6604192157287,1900,0.563994943162988,39.7333288441526
138.664339940654,62.8485382648306,7.89156720552086,0.375925325229312,100.124545740584,1900,0,0
194.195220094384,10.0795832342283,3.35189330420779,0.311938554426305,142.680127731988,1900,0,0
381.748458598951,10.5983725137063,3.93889717215644,0.340524500296956,142.848922315719,1900,0.653177098498263,50.3331208887672
328.322258326618,46.4828432950865,1.92413647467909,0.307892733920561,86.8105359188821,1900,0.510671251397817,46.3329102168611
342.884587991966,71.1501596450455,4.74033053597137,0.287245795552542,72.6984407153514,1900,0.521948580855728,54.5981639642844
133.663532930733,69.7036445015216,8.52966939411754,0.294624935772437,40.6152137211925,1900,0.992682648275364,68.648254748728
159.209680240614,39.223846212468,9.14639736862141,0.313251495372121,78.6689912252533,1900,0,0
276.562582162247,52.3466965208986,4.58483443813595,0.334993388630845,95.8723935571963,1900,0.515307032629164,52.0441395648915
102.874502948871,22.1903683737318,3.0965112970088,0.298301592364326,48.847163090523,1900,0,0
182.810451428288,16.5044622231576,7.25653003104053,0.335360041915153,59.4769453883768,1900,0.807124106446591,59.645730230754
294.717040105041,60.7481457107743,7.01540406097577,0.345901074780139,112.307965938952,1900,0.52419097466752,58.4578483389849
158.53531651944,40.6831985262214,7.85655488882294,0.334204187430527,141.905589919391,1900,0,0
302.108814435821,39.0732902227747,4.33057115135293,0.368723543909218,131.85873916512,1900,0.72746977107625,50.4386831068393
131.837849337861,14.742543095974,0.70516936354874,0.288101416612468,77.8143105926642,1900,0.834128376044736,41.1904485085843
239.605270189316,98.6319345857979,9.65832789707429,0.282836785026262,42.8855533935238,1900,0.569428183127456,77.0299803309598
137.391810803144,45.4225874967753,4.99903433281561,0.345224583820428,65.8507562767917,1900,0,0
258.114780967944,78.7154155553832,8.96494621178629,0.297575678514196,112.428867923096,1900,0.570331344100452,72.0267224500393
178.593389596965,76.4520508976612,8.75751897627229,0.328925164091042,100.574959636063,1900,0,0
148.54862677854,87.4206110260497,8.67025277369588,0.33838387873954,71.4527865578565,1900,0,0
231.364239900793,82.1112587023196,4.16680449138786,0.312265268084024,80.1553600131059,1900,0.54590285959668,51.7681102913465
266.789396092953,55.3181335936528,4.12557037975235,0.31648616041207,106.059439369873,1900,0.51873969566595,51.6399553274261
192.032735885308,30.061656411641,6.32048504764446,0.377276789468301,131.654462320536,1900,0,0
319.439404349018,89.1486186106412,6.79755808452782,0.291715471650275,120.282025997217,1900,0.560097417225959,62.2860571118874
203.664394304516,85.246224265441,3.30389198630705,0.370539942013503,54.5797812093208,1900,0.538546343255851,48.1870915629827
112.682338768581,6.67925315833773,1.49802895927372,0.365823068736889,65.331131672093,1900,0,0
225.020823459737,10.6689686756078,0.675406412016432,0.292330765391276,64.6519164359035,1900,0.780453310732976,40.8399480360984
198.554290979039,71.3763215627276,1.90628383107862,0.295310198702928,68.7522386391554,1900,0.533644702981589,46.4880497693374
208.780198574572,30.6946927796183,3.71753171767823,0.355991906473439,137.721396447909,1900,0.667347914572182,49.4566522249859
115.671330722332,6.70743056112841,0.797752581728378,0.298166701851914,121.726635849863,1900,0,0
322.10206692199,62.1558204996746,7.5035843135577,0.339384152926664,97.1155955416224,1900,0.530620611336251,60.6367016610452
122.674269582256,8.87190308167624,4.70809110490411,0.326483208296659,91.5082064350416,1900,0,0
188.790841204411,15.3111902368499,4.38432904596021,0.359175189731409,43.0910010959188,1900,0.730650347214122,50.3622226669093
228.669209982102,39.657813991461,1.34384852903781,0.357869331820249,87.4827547920934,1900,0.709022598412441,43.5506824423037
307.107371191144,4.93430813191689,8.37614320770492,0.335585230692818,69.1666307008044,1900,0.741171120457396,63.9020702557521
169.190050031746,49.676920045552,9.43427800093683,0.367997640254101,80.6804290957488,1900,0,0
336.014444745169,17.1233234828935,8.33874306199692,0.302459961180984,59.0544435005562,1900,0.733649362509735,67.3306761676116
326.106411191743,74.0155278705632,1.64340978882343,0.362140016512965,121.590794255957,1900,0.529632379594586,44.6421322094054
203.911492153026,69.0308113335078,2.12392881936612,0.294428101276854,75.1788686537013,1900,0.531927756237153,47.1546805533313
170.174564552346,59.4397571199952,8.05803736250237,0.337080807460699,114.15368120066,1900,0,0
311.164098001088,60.0576111717515,4.16811986278317,0.319473004101066,114.81760918832,1900,0.52159117064985,51.6420036629143
224.486344782777,49.8622379066896,9.03211296063855,0.344630264433887,98.7624897515884,1900,0.77478574619246,65.8619549632087
381.271773380881,40.6644631361896,6.47979970818318,0.334578432475688,103.411055238324,1900,0.508216654303907,57.5549907989663
293.21808096583,8.20347521470925,2.87162393934702,0.319241991610049,125.516737629874,1900,0.730809752699801,48.5230438257421
130.496293342923,87.2357641668122,8.2830500483876,0.295538993840638,142.612323831551,1900,0,0
331.264541416577,96.6483062217689,5.6200525375592,0.303048642553546,145.606976608508,1900,0.632134898446227,56.8001672162725
306.307632452305,91.3606664432954,2.42572310561882,0.31232337580374,41.6065579309544,1900,0.585523624669179,47.1817730477718
132.203294950441,77.5429047499349,8.7183510747318,0.29091417952994,43.8129621679051,1900,0,0
160.832215646382,33.030346238099,2.60830880366513,0.315549842775997,144.752988900561,1900,0,0
376.875484669841,36.5763489213263,6.18638204358881,0.317881183913312,81.4175435817415,1900,0.510056987531227,57.4871545453364
160.115921876192,50.375536072309,2.86089430444698,0.309438809788412,104.79811758066,1900,0,0
111.843538619432,60.3967667644352,9.16354584149821,0.374003625529481,103.943603951241,1900,0,0
263.605270484275,62.953739802539,6.53065733569167,0.378081771056253,86.052573360604,1900,0.525350114037605,55.2935279646665
101.12898970396,28.0618605998526,1.88334521471072,0.372455872111456,98.9892997062691,1900,0,0
271.248443989903,61.0068709845593,2.75959912943577,0.306744830747536,81.1317037952659,1900,0.517650631689485,48.4336784289189
238.92568179389,40.2203314521574,7.97708957786173,0.28674882619832,132.111777648119,1900,0.762568288320623,68.4714459556693
351.528588961629,31.7888303322283,8.80702367059598,0.314398638655901,104.227998238184,1900,0.720326763091672,68.6599400972324
276.836883481817,98.7118309069677,5.67298497192341,0.369341997360101,52.9479892844119,1900,0.549787986202747,53.2021484520897
115.01404202054,67.3937442387012,9.11390574962241,0.28096781080874,120.447224137085,1900,0,0
302.664436677044,42.9329489709261,9.57325529516653,0.294860675843898,49.2935423798991,1900,0.740071142452599,74.8095336840359
138.364815690351,17.0892880847122,3.35555503043193,0.309482073399671,70.0518302677937,1900,0,0
379.52382935668,35.3244853390373,5.19589144210286,0.293627378594691,50.6399517658835,1900,0.505210740327084,55.3724120595316
110.867405877377,9.04687578960415,4.29400047884079,0.284330750578107,84.1316913934933,1900,0,0
309.604250307637,41.4651193609093,9.57832533237147,0.371155144645134,113.288218282217,1900,0.756644457034944,65.3566175098414
327.314081515393,74.5358130849285,9.50679243983677,0.376652906062922,143.400176462539,1900,0.539891327441368,64.6399986348107
307.670279588016,79.9032733090679,7.51447075108389,0.32343894681195,67.8129452665259,1900,0.535915781608983,61.708289311785
221.062134547121,15.2186173144619,3.88795003521428,0.295810983405719,74.5800672043934,1900,0,0
365.04760888309,92.6166098782314,3.77457318636043,0.378627341524412,108.408716606777,1900,0.726247510190569,49.1817404642183
244.118900036427,71.1521008858991,8.01256888163408,0.349973919203956,119.042667987846,1900,0.542784493821198,61.5570563523329
283.662586487871,16.8279145787516,8.05413830500047,0.34885255334161,72.2779388183873,1900,0.700446211631755,61.4982931800815
139.188816191194,77.9232331586215,3.8988294480915,0.320991492331977,61.1850322933201,1900,0,0
347.72103559091,76.6378217465729,3.74069107156055,0.378915614002455,98.9127232144156,1900,0.530128428872507,49.0895575322317
239.35633493994,82.8330919368451,4.39925876873176,0.371882001432426,70.9926433245693,1900,0.536948332045131,50.5286089035622
373.302106941972,62.7555533583403,5.76223812051186,0.294846080403692,90.0020175620637,1900,0.521155234280967,57.7637339193948
328.630238482894,60.2674872682264,7.2186088588828,0.324235184970744,44.0859181615534,1900,0.525151842302746,59.8428060667022
164.3909121011,83.1444157166485,8.36877805731652,0.322262358065593,142.705369019376,1900,0,0
142.126542023992,97.1273426239573,4.97292399955284,0.374360759572445,52.7802674815137,1900,0.848894552037365,51.4185614803546
133.322650306669,9.47289506379203,2.19948002254309,0.320664338270595,98.359308542433,1900,0,0
167.642267402475,20.8246314016942,9.77308369404182,0.360845063860453,126.075909595037,1900,0,0
166.803361180299,83.539233625805,2.94754455875817,0.280278847098649,76.3731760754208,1900,0.804759600938627,49.6152508582087
166.983717678768,5.27043261602334,4.95150178067306,0.332254277491963,109.291898046371,1900,0,0
239.79800217284,68.2864078319637,0.80327664640239,0.351128826062308,47.5881624363332,1900,0.544165101172323,40.7273277905283
195.52779418101,85.9031485155608,1.78812303718141,0.30254398544234,44.0582192689432,1900,0.539194020710251,45.8524652520967
341.857308973275,40.3378267313977,1.24055534584326,0.309536332866645,47.2965907091745,1900,0.74690703504667,43.9436910622898
274.909952810213,74.3337019439997,7.96924361472353,0.361566789635328,133.249289854065,1900,0.53929651762386,60.5117508334318
357.904211346815,42.5083832228734,2.19018838491091,0.370358252572063,129.298108217419,1900,0.509571453723551,46.0075633673501
319.162009944522,93.7464523999612,3.61773057611032,0.36263165616397,75.6373236166045,1900,0.590283297451659,49.1609976696672
308.238881712184,50.6142313473775,3.33030390663835,0.345352892878995,120.877459527419,1900,0.512016206340473,48.9715257579916
354.343201968321,55.8341102339561,1.48837319556029,0.378442177178922,133.035549312225,1900,0.522127665602807,43.7813476196709
140.145787753845,8.30121310451054,9.5214028908334,0.347109192318862,45.8130595923962,1900,1,1
138.111000961866,26.4749193478055,2.46683717435476,0.300415024782518,114.917718376148,1900,0,0
241.68880762285,81.9599586458774,4.60952288466076,0.294517802556714,130.555317321429,1900,0.542385969496385,53.9581362905465
188.047586010409,16.2155977953052,0.946438023169944,0.300171452229004,51.4755119381795,1900,0.744291018172569,42.6304912596371
297.686798262324,47.1520833799754,6.97271467078814,0.290049937489601,50.170281443334,1900,0.519903445132222,62.3273722646359
170.544114780646,70.1121152073706,1.56261875229584,0.342107548348126,106.197635313235,1900,0,0
161.965088227663,49.1634208667306,4.63670314859636,0.348162330155323,112.629460738821,1900,0.767501882124064,51.724075762618
281.225510868566,6.60664621486894,8.41421117927865,0.312794576863617,46.8627698861003,1900,0.748047689024909,65.9521553107998
282.627244741353,71.4588388310639,1.39785023200324,0.298455459473614,145.046176044427,1900,0.531925634301571,44.8904543227378
398.008767099876,26.8301578283998,7.95022726075158,0.372082146054325,52.2802346693042,1900,0.689550039393978,59.1118434842713
395.880309385131,26.1270757095666,4.36387850130344,0.291892470447762,40.5932639145823,1900,0.684247549509381,52.4562232537689
314.6945472562,12.8352945974324,6.59645122875334,0.377510480932416,110.82366417865,1900,0.665399230554781,55.5526795008948
345.135548318601,57.5094124482904,6.27445116714141,0.301223320024304,133.358319807853,1900,0.525393124676651,59.1768793841799
212.051265781239,62.3156641546705,0.592377763820495,0.372684654872515,89.7881190640738,1900,0.812750661985094,38.42042963139
143.992029779661,12.1337618988733,6.03764830175267,0.346829274082685,135.764830666981,1900,0,0
331.681453776791,22.9872113256168,4.56346512006236,0.302663386000779,130.228270016404,1900,0.681026790876267,53.433283395272
291.622919998555,44.6785956984987,0.807631515332204,0.295231054496274,59.7191545029306,1900,0.767061919623551,41.8363621562332
396.346718264784,21.6690151038186,6.73935584418561,0.351983403140167,52.3474720076481,1900,0.681386145999339,56.7657239820914
329.277313499723,89.0526357273622,7.88034329697526,0.289891757392221,90.7233137277479,1900,0.577982601734131,67.3624213907655
390.443316548787,91.4522975938777,2.16318631847625,0.335731185589452,142.228863381105,1900,0.724600672039916,46.3939707815163
143.677277107963,46.1345367184679,9.36325914270521,0.33272053263761,113.160225527271,1900,0,0
313.039380869604,18.2252571012618,3.63408491222282,0.302332818891395,43.1513405750459,1900,0.713476435436768,50.338904174485
187.457791247646,53.7606243212445,3.21275292527539,0.346186372210685,149.339714685714,1900,0.737988093987181,48.5952257130836
279.197342019043,81.3230547484287,7.22706246701902,0.325887465916091,103.571326567426,1900,0.543482452452667,60.7702539001249
243.449818725669,62.6290977064267,9.50061249689951,0.329307164944563,129.778753127614,1900,0.810321810499148,69.9485288042883
269.816774959215,70.5554163511409,8.38805459758447,0.327473363691467,75.3728013817379,1900,0.546545745879187,64.8977696444868
371.096601085231,49.9499175361176,4.81990347623567,0.358417279512122,52.2433576858977,1900,0.512915055067713,51.6141185299192
228.73558399805,73.6644392425789,4.40860467159977,0.31693680673976,45.5169396750067,1900,0.527479396270727,51.8552600913214
126.017151909707,33.4744089784229,9.89283427998791,0.351705222744165,136.306040684919,1900,0,0
327.689873156994,7.52535959592604,3.15799736749052,0.29610163125822,47.7044792303259,1900,0.721435405649746,49.4934399877748
214.063759390074,53.2434530735582,3.37670878149694,0.330078124287528,96.401652536013,1900,0.729384358034217,49.3519723471699
249.520091296798,24.331394584638,4.6250169121232,0.299756134906869,59.1051473255403,1900,0.740750774153201,53.4623136959595
189.172270925155,96.9131200690291,4.66644178514855,0.298607206678666,49.8240906854673,1900,0.563105829133671,53.4527015687471
282.407282584064,78.5089754164449,5.04173373229627,0.347741742974315,48.4650072769534,1900,0.524369938527685,52.344022622049
352.282259738603,64.2305316211971,2.28700152018309,0.370749075515958,68.422265859719,1900,0.520902294213845,46.1808234647119
289.004708520493,42.3444589720022,5.17803669922714,0.340329941586778,105.500374669488,1900,0.736591961821331,53.365875450534
253.020905975143,91.6850950596078,8.8713233860144,0.305832851392154,70.9106689022643,1900,0.568432339544768,69.6919380201977
373.291544472161,57.1259246161777,2.27566419771097,0.337862437960485,66.4295962693058,1900,0.513228431998291,46.6249129721259
205.778473311262,76.8929346615084,0.545298672753213,0.328293602172385,63.6628748370312,1900,0.857921706721751,38.7300254843181
106.408856391779,44.2718408946259,2.56129015376461,0.367801983415649,75.4888990088882,1900,0,0
113.7972724854,37.6170824288815,5.55949200829725,0.347539833391766,142.98914824342,1900,0,0
335.296834819177,76.5973665262663,5.44220802631837,0.340824093850343,80.5653468234227,1900,0.521832804872794,53.9953144720056
390.905115387548,81.7638724222834,7.67286914060541,0.369015077886484,43.7507917956107,1900,0.610350279838304,58.0679845839262
319.995707066746,43.286365550825,6.59077403977623,0.361911382432732,72.5820268377438,1900,0.513555133524302,56.1377638734182
184.523010842761,79.7365340697415,7.04838166902641,0.339866792520375,133.146521461106,1900,0.831566421183111,59.0045441746298
